0.884736 0.0591862 9.9982E-05 0.0558782 9.9982E-05
0.932026 0.0204332 0.0396188 9.9991E-05 0.00782218
0.822778 9.9973E-05 9.9973E-05 9.9973E-05 0.176922
0.76564 0.0972196 9.9991E-05 0.083631 0.0534091
0.880813 0.0350545 9.9991E-05 0.0499817 0.0340511
0.647154 0.0726415 0.165505 0.0420262 0.0726725
0.865325 0.0372543 0.0837432 9.9991E-05 0.0135772
0.715852 0.101277 0.129617 0.0531539 9.9991E-05
0.791675 0.12196 0.0861657 9.9982E-05 9.9982E-05
0.723704 0.0014125 0.0958198 0.0649625 0.114101
0.734486 0.151395 0.0602003 9.9991E-05 0.0538187
9.999E-05 0.524023 0.108307 0.0870805 0.28049
0.00208897 0.325477 0.0266627 0.141277 0.504495
0.0474334 0.420884 0.172162 0.118864 0.240657
0.0353131 0.404429 0.0679661 0.184961 0.307331
0.174215 0.158249 0.107925 0.117102 0.442509
0.076981 0.123955 0.0414448 0.111636 0.645983
9.9991E-05 0.218874 0.202314 0.0457688 0.532943
0.135423 0.38636 0.0449285 0.060549 0.372739
0.0412548 0.648321 0.18045 0.0747643 0.0552101
0.0603682 0.235314 0.193855 0.0905732 0.41989
0.0826213 0.167965 0.192311 0.128585 0.428518
0.0570931 0.152629 0.110804 0.0357243 0.64375
9.999E-05 0.390067 0.166201 0.0971912 0.346441
0.0904457 0.0741663 0.0140173 0.0617138 0.759657
0.0323207 0.240032 0.0522437 0.16685 0.508553
0.000818324 0.513165 0.112367 0.164283 0.209367
0.0409483 0.388385 0.155331 0.196326 0.21901
9.9991E-05 0.457085 0.230386 0.0543621 0.258067
0.851518 9.9982E-05 9.9982E-05 0.0730035 0.0752785
0.840079 9.9982E-05 9.9982E-05 0.0402479 0.119473
0.799676 0.00258899 9.9991E-05 0.0404841 0.157151
0.757113 9.9982E-05 9.9982E-05 0.0693638 0.173323
0.0665532 0.0997741 0.185121 9.9991E-05 0.648452
0.0653073 0.136248 0.153799 0.0809613 0.563685
0.0185865 9.9991E-05 0.279804 0.00716751 0.694342
0.101696 0.626153 0.0453268 9.9991E-05 0.226723
9.9991E-05 0.0387088 0.487904 0.0208773 0.45241
0.0565261 0.135967 0.200128 0.0930956 0.514283
0.028622 9.9991E-05 0.189711 0.0220213 0.759546
0.140775 0.0322647 0.158978 9.9991E-05 0.667881
0.105334 0.0934329 0.119522 9.9991E-05 0.681611
9.9982E-05 0.214865 0.444168 9.9982E-05 0.340767
0.0562 0.0798645 0.168387 0.102291 0.593257
0.0394162 9.9991E-05 0.199166 0.0832489 0.678069
0.148644 9.9991E-05 0.148047 0.0790412 0.624167
9.9973E-05 9.9973E-05 0.481636 9.9973E-05 0.518064
0.0596829 9.9991E-05 0.225193 0.0582479 0.656776
0.143779 0.0702179 0.211066 0.0584978 0.516439
0.0928366 0.0150113 0.891952 9.9982E-05 9.9982E-05
9.9982E-05 0.498439 0.236379 9.9982E-05 0.264981
0.039619 0.215341 0.603511 0.0345019 0.107027
0.13378 0.189777 0.102743 0.0778353 0.495864
0.113624 9.9991E-05 0.0707523 0.151654 0.66387
0.0648158 0.193607 0.0209808 0.0918194 0.628777
0.0661831 0.367391 0.26061 9.9991E-05 0.305716
9.9991E-05 0.262432 0.0586122 0.041053 0.637803
0.0826353 0.104296 0.0792786 0.189433 0.544357
0.106005 0.190527 0.231489 0.00923136 0.462748
0.194385 0.37828 0.268541 0.0783503 0.0804437
0.0596799 0.0541154 0.188368 0.0878924 0.609944
0.0671389 0.256633 0.20465 0.0122585 0.45932
0.0462246 0.516176 0.34443 9.9991E-05 0.0930697
9.9991E-05 0.288542 0.122407 0.0201678 0.568783
0.0111431 0.0393884 0.21028 0.151634 0.587554
0.123161 0.133556 0.0383663 0.0317742 0.673143
0.0416856 0.212622 0.278684 0.0623469 0.404661
9.9991E-05 0.18365 0.184994 0.106949 0.524307
0.106511 0.194002 0.0315019 0.0102078 0.657777
0.0442479 0.358538 0.268253 9.9991E-05 0.328861
9.9982E-05 0.0938805 0.248772 9.9982E-05 0.657148
9.9982E-05 0.218137 0.424088 9.9982E-05 0.357576
0.0429513 0.121733 0.108347 0.0647655 0.662204
9.9982E-05 0.0211872 0.788419 9.9982E-05 0.190194
9.9982E-05 0.0831481 0.73792 9.9982E-05 0.178732
9.9982E-05 0.0372078 0.507975 9.9982E-05 0.454618
0.0414159 0.13633 0.182248 9.9991E-05 0.639905
0.162173 0.0147438 0.0942821 0.0669096 0.661892
9.9991E-05 0.0967814 0.295083 0.0207491 0.587286
9.9982E-05 0.30883 0.332287 9.9982E-05 0.358683
0.0194024 0.377885 0.274721 9.9991E-05 0.327892
0.0525579 0.116737 0.101074 0.0728371 0.656794
0.00840723 0.126185 0.378516 9.9991E-05 0.486792
0.0745362 0.00795436 0.328949 9.9991E-05 0.588461
0.00837101 9.9982E-05 0.45731 9.9982E-05 0.53412
0.0116347 0.09268 0.773244 0.01744 0.105001
0.025232 0.0586328 0.143913 0.0610518 0.71117
0.774424 0.0785872 9.9991E-05 0.0807998 0.0660894
0.922133 9.9973E-05 9.9973E-05 9.9973E-05 0.0775671
0.876829 9.9982E-05 9.9982E-05 0.0356765 0.0872945
0.897371 9.9973E-05 9.9973E-05 9.9973E-05 0.10233
0.879732 9.9991E-05 0.0156499 0.0398586 0.0646596
0.941104 9.9991E-05 0.00650068 0.0306033 0.0216917
0.938399 9.9973E-05 9.9973E-05 9.9973E-05 0.0613016
0.120475 0.170792 0.0914387 0.0668796 0.550414
0.0409741 0.130458 0.055306 0.158983 0.614279
9.9982E-05 0.171419 0.596871 9.9982E-05 0.23151
0.105991 0.128252 0.115943 0.063946 0.585868
0.0075557 0.137438 0.297867 0.0347424 0.522397
0.0821581 9.9982E-05 0.19167 9.9982E-05 0.725972
0.0976089 0.0196393 0.264789 9.9991E-05 0.617863
0.0417562 9.9991E-05 0.29555 0.0458154 0.616778
0.00773811 0.311109 0.559272 9.9991E-05 0.12178
0.140047 0.116694 0.172816 0.0767098 0.493733
0.052758 9.9991E-05 0.170501 0.116356 0.660286
0.116161 0.141484 0.0443616 0.168623 0.52937
0.0106826 9.9991E-05 0.48543 0.0134442 0.490343
0.0040847 9.9991E-05 0.339958 0.0353148 0.620542
0.0534671 0.142065 0.2013 9.9991E-05 0.603068
9.9991E-05 0.00989522 0.472803 0.0718347 0.445367
0.0787426 0.140794 0.201827 9.9991E-05 0.578536
0.138796 0.0945234 0.0395214 0.0633036 0.663856
0.0388516 0.391145 0.306354 0.0713883 0.192261
0.101959 0.310494 0.0548195 0.0662911 0.466437
0.126311 0.176624 0.0307625 0.00932367 0.656979
0.101373 0.22065 0.0101073 0.0664655 0.601405
0.0342925 0.272715 0.165926 9.9991E-05 0.526966
9.9982E-05 0.30258 9.9982E-05 0.129516 0.567704
9.9991E-05 0.439337 0.0231408 0.0582034 0.479218
0.123756 0.157842 0.120332 0.0863433 0.511728
0.159729 0.133919 0.0822835 0.0431893 0.58088
0.0688649 0.197832 0.0519658 9.9991E-05 0.681237
9.9973E-05 0.366538 9.9973E-05 9.9973E-05 0.633162
9.9982E-05 0.255005 9.9982E-05 0.13165 0.613145
0.113052 0.191358 0.132699 0.131003 0.431887
9.9991E-05 0.19188 0.114347 0.0758906 0.617783
0.116771 0.0642838 0.137479 0.134907 0.546559
0.0288132 0.193032 0.152167 0.126408 0.499579
0.106861 0.241038 0.154744 9.9991E-05 0.497257
0.0120475 0.243612 9.9991E-05 0.158984 0.585257
0.0222796 0.0635465 0.144143 0.0566413 0.71339
0.000912776 0.457413 0.220008 0.0886042 0.233061
0.0243564 0.338749 0.377662 0.0605475 0.198684
0.0719231 0.191336 0.00501871 0.0582694 0.673453
9.9991E-05 0.320429 0.501298 0.0601227 0.11805
0.0429557 0.371325 0.23583 0.00577366 0.344116
9.9982E-05 0.398181 0.0970585 9.9982E-05 0.50456
0.0353569 0.528623 0.0206539 9.9991E-05 0.415267
9.9991E-05 0.481565 0.1099 0.0223396 0.386095
0.100942 0.196868 9.9991E-05 0.0761581 0.625933
0.180844 0.0396203 0.112174 0.0456306 0.621731
0.0652276 0.169545 9.9991E-05 0.0207418 0.744386
9.9991E-05 0.324893 0.406373 0.0485818 0.220052
0.131025 0.112115 0.140911 0.0242621 0.591687
0.0704378 0.0682234 0.309275 0.151704 0.40036
0.202089 0.146059 0.599914 0.0141133 0.0378244
0.108509 0.0253598 0.107804 0.0480996 0.710228
0.117862 0.0260656 0.389551 0.0481422 0.41838
0.145248 0.00293373 0.220837 0.0988784 0.532103
0.148401 0.131058 0.454706 0.0383472 0.227488
0.103635 0.187526 0.430748 9.9991E-05 0.277991
0.100933 0.0666765 0.309926 9.9991E-05 0.522365
0.0503375 0.195939 0.174211 0.195579 0.383933
0.0291215 0.261971 0.160087 0.150935 0.397885
0.0673253 0.082795 0.63084 0.153238 0.065802
0.145516 0.0833298 0.0923262 0.106962 0.571866
9.9982E-05 0.114234 0.420594 9.9982E-05 0.464972
9.9991E-05 0.0991859 0.382746 0.0615007 0.456467
0.14821 0.0824943 0.0924269 0.01814 0.658728
0.316981 0.0367727 0.240594 0.304414 0.101238
0.607486 9.9982E-05 0.2303 0.162014 9.9982E-05
0.521609 9.9982E-05 0.322818 0.155373 9.9982E-05
0.436907 0.00264306 0.126617 0.385146 0.0486866
9.9982E-05 9.9982E-05 0.218324 0.0442625 0.737213
0.158894 0.0815096 0.0615499 0.0640343 0.634013
9.9982E-05 0.0429474 9.9982E-05 0.702417 0.254436
0.00109802 0.128422 9.9991E-05 0.536885 0.333496
0.044445 0.0634979 0.11502 0.388932 0.388105
0.0146509 0.00882358 0.536998 0.0315512 0.407976
0.0896892 0.043739 0.158619 0.042662 0.665291
0.020638 9.9991E-05 0.723149 0.079174 0.176939
0.0221235 0.0709637 0.215312 0.0944629 0.597138
0.0361897 0.0516606 0.299994 0.0331411 0.579014
0.0324142 9.9991E-05 0.263739 0.098706 0.60504
0.0361195 0.0686734 0.655164 0.0177085 0.222335
0.0861149 0.00339673 0.104976 0.114293 0.691219
0.0659542 9.9991E-05 0.203616 0.138645 0.591685
9.9973E-05 9.9973E-05 0.00526942 0.994431 9.9973E-05
9.9973E-05 9.9973E-05 9.9973E-05 0.956563 0.0431368
0.085451 0.0247596 9.9991E-05 0.577628 0.312062
9.9973E-05 9.9973E-05 9.9973E-05 0.641295 0.358405
0.00145146 9.9991E-05 0.0790847 0.825036 0.0943281
9.997E-05 9.997E-05 9.997E-05 0.9996 9.997E-05
9.9973E-05 0.0451875 9.9973E-05 0.954513 9.9973E-05
9.9973E-05 9.9973E-05 9.9973E-05 0.904613 0.0950869
9.9982E-05 0.0412542 9.9982E-05 0.938636 0.0199094
9.997E-05 9.997E-05 9.997E-05 0.9996 9.997E-05
9.997E-05 9.997E-05 9.997E-05 0.9996 9.997E-05
0.035075 0.0225827 9.9991E-05 0.83783 0.104413
0.0465399 0.00412779 9.9991E-05 0.856069 0.0931637
9.9982E-05 0.0228487 9.9982E-05 0.960904 0.0160472
0.100229 9.9991E-05 0.119497 0.422825 0.357349
0.0015578 0.0765135 0.0286541 0.660704 0.232571
0.0429726 0.00889026 9.9991E-05 0.773468 0.174569
0.021124 0.00755945 9.9991E-05 0.923416 0.0478002
9.997E-05 9.997E-05 9.997E-05 0.9996 9.997E-05
0.0277605 0.00908606 0.000877952 0.894832 0.0674433
9.997E-05 9.997E-05 9.997E-05 0.9996 9.997E-05
0.0554469 0.036407 0.0661614 0.580689 0.261296
0.00588838 0.0724794 9.9982E-05 0.921432 9.9982E-05
0.404641 9.9982E-05 0.55682 0.038339 9.9982E-05
0.190781 0.143863 0.156272 0.0733648 0.435718
0.253241 0.0785232 0.118904 0.103812 0.44552
0.298626 9.9991E-05 0.400476 0.172916 0.127882
0.140914 0.0607625 0.208846 0.209418 0.380059
0.317853 9.9991E-05 0.399827 0.169046 0.113174
0.194988 9.9991E-05 0.211631 0.192121 0.401161
0.166187 9.9991E-05 0.30438 0.228117 0.301216
0.14577 0.0083894 0.192546 0.232377 0.420918
0.163578 9.9991E-05 0.298602 0.30379 0.23393
0.159143 0.0969862 0.186431 0.144673 0.412767
0.858479 0.0661135 0.0364225 9.9991E-05 0.038885
0.939579 9.9982E-05 0.00957497 0.0506464 9.9982E-05
0.988761 0.00431959 0.00671991 9.9982E-05 9.9982E-05
0.943182 0.0446064 9.9982E-05 9.9982E-05 0.0120115
0.914469 0.037783 9.9991E-05 0.015839 0.0318087
0.902871 9.9982E-05 0.031318 0.0656112 9.9982E-05
0.89596 9.9982E-05 9.9982E-05 0.076535 0.0273053
0.914855 0.00374051 0.0804989 0.000805942 9.9991E-05
0.932601 9.9982E-05 9.9982E-05 0.00850137 0.0586982
0.887699 9.9982E-05 9.9982E-05 0.0857637 0.0263373
0.576468 0.340783 0.0806068 0.0020429 9.9991E-05
0.574934 0.348002 0.0768646 9.9982E-05 9.9982E-05
0.531943 0.309442 0.158415 9.9982E-05 9.9982E-05
0.495552 0.38362 0.120628 9.9982E-05 9.9982E-05
0.0443527 0.186188 0.121834 9.9991E-05 0.647526
0.00911137 0.0590581 0.240057 0.0292792 0.662494
0.0441938 0.236069 0.0196073 0.0212186 0.678911
0.0557286 0.259702 0.158101 9.9991E-05 0.526368
9.9991E-05 0.690241 0.0789405 0.055212 0.175507
0.0253678 0.0843571 0.0824688 0.0665548 0.741252
0.00756835 0.111466 0.2004 0.0149262 0.665639
9.9982E-05 0.104788 0.249258 9.9982E-05 0.645754
9.9991E-05 0.04719 0.373498 0.0164781 0.562733
0.0671076 0.103798 0.108971 0.0220281 0.698095
9.9982E-05 0.179683 0.284159 9.9982E-05 0.535958
9.9982E-05 0.131137 0.81847 9.9982E-05 0.050193
0.0819123 0.156913 0.0566065 0.037195 0.667373
9.9982E-05 0.0447117 0.524241 9.9982E-05 0.430847
9.9982E-05 0.0810305 0.254477 9.9982E-05 0.664293
9.9982E-05 0.300986 0.444323 9.9982E-05 0.254491
0.0886107 0.865596 0.0187865 0.0269068 9.9991E-05
0.107576 0.786128 0.0354432 0.0252799 0.0455723
0.0301424 0.925752 0.0327851 0.0112206 9.9991E-05
0.107727 0.821945 0.0587485 9.9991E-05 0.0114796
9.9982E-05 0.860058 0.0511888 0.0885535 9.9982E-05
0.0454283 0.843995 9.99984E-05 0.0967257 0.0137508
0.873307 9.9982E-05 9.9982E-05 0.0465389 0.0799541
0.845917 0.0440908 9.9991E-05 0.054936 0.0549563
0.778807 9.9982E-05 9.9982E-05 0.103249 0.117744
0.765791 0.0901414 9.9991E-05 0.13926 0.00470742
0.778 0.0509221 9.9991E-05 0.127154 0.0438244
0.383999 0.562586 0.0532157 9.9982E-05 9.9982E-05
0.46465 0.390512 0.144638 9.9982E-05 9.9982E-05
0.450539 0.464084 0.0851772 9.9982E-05 9.9982E-05
0.816001 0.0421087 9.9991E-05 0.0609979 0.0807929
0.382318 0.502148 0.115335 9.9982E-05 9.9982E-05
0.268653 9.9991E-05 0.075924 0.360148 0.295175
0.171411 9.9982E-05 9.9982E-05 0.224107 0.604282
0.149305 9.9982E-05 9.9982E-05 0.326692 0.523803
0.309408 9.9991E-05 0.113723 0.197144 0.379625
0.150739 0.0721065 9.9991E-05 0.212279 0.564775
0.49277 9.9982E-05 0.194064 0.312965 9.9982E-05
9.9982E-05 0.319578 0.119309 9.9982E-05 0.560914
0.000989461 0.173783 0.414577 0.0357707 0.37488
0.0987921 0.524768 0.0457814 0.0220912 0.308568
9.9991E-05 0.194296 0.28638 0.0427143 0.47651
9.9973E-05 0.173764 0.825936 9.9973E-05 9.9973E-05
0.139324 0.154517 0.166319 0.00154156 0.538299
9.9991E-05 0.198582 0.240541 0.0984943 0.462282
9.9982E-05 0.482878 0.12754 9.9982E-05 0.389382
0.109866 0.21979 0.0346191 0.0709456 0.564779
9.9982E-05 0.279016 0.539306 9.9982E-05 0.181478
0.0160846 0.139539 0.258646 0.0398105 0.54592
9.9991E-05 0.348206 0.0279179 0.00882985 0.614946
0.144877 0.127978 0.111752 0.191095 0.424298
9.9991E-05 0.308318 0.300665 0.00606094 0.384856
0.00317415 0.244516 0.191553 9.9991E-05 0.560657
9.9991E-05 0.186993 0.208067 0.174616 0.430223
0.00310613 0.225669 0.212539 9.9991E-05 0.558585
0.00115599 0.128867 0.0778801 0.152977 0.639119
0.103195 0.0896262 0.0491799 0.0837121 0.674287
0.0853378 0.189351 0.0648487 0.102636 0.557827
0.766516 9.9982E-05 9.9982E-05 0.0915467 0.141737
0.860284 9.9991E-05 0.0234065 0.00139066 0.114819
0.773528 0.0784101 0.0678076 9.9991E-05 0.0801539
0.84557 0.0432336 0.0136656 0.0143454 0.0831852
0.85872 9.9982E-05 9.9982E-05 0.00170938 0.139371
9.9991E-05 0.670982 0.0588854 0.106951 0.163082
0.126292 0.115693 0.233541 0.133991 0.390483
0.253661 0.0226015 0.0530697 0.215787 0.454881
0.0145628 0.193908 0.0181649 0.111376 0.661988
0.0712829 0.301096 0.0452111 9.9991E-05 0.58231
0.0120198 0.371721 0.263462 0.11681 0.235988
0.148267 0.621955 0.158843 9.9991E-05 0.0708353
9.9991E-05 0.36313 0.0285533 0.110916 0.4973
0.110367 0.488365 0.134097 9.9991E-05 0.267071
0.013398 0.267185 0.12239 0.102019 0.495008
0.146524 0.590048 0.134463 0.0406879 0.0882777
0.0733023 0.224918 9.9991E-05 0.143289 0.55839
0.0915711 0.491926 0.148614 0.0292771 0.238612
0.00139358 0.299777 0.26954 0.16224 0.26705
0.0922838 0.156032 0.188312 9.9991E-05 0.563272
0.0559002 0.107008 0.4856 0.0131752 0.338317
0.0995207 0.109976 0.112942 9.9991E-05 0.677461
0.147957 0.0494597 0.198427 0.0460342 0.558121
0.0353932 0.147341 0.421257 9.9991E-05 0.395909
0.16051 0.101988 0.147309 0.091212 0.498981
0.0804123 9.9991E-05 0.268867 0.0276041 0.623017
9.9982E-05 0.087116 0.772896 9.9982E-05 0.139788
0.0316633 9.9982E-05 0.623854 9.9982E-05 0.344282
0.0201214 0.128458 0.267054 0.0226787 0.561688
0.0192495 0.132319 0.646259 9.9991E-05 0.202072
0.0340595 0.129309 0.33811 9.9991E-05 0.498421
9.9991E-05 0.618131 0.193949 0.0383538 0.149466
9.9991E-05 0.401677 0.332525 0.0503086 0.215389
0.0137845 0.525584 9.9991E-05 0.0727809 0.387751
9.9991E-05 0.128687 0.0479426 0.139505 0.683766
9.9982E-05 0.58086 0.0868736 9.9982E-05 0.332066
0.104013 0.175853 0.101971 0.123093 0.495069
9.9991E-05 0.194458 0.0591189 0.122495 0.623828
9.9991E-05 0.302 0.0791225 0.157342 0.461436
0.00782489 0.247181 0.0880864 0.121495 0.535413
0.0434885 0.36577 0.00828599 0.0233215 0.559134
9.9991E-05 0.521738 0.0829108 0.120765 0.274486
9.9991E-05 0.512172 0.0778505 0.129919 0.279958
9.9991E-05 0.150374 0.169286 0.0666174 0.613623
0.060726 0.169157 0.0844817 0.068015 0.617621
0.0775591 0.230659 0.241709 9.9991E-05 0.449972
9.9991E-05 0.223461 0.141456 0.10579 0.529193
0.0856564 0.354357 0.0559218 0.0936407 0.410424
0.0576442 0.259167 0.0121098 0.054409 0.61667
0.0228344 0.260736 0.0727846 0.0603324 0.583313
0.0248097 0.28585 0.0986885 0.184543 0.406109
0.362903 9.9991E-05 0.0849155 0.144589 0.407492
0.142121 9.9991E-05 0.137272 0.243093 0.477414
0.0756794 0.107902 0.145965 0.22971 0.440744
0.0784659 0.0505991 0.1054 0.159224 0.606311
0.158597 0.0297727 0.0775188 0.230921 0.50319
9.9991E-05 0.118836 0.359472 0.0639003 0.457692
0.112554 0.168053 9.9991E-05 0.0881211 0.631172
0.267227 9.9991E-05 0.527121 0.152545 0.0530067
0.18695 0.0822325 0.0447765 0.155418 0.530623
0.18182 0.0520539 0.0228033 0.189327 0.553996
0.107363 0.0516979 0.0679389 0.232079 0.540921
0.168555 0.0838877 0.271195 0.220234 0.256129
0.130386 0.0925391 0.0600486 0.22231 0.494716
0.199135 0.00284618 0.0266017 0.264138 0.507279
0.50818 9.9982E-05 0.286203 0.205417 9.9982E-05
0.226813 0.020759 0.0191393 0.122529 0.61076
0.202372 0.0153213 0.0703586 0.245355 0.466593
0.136424 0.0183307 0.104439 0.0864246 0.654383
0.197277 9.9991E-05 0.0378687 0.236991 0.527763
0.16523 0.0624545 0.14829 0.12754 0.496486
0.00169469 0.0373805 0.325044 0.0922345 0.543647
0.146355 9.9991E-05 0.255591 0.0893317 0.508623
9.9982E-05 0.121455 0.777696 9.9982E-05 0.100649
9.9991E-05 0.110611 0.819531 0.00125823 0.0684999
0.0733084 0.0879998 0.217607 0.105041 0.516043
0.0915257 0.00917266 0.139336 0.395366 0.364599
0.0744843 9.9991E-05 0.210025 0.362175 0.353216
0.246853 9.9991E-05 0.276864 0.307652 0.168531
0.245531 9.9991E-05 0.0798683 0.279791 0.39471
0.0972296 9.9991E-05 0.689399 0.118841 0.0944297
0.117755 9.9991E-05 0.531575 0.134457 0.216113
9.9991E-05 0.0336838 0.191695 0.166717 0.607805
0.0490632 9.9991E-05 0.285907 0.16136 0.50357
0.0786976 9.9991E-05 0.499575 0.147577 0.27405
0.00704501 0.0787276 0.196819 0.160519 0.556889
0.0170722 9.9991E-05 0.255394 0.172362 0.555072
0.137638 0.0813344 0.160521 0.23228 0.388227
0.0127324 0.0369607 0.481767 9.9991E-05 0.46844
9.9991E-05 0.156252 0.403266 0.1131 0.327282
0.147192 0.0189358 0.241075 0.0569342 0.535863
9.9991E-05 0.108436 0.359241 0.0289327 0.503291
0.0862841 0.0207036 0.280733 0.170087 0.442192
0.0067645 0.056587 0.299425 9.9991E-05 0.637123
9.9982E-05 0.0456096 0.64242 9.9982E-05 0.311771
0.048219 9.9991E-05 0.227153 0.0033723 0.721156
0.000891007 0.12071 0.549963 0.00563692 0.322799
0.0552862 9.9991E-05 0.394854 0.0622274 0.487532
0.0920794 0.020452 0.221757 0.0489756 0.616735
0.00222314 0.0559139 0.280108 0.0292926 0.632463
0.156711 9.9991E-05 0.1432 0.236294 0.463695
0.147982 0.131464 0.218822 0.164439 0.337294
0.163765 0.0664854 0.161059 0.334842 0.273849
0.166643 0.144978 0.156263 0.300613 0.231503
0.135237 0.0726299 0.102014 0.233309 0.45681
0.176635 0.0201492 0.11608 0.232493 0.454643
0.208234 9.9982E-05 0.582194 0.209372 9.9982E-05
0.0987382 9.9991E-05 0.0617375 0.233681 0.605744
0.400515 9.9982E-05 0.464804 0.134481 9.9982E-05
0.0540958 9.9991E-05 0.182021 0.200286 0.563498
9.9973E-05 9.9973E-05 0.763734 9.9973E-05 0.235967
9.9991E-05 0.0751638 0.884519 0.00072517 0.0394918
0.00225466 0.0317723 0.354007 9.9991E-05 0.611866
0.0701547 9.9991E-05 0.238884 0.0352515 0.65561
9.9973E-05 9.9973E-05 0.482359 9.9973E-05 0.517341
9.9982E-05 0.0383819 0.307602 9.9982E-05 0.653816
9.9991E-05 0.00721123 0.270743 0.0358979 0.686048
0.81094 0.0345397 0.0290705 0.0483616 0.0770883
0.746002 0.108064 0.0669707 0.078863 9.9991E-05
0.890975 0.0582882 9.9982E-05 0.0505366 9.9982E-05
0.934569 9.9973E-05 9.9973E-05 9.9973E-05 0.0651313
0.0835352 0.0536703 0.253421 0.0647763 0.544597
0.0838527 0.104808 0.232474 9.9991E-05 0.578766
0.00879686 0.0783911 0.207681 9.9991E-05 0.705031
0.14814 0.0504187 0.115552 0.0151732 0.670716
0.0826379 0.167817 0.114839 0.0827325 0.551974
0.00537589 0.210815 0.354934 9.9991E-05 0.428775
9.9991E-05 0.000461395 0.240588 0.0246819 0.734169
9.9973E-05 9.9973E-05 0.588034 9.9973E-05 0.411666
0.237355 0.0943849 0.00823943 0.192875 0.467146
9.9991E-05 0.0573415 0.356096 0.036317 0.550145
9.9982E-05 0.126591 0.360324 9.9982E-05 0.512885
9.9991E-05 0.023967 0.274482 0.014998 0.686453
9.9982E-05 0.100005 0.319118 9.9982E-05 0.580677
9.9982E-05 9.9982E-05 0.26932 0.0449912 0.685489
0.0322694 9.9982E-05 0.274849 9.9982E-05 0.692682
9.9973E-05 9.9973E-05 0.68558 9.9973E-05 0.31412
9.9982E-05 0.0575338 0.501466 9.9982E-05 0.4408
9.9982E-05 0.14403 0.407933 9.9982E-05 0.447838
9.9973E-05 9.9973E-05 0.882922 9.9973E-05 0.116778
0.0458085 0.126187 0.317244 9.9991E-05 0.51066
9.9982E-05 0.0670817 0.665073 9.9982E-05 0.267646
9.9982E-05 0.0438915 0.866865 9.9982E-05 0.0890433
0.0857409 0.00200387 0.251056 9.9991E-05 0.661099
0.0238883 0.142781 0.436399 9.9991E-05 0.396831
0.0308482 0.149613 0.203064 0.0444631 0.572012
0.0465026 0.080578 0.132998 0.18657 0.553351
9.9991E-05 0.171019 0.144616 0.0210618 0.663204
9.9991E-05 0.253099 0.298496 0.10926 0.339044
9.9982E-05 0.177804 0.143831 9.9982E-05 0.678165
0.0432347 0.131111 0.161621 0.0248288 0.639204
9.9982E-05 0.0248271 0.485123 9.9982E-05 0.489849
0.107007 9.9991E-05 0.165939 0.0234757 0.703478
0.648506 0.291684 0.0446283 0.000242131 0.0149399
0.790771 0.142272 0.0539772 9.9991E-05 0.0128798
0.824325 0.142782 0.0326933 9.9982E-05 9.9982E-05
0.846234 0.153466 9.9973E-05 9.9973E-05 9.9973E-05
0.722312 0.248053 9.9982E-05 9.9982E-05 0.0294358
0.0303382 0.20355 0.441292 9.9991E-05 0.324719
0.0486587 0.188506 0.534609 9.9991E-05 0.228126
9.9973E-05 9.9973E-05 0.656802 9.9973E-05 0.342898
0.124313 0.0908536 0.103467 0.0767768 0.60459
0.0944814 0.0979077 0.067481 0.0813031 0.658827
0.0494259 0.0526842 0.472333 9.9991E-05 0.425457
0.00031409 9.9991E-05 0.231305 0.101723 0.666558
0.0460157 9.9991E-05 0.376533 0.0191451 0.558206
0.0718102 0.0507979 0.250259 9.9991E-05 0.627033
0.0435137 0.0986434 0.0890204 0.0114415 0.757381
9.9982E-05 0.163901 0.409051 9.9982E-05 0.426847
9.9982E-05 0.135773 0.337184 9.9982E-05 0.526843
9.9982E-05 0.22262 0.293625 9.9982E-05 0.483555
0.146017 0.0417206 0.124843 0.00577511 0.681644
9.9982E-05 0.186995 0.252087 9.9982E-05 0.560718
9.9991E-05 0.086607 0.295648 0.0350467 0.582598
0.0969524 9.9991E-05 0.0536643 0.4773 0.371983
0.0534316 9.9991E-05 0.0819399 0.543428 0.3211
0.136801 9.9982E-05 9.9982E-05 0.444206 0.418793
0.135992 0.0218528 0.0204636 0.503479 0.318213
0.177972 9.9991E-05 0.0196404 0.256034 0.546253
0.0127046 9.9982E-05 0.324991 9.9982E-05 0.662105
0.26901 9.9991E-05 0.022007 0.661675 0.047208
0.206947 9.9991E-05 0.0689239 0.448706 0.275323
0.206131 9.9991E-05 0.163906 0.122061 0.507803
0.236831 0.0145773 0.146178 9.9991E-05 0.602313
0.135617 0.0716784 0.218457 0.0894536 0.484794
0.0721478 0.2087 0.0355258 0.115705 0.567922
0.163475 0.0986966 0.0342438 9.9991E-05 0.703485
0.183329 9.9982E-05 9.9982E-05 0.465684 0.350786
0.154653 0.0617971 9.9991E-05 0.372987 0.410462
0.0873087 9.9982E-05 9.9982E-05 0.439647 0.472844
0.172978 0.0938914 0.0890828 0.301356 0.342691
0.153041 0.0345707 0.0204824 0.51099 0.280916
0.179941 0.0169077 0.0142409 0.35021 0.4387
0.156826 9.9991E-05 0.0902458 0.558707 0.194121
0.151642 0.102826 0.00909329 0.355717 0.380722
0.13821 0.00514445 0.244935 0.0468815 0.564829
0.229252 0.0113949 0.0589522 0.409816 0.290584
0.2046 9.9982E-05 9.9982E-05 0.619559 0.175641
0.20026 0.0286699 9.9991E-05 0.402414 0.368555
0.201562 0.173253 0.380954 9.9991E-05 0.244132
0.00488533 9.9991E-05 0.272184 0.180285 0.542546
0.178241 0.122184 0.0288368 0.285349 0.385388
0.117755 0.0917129 0.142479 0.0283714 0.619682
0.226725 0.0341707 0.1983 0.0100025 0.530802
0.227941 9.9991E-05 0.162631 0.262087 0.347241
0.29057 0.0436539 0.0912369 0.283795 0.290744
0.110142 0.106016 0.0875531 0.162326 0.533964
0.173151 9.9991E-05 0.0935433 0.418815 0.314391
0.105912 9.9991E-05 0.0219562 0.479199 0.392833
0.221458 0.0266031 9.9991E-05 0.60237 0.149469
0.0752163 0.0365475 0.192687 0.0636118 0.631937
0.168792 0.119082 0.165859 9.9991E-05 0.546167
0.172111 9.9991E-05 0.597975 0.0834414 0.146372
0.17681 0.0812793 0.0255507 0.0288864 0.687473
0.13357 0.244666 0.109337 0.0570923 0.455335
0.267347 0.039017 0.087915 0.137213 0.468508
0.198958 0.153447 0.0530474 0.076477 0.51807
0.355885 9.9982E-05 0.405616 0.238298 9.9982E-05
0.386686 9.9982E-05 0.481559 0.131556 9.9982E-05
0.193049 0.0162178 0.373223 0.200527 0.216984
0.389604 9.9991E-05 0.341406 0.216028 0.0528617
0.467461 9.9982E-05 0.282939 0.249401 9.9982E-05
0.183041 9.9991E-05 0.275642 0.16865 0.372567
0.199498 9.9991E-05 0.268305 0.208439 0.323657
0.307871 9.9991E-05 0.318143 0.139994 0.233892
0.299845 0.000755603 0.396379 0.193273 0.109748
0.116809 0.0267287 0.194572 0.220582 0.441308
0.282793 9.9991E-05 0.38444 0.151107 0.18156
0.516207 9.9982E-05 0.386909 0.0966849 9.9982E-05
0.142611 0.130294 0.00188431 0.181523 0.543687
0.169352 0.0748551 0.133854 0.293756 0.328182
0.359707 0.0229806 9.9991E-05 0.182019 0.435194
0.158985 9.9982E-05 9.9982E-05 0.321941 0.518874
0.17565 9.9991E-05 0.039029 0.233904 0.551317
0.113879 0.0736646 0.0485486 0.325951 0.437957
0.402157 9.9991E-05 0.0151938 0.196816 0.385733
0.205514 0.0955177 9.9991E-05 0.146823 0.552046
0.227369 9.9982E-05 9.9982E-05 0.298918 0.473513
0.28395 0.0216596 0.125923 0.310595 0.257873
0.155134 0.11008 0.225527 0.129053 0.380206
0.154556 0.124131 0.0202458 0.117241 0.583827
0.177793 9.9991E-05 0.10198 0.244015 0.476112
0.11691 0.048202 0.0726539 0.0854811 0.676753
0.304897 9.9982E-05 9.9982E-05 0.333768 0.361136
0.186501 9.9991E-05 0.0634003 0.234906 0.515093
0.395752 9.9991E-05 0.22464 0.249497 0.130012
0.197828 0.0411639 9.9991E-05 0.229406 0.531502
0.335541 9.9991E-05 0.140835 0.299741 0.223783
0.819258 0.0633691 0.117173 9.9982E-05 9.9982E-05
0.0759415 0.781121 0.0136748 0.0204572 0.108805
9.997E-05 0.9996 9.997E-05 9.997E-05 9.997E-05
0.0173389 0.982361 9.9973E-05 9.9973E-05 9.9973E-05
9.9982E-05 0.950719 9.9982E-05 0.044473 0.00460785
9.9982E-05 0.911381 9.9982E-05 0.0299161 0.0585031
9.9973E-05 0.917338 9.9973E-05 9.9973E-05 0.0823617
0.0262057 0.973494 9.9973E-05 9.9973E-05 9.9973E-05
0.23563 0.76407 9.9973E-05 9.9973E-05 9.9973E-05
0.921258 0.00909268 9.9991E-05 0.0279514 0.0415978
0.826088 0.0886196 9.9982E-05 9.9982E-05 0.0850928
0.873624 9.9991E-05 0.0540466 0.0643513 0.00787789
0.839653 0.0911355 0.0560749 9.9991E-05 0.0130368
0.853301 0.0563469 9.9991E-05 0.0639568 0.0262953
0.871437 0.0645137 0.0589031 0.00504628 9.9991E-05
0.725481 0.0977192 9.9991E-05 0.150113 0.0265871
0.877207 9.9991E-05 0.0148185 0.0514096 0.0564645
0.770838 0.116683 9.9991E-05 0.0417434 0.0706358
0.93776 9.9982E-05 9.9982E-05 0.0422059 0.0198339
0.962599 0.0371014 9.9973E-05 9.9973E-05 9.9973E-05
0.87729 0.051987 0.0211691 0.0320112 0.0175431
0.967595 0.00209756 9.9991E-05 0.0282474 0.00195964
0.944422 9.9991E-05 0.00539674 0.00088274 0.0491984
0.877215 9.9982E-05 9.9982E-05 0.036757 0.0858283
0.867237 9.9982E-05 9.9982E-05 0.024908 0.107655
0.755478 9.9982E-05 9.9982E-05 0.179891 0.064431
0.776709 9.9982E-05 9.9982E-05 0.114088 0.109003
0.834761 9.9982E-05 9.9982E-05 0.0677203 0.0973192
0.163486 0.0651315 0.268563 0.0529016 0.449918
0.12757 9.9982E-05 0.134262 9.9982E-05 0.737968
0.189755 0.0180274 0.112173 0.0349742 0.64507
0.128102 9.9991E-05 0.678529 0.0124416 0.180827
0.154643 0.157601 0.0828391 9.9991E-05 0.604817
0.20458 9.9991E-05 0.651964 0.0558399 0.0875158
0.108972 9.9991E-05 0.143943 0.0117245 0.73526
0.07606 0.150786 0.277131 9.9991E-05 0.495923
0.120981 0.0697805 0.248216 9.9991E-05 0.560922
0.040102 0.0237835 0.272875 0.0316809 0.631558
0.116657 0.13214 0.2158 0.014009 0.521394
0.118839 0.0416364 0.126626 0.0114846 0.701414
0.135546 0.115747 0.106714 9.9991E-05 0.641892
9.9991E-05 0.446015 0.377978 0.0894437 0.0864636
0.100623 0.0655073 0.833669 9.9982E-05 9.9982E-05
0.15917 0.0356276 0.578507 0.00679943 0.219896
0.155893 0.0841527 0.0877153 0.0188502 0.653389
0.189565 0.0861846 0.163235 0.013752 0.547264
0.263571 0.00993462 0.181712 9.9991E-05 0.544682
0.116553 9.9991E-05 0.0791928 0.0204049 0.783749
0.17596 0.0171117 9.9991E-05 0.135326 0.671502
0.208027 0.0272487 9.9991E-05 0.0938147 0.670809
0.429073 0.112127 0.188735 0.200576 0.0694898
0.137572 0.0921282 0.092291 0.0652113 0.612798
0.257866 0.0562355 0.0295352 0.182339 0.474024
0.458855 9.9982E-05 0.360712 0.180232 9.9982E-05
0.325994 9.9991E-05 0.104168 0.189305 0.380433
0.360096 0.0599182 0.0491396 0.206735 0.324111
0.348576 0.132106 9.9991E-05 0.0590441 0.460174
0.18315 0.112567 0.0365292 0.199785 0.467968
0.221364 9.9991E-05 0.0469104 0.118481 0.613145
0.167109 0.11986 9.9991E-05 0.198028 0.514903
0.193136 9.9991E-05 0.190749 0.208347 0.407667
0.483991 0.0140453 0.0347146 0.165589 0.30166
