9.9982E-05 0.0191711 9.9982E-05 0.980629
0.0595661 9.9982E-05 9.9982E-05 0.940234
9.999E-05 0.0553825 0.104839 0.839679
0.0641109 0.100274 0.0272315 0.808384
9.9991E-05 0.0651265 0.0418125 0.892961
0.183775 0.053445 0.0915968 0.671183
0.079359 9.9991E-05 0.0555033 0.865038
0.172001 0.0224405 0.0107455 0.794813
0.14866 9.9982E-05 9.9982E-05 0.85114
0.0231876 0.0242693 0.184038 0.768505
0.106617 9.9991E-05 0.0977382 0.795544
0.506756 0.0737441 0.378431 0.0410698
0.223495 0.123752 0.601639 0.0511133
0.477929 0.0656449 0.337003 0.119423
0.308551 0.0567269 0.488503 0.146219
0.267296 0.0977319 0.481781 0.153191
0.169424 0.0739618 0.620864 0.135751
0.40116 0.12916 0.461393 0.00828691
0.298 9.9991E-05 0.475795 0.226106
0.69002 0.0540476 0.0931305 0.162802
0.338295 0.0722273 0.543485 0.0459927
0.274206 0.0395406 0.613991 0.0722621
0.194314 0.0411294 0.681792 0.0827645
0.428417 0.0398527 0.437408 0.0943225
0.154332 0.0701777 0.615555 0.159935
0.136719 0.0846932 0.681885 0.0967027
0.476761 0.115791 0.274378 0.13307
0.417702 0.173314 0.334283 0.0747012
0.523349 0.010626 0.387394 0.0786308
9.9991E-05 0.119102 0.0529996 0.827799
9.9991E-05 0.079731 0.0869287 0.83324
9.9991E-05 0.0433294 0.144228 0.812342
9.9991E-05 0.0308395 0.175396 0.793664
0.325804 9.9991E-05 0.653107 0.0209891
0.163416 9.9991E-05 0.692125 0.144358
0.179424 9.9991E-05 0.749569 0.070907
0.540274 9.9991E-05 0.269728 0.189899
0.451108 0.0618805 0.467482 0.0195289
0.2671 0.0669783 0.549741 0.116181
0.0908039 9.9991E-05 0.853097 0.0559992
0.171006 0.0458823 0.667499 0.115614
0.137178 0.0229158 0.761343 0.0785626
0.589337 9.9991E-05 0.375897 0.0346658
0.203489 0.122808 0.673603 9.9991E-05
0.166882 0.0926492 0.676938 0.0635313
0.139716 0.165083 0.575313 0.119888
0.423589 9.9982E-05 0.576211 9.9982E-05
0.200451 0.00114637 0.784127 0.0142755
0.246821 0.164883 0.502619 0.0856764
0.858515 0.0163393 0.0409525 0.0841936
0.642669 0.0195826 0.315775 0.021974
0.718712 0.100065 0.128358 0.0528644
0.145344 0.0459373 0.693851 0.114867
0.100514 0.116552 0.697135 0.0857998
0.141704 0.0537071 0.678636 0.125953
0.534222 9.9991E-05 0.304356 0.161322
0.195629 0.036058 0.705396 0.0629172
0.146689 0.0481337 0.721834 0.0833438
0.33216 0.0253307 0.503302 0.139208
0.517374 0.0759662 0.135902 0.270758
0.181361 0.0675746 0.65764 0.0934246
0.379645 0.0353574 0.484269 0.100729
0.764888 9.9991E-05 0.0874889 0.147523
0.371482 0.0443709 0.582118 0.00202898
0.244349 0.0749086 0.670081 0.0106608
0.146308 0.0874919 0.651682 0.114518
0.395773 0.0044565 0.476816 0.122955
0.342421 0.095219 0.530637 0.0317231
0.123272 0.0196545 0.71549 0.141584
0.649742 9.9991E-05 0.270331 0.0798272
0.279717 9.9982E-05 0.720083 9.9982E-05
0.522843 9.9982E-05 0.476957 9.9982E-05
0.23971 0.0745357 0.558049 0.127705
0.785778 9.9982E-05 0.214022 9.9982E-05
0.769101 9.9982E-05 0.230699 9.9982E-05
0.488805 9.9982E-05 0.510995 9.9982E-05
0.342485 9.9982E-05 0.657315 9.9982E-05
0.169062 0.110892 0.649869 0.070178
0.356523 0.0634342 0.579943 9.9991E-05
0.493179 9.9991E-05 0.434658 0.0720639
0.500891 9.9991E-05 0.448963 0.0500457
0.182152 0.157249 0.604643 0.0559556
0.476909 0.0721185 0.443644 0.0073284
0.351619 0.0169567 0.61783 0.013594
0.383981 9.9982E-05 0.615819 9.9982E-05
0.807716 0.0373421 0.154842 9.9991E-05
0.163475 0.00343044 0.773119 0.0599755
9.9991E-05 0.0260568 0.131082 0.842761
9.9982E-05 9.9982E-05 0.0861453 0.913655
9.9991E-05 0.0831436 0.0240944 0.892662
9.9991E-05 0.035068 0.0301712 0.934661
9.9991E-05 0.0554605 0.0593015 0.885138
9.9991E-05 0.0703893 0.0337438 0.895767
9.9991E-05 0.06272 0.0156418 0.921538
0.206629 0.108499 0.630463 0.0544089
0.181959 0.0817515 0.656035 0.0802544
0.674304 9.9991E-05 0.318984 0.00661106
0.202856 0.176604 0.593967 0.0265726
0.293894 9.9991E-05 0.673542 0.032464
0.130345 9.9991E-05 0.823842 0.0457124
0.246125 0.0266574 0.705405 0.0218128
0.24723 0.0984017 0.647995 0.00637411
0.753993 9.9991E-05 0.213817 0.0320893
0.144137 0.0117435 0.636729 0.20739
0.110827 0.100282 0.715641 0.0732506
0.164312 0.115527 0.594857 0.125304
0.524494 0.0128195 0.462587 9.9991E-05
0.259257 9.9991E-05 0.716396 0.0242468
0.26349 0.0315082 0.65035 0.0546517
0.372936 0.0552361 0.571728 9.9991E-05
0.289458 9.9991E-05 0.692879 0.0175633
0.152232 9.9991E-05 0.719333 0.128335
0.583392 0.0524484 0.287728 0.0764313
0.242475 0.0683031 0.51 0.179222
0.210475 0.128178 0.52171 0.139637
0.12044 0.144227 0.588463 0.14687
0.285525 9.9991E-05 0.622863 0.0915117
0.233739 0.104144 0.662017 9.9991E-05
0.32448 9.9991E-05 0.60148 0.0739392
0.213443 0.0949064 0.562935 0.128715
0.155557 0.0567032 0.665204 0.122535
0.178917 9.9991E-05 0.729429 0.0915541
0.321398 9.9991E-05 0.653029 0.0254728
0.170617 0.091561 0.672424 0.0653975
0.197003 0.133407 0.574715 0.0948755
0.233677 0.060867 0.649942 0.0555133
0.172319 0.151951 0.585591 0.0901384
0.20759 0.0923169 0.675397 0.0246966
0.382325 0.0726619 0.422643 0.122369
0.107782 0.0494241 0.759855 0.0829395
0.135398 0.0413355 0.771819 0.051448
0.462252 0.0532448 0.400104 0.0843994
0.713786 0.104813 0.158808 0.0225931
0.165877 0.00440215 0.713593 0.116128
0.765219 0.111225 0.123456 9.9991E-05
0.554781 9.9991E-05 0.343667 0.101452
0.373918 9.9991E-05 0.604274 0.021708
0.478475 9.9991E-05 0.46413 0.0572955
0.534708 9.9991E-05 0.410338 0.0548533
0.0709878 0.0289782 0.742828 0.157206
0.0993638 0.0962174 0.644953 0.159465
0.174476 9.9991E-05 0.705353 0.120071
0.664285 0.147894 0.164 0.0238207
0.117707 0.0104656 0.68408 0.187747
0.227103 0.124307 0.563075 0.0855156
0.69705 0.0279222 0.0595431 0.215485
0.0467693 0.0257401 0.757954 0.169537
0.39065 0.157398 0.356841 0.0951116
0.16463 0.14659 0.577682 0.111098
0.490953 0.0908719 0.290895 0.12728
0.546282 9.9991E-05 0.289017 0.164601
0.3608 0.0146299 0.573729 0.0508411
0.23673 0.136364 0.520797 0.10611
0.254289 0.0816316 0.479018 0.185062
0.644795 0.28651 9.9991E-05 0.068595
0.211094 0.0893798 0.633984 0.0655422
0.466331 9.9982E-05 0.533469 9.9982E-05
0.401808 0.0591613 0.538931 9.9991E-05
0.150381 0.0325219 0.674546 0.142551
0.198029 0.285678 0.16806 0.348233
0.170381 0.228388 9.9991E-05 0.601131
0.328073 0.183186 9.9991E-05 0.48864
0.169142 0.416493 0.0203263 0.394039
0.23114 0.046513 0.703409 0.0189375
0.22581 0.162694 0.512365 0.0991316
9.9982E-05 0.72303 0.27677 9.9982E-05
0.125485 0.466544 0.3979 0.0100713
9.9991E-05 0.447682 0.39304 0.159178
0.547712 0.148931 0.303256 9.9991E-05
0.285411 0.0437093 0.623639 0.0472411
0.692149 0.0657413 0.242009 9.9991E-05
0.210626 0.022804 0.721424 0.0451453
0.356096 0.0432501 0.512108 0.0885467
0.266093 0.0898413 0.643687 0.000378021
0.722151 0.084771 0.192977 9.9991E-05
0.121781 0.116615 0.685973 0.0756316
0.216917 0.105834 0.660164 0.017085
9.9982E-05 0.983233 0.0165671 9.9982E-05
0.041463 0.882532 0.0759055 9.9991E-05
0.0294036 0.601454 0.296247 0.0728947
9.9991E-05 0.720866 0.268572 0.0104619
9.9982E-05 0.871266 0.128534 9.9982E-05
9.998E-05 0.9997 9.998E-05 9.998E-05
9.998E-05 0.9997 9.998E-05 9.998E-05
9.9982E-05 0.856099 0.143701 9.9982E-05
9.9982E-05 0.962776 0.0370244 9.9982E-05
9.998E-05 0.9997 9.998E-05 9.998E-05
9.998E-05 0.9997 9.998E-05 9.998E-05
9.9991E-05 0.751472 0.1911 0.0573279
9.9991E-05 0.792056 0.129544 0.0783009
9.9982E-05 0.963485 0.0363153 9.9982E-05
0.078862 0.40089 0.448151 0.0720969
0.0642894 0.677356 0.197871 0.0604837
0.0490636 0.78278 0.137739 0.0304176
9.9991E-05 0.889749 0.0821999 0.0279509
9.9982E-05 0.988683 0.0111171 9.9982E-05
9.9991E-05 0.956053 0.0255709 0.0182759
9.998E-05 0.9997 9.998E-05 9.998E-05
0.00536139 0.585649 0.294114 0.114876
0.0818019 0.914461 9.9991E-05 0.0036373
0.464948 0.167581 9.9991E-05 0.367371
0.202881 0.102836 0.486056 0.208227
0.262684 0.055455 0.461277 0.220584
0.366001 0.236728 0.152206 0.245064
0.214488 0.195559 0.428619 0.161334
0.296852 0.178623 0.237453 0.287072
0.160386 0.113668 0.48347 0.242476
0.264168 0.202564 0.361355 0.171913
0.172689 0.17882 0.510182 0.13831
0.141385 0.287053 0.367402 0.20416
0.161942 0.127258 0.49333 0.217471
0.0235321 9.9991E-05 0.0972419 0.879126
9.9982E-05 0.0786927 9.9982E-05 0.921107
0.00646083 9.9991E-05 0.0273034 0.966136
0.0184658 0.00186982 0.00468763 0.974977
9.9982E-05 9.9982E-05 0.0420919 0.957708
9.9982E-05 0.100115 9.9982E-05 0.899685
9.9982E-05 0.0892628 9.9982E-05 0.910537
9.99877E-05 0.0659823 9.99877E-05 0.933818
9.9982E-05 9.9982E-05 0.0648019 0.934998
9.9982E-05 0.145701 9.9982E-05 0.854099
0.314719 9.9982E-05 9.9982E-05 0.685081
0.287751 9.9991E-05 0.0293669 0.682782
0.409597 9.9982E-05 9.9982E-05 0.590203
0.427919 9.9982E-05 9.9982E-05 0.571881
0.268859 0.047028 0.607523 0.0765908
0.301484 0.0821316 0.591417 0.024968
0.17746 0.00467388 0.756524 0.0613421
0.343172 9.9991E-05 0.574844 0.081884
0.622175 9.9991E-05 0.30162 0.076105
0.177848 0.114179 0.657945 0.050027
0.259645 0.0114774 0.728778 9.9991E-05
0.365939 9.9982E-05 0.633861 9.9982E-05
0.404404 0.0886687 0.506828 9.9991E-05
0.105596 0.0554029 0.772727 0.0662743
0.344648 9.9991E-05 0.628369 0.0268823
0.79685 0.0139532 0.189096 9.9991E-05
0.3096 9.9991E-05 0.60476 0.0855401
0.542018 0.00948764 0.448394 9.9991E-05
0.271303 0.022951 0.6932 0.0125462
0.636398 9.9991E-05 0.346657 0.0168449
0.716489 9.9982E-05 9.9982E-05 0.283312
0.608547 9.9991E-05 0.131061 0.260292
0.758841 9.9991E-05 0.0352837 0.205776
0.737051 9.9991E-05 0.00451152 0.258337
0.735268 0.038177 0.0554921 0.171063
0.601149 9.9991E-05 0.199388 0.199363
0.0134651 0.0530428 0.0555826 0.877909
0.0228857 0.0275328 0.0484507 0.901131
9.9991E-05 0.164713 0.0659335 0.769254
9.9991E-05 0.115825 0.108465 0.77561
9.9991E-05 0.0645764 0.116257 0.819067
0.522321 9.9982E-05 9.9982E-05 0.477479
0.468893 9.9982E-05 9.9982E-05 0.530908
0.422489 9.9991E-05 0.00188287 0.575529
9.9991E-05 0.085467 0.072004 0.842429
0.507076 9.9982E-05 9.9982E-05 0.492724
0.0578843 0.384724 0.349903 0.207489
9.9991E-05 0.202202 0.648808 0.14889
9.9991E-05 0.250465 0.562059 0.187377
0.0744648 0.230921 0.353624 0.34099
0.0784812 0.225973 0.538027 0.157519
0.127302 0.376774 9.9991E-05 0.495824
0.363767 9.9991E-05 0.603384 0.0327494
0.490984 0.0595187 0.397548 0.0519487
0.418016 9.9991E-05 0.381659 0.200225
0.394428 0.0851947 0.500796 0.0195813
0.9997 9.998E-05 9.998E-05 9.998E-05
0.113421 0.0225299 0.759642 0.104407
0.311376 0.0189199 0.618655 0.0510486
0.41274 9.9991E-05 0.515423 0.0717378
0.200364 0.0426914 0.640934 0.116011
0.723846 0.0429441 0.2017 0.0315106
0.374975 0.0963645 0.472078 0.0565824
0.292461 0.00668959 0.634751 0.0660988
0.185422 0.193024 0.45836 0.163193
0.467357 9.9982E-05 0.532443 9.9982E-05
0.364685 0.0203506 0.575034 0.0399312
0.360924 0.12431 0.514666 9.9991E-05
0.268612 9.9991E-05 0.671174 0.0601145
0.142944 0.119141 0.639789 0.0981262
0.0599408 0.0445068 0.72643 0.169122
0.184624 0.011649 0.619718 0.184009
9.9991E-05 0.102165 0.120849 0.776886
0.00668817 0.0498816 0.104818 0.838612
0.0647724 0.0305331 0.093264 0.81143
0.0666078 0.0743999 0.0109682 0.848024
9.9991E-05 0.0294247 0.102884 0.867592
0.609075 0.0200069 0.268138 0.10278
0.30167 0.171107 0.484013 0.0432093
0.202154 0.211435 0.39514 0.191271
0.14227 0.0414767 0.767232 0.0490215
0.364441 0.00149313 0.572727 0.0613392
0.517008 0.155518 0.310267 0.0172062
0.743735 9.9991E-05 0.00783963 0.248326
0.205332 9.9991E-05 0.680932 0.113636
0.548586 9.9991E-05 0.29976 0.151554
0.42925 0.169176 0.36839 0.0331839
0.573527 0.0283009 0.190671 0.207502
0.0565892 0.0587399 0.670726 0.213945
0.468671 9.9991E-05 0.371875 0.159353
0.452148 0.124271 0.359859 0.0637227
0.404442 0.1534 0.442057 9.9991E-05
0.532943 0.0683402 0.319356 0.0793606
0.201549 0.0216807 0.659028 0.117742
0.2013 0.076485 0.563971 0.158244
0.490893 9.9991E-05 0.464769 0.0442384
0.261866 0.151677 0.574146 0.0123108
0.201885 0.0495993 0.646809 0.101708
0.789836 0.0185238 0.19154 9.9991E-05
0.603585 0.0492819 0.346822 0.000311151
0.339745 0.0439961 0.505034 0.111225
0.650744 9.9991E-05 0.28741 0.061746
0.353738 9.9991E-05 0.636219 0.00994373
0.626274 0.00808288 0.246473 0.11917
0.65429 0.0838972 0.261713 9.9991E-05
0.422347 0.119473 0.355484 0.102696
0.16256 0.0451152 0.741406 0.0509191
0.578388 9.9991E-05 0.413919 0.00759235
0.181992 0.0928346 0.606234 0.11894
0.159065 0.0952405 0.676958 0.0687369
0.378223 0.140001 0.464707 0.0170696
0.268271 0.104361 0.585068 0.0423002
0.303849 0.0669254 0.532276 0.0969498
0.535917 0.108274 0.320825 0.0349834
0.45829 0.0986016 0.375018 0.06809
0.200079 0.128712 0.655907 0.0153023
0.0646837 0.0430914 0.746894 0.145331
0.372811 9.9991E-05 0.479788 0.147301
0.272176 0.166027 0.561697 9.9991E-05
0.37793 0.0774881 0.393926 0.150656
0.147833 0.0450774 0.720347 0.0867421
0.197153 0.0903308 0.601555 0.110961
0.248128 0.177382 0.439894 0.134596
0.0409244 0.134962 0.471034 0.35308
0.113734 0.268393 0.507183 0.11069
0.115516 0.151263 0.56791 0.165311
0.0681438 0.141671 0.696669 0.093516
0.0641793 0.243117 0.531064 0.161639
0.441031 0.0583249 0.500545 9.9991E-05
0.162102 0.23731 0.428258 0.17233
0.44775 0.18685 0.0686556 0.296744
0.138205 0.181988 0.535548 0.144258
0.126728 0.160746 0.617676 0.0948504
0.12879 0.268073 0.483205 0.119932
0.248001 0.187873 0.342744 0.221382
0.00701186 0.172201 0.629554 0.191233
0.0194405 0.224754 0.582243 0.173562
0.246312 0.230481 9.9991E-05 0.523108
0.0644236 0.20227 0.550851 0.182455
9.9991E-05 0.2208 0.564733 0.214367
0.101355 0.158125 0.607248 0.133271
0.0135737 0.241652 0.544855 0.19992
0.147371 0.178217 0.44741 0.227002
0.329761 0.125356 0.544784 9.9991E-05
0.262766 0.158044 0.445541 0.13365
0.789866 0.0506672 0.159367 9.9991E-05
0.832733 0.0528161 0.114351 9.9991E-05
0.269849 0.137862 0.55588 0.0364102
0.0358519 0.302196 0.509319 0.152634
0.085606 0.472373 0.324362 0.117658
0.280125 0.432231 0.0832883 0.204356
0.0599718 0.262788 0.46019 0.21705
0.632008 0.230041 0.0563459 0.0816046
0.477774 0.206608 0.20078 0.114838
0.242429 0.180608 0.576864 9.9991E-05
0.284707 0.157311 0.524038 0.033944
0.421151 0.194204 0.291498 0.0931474
0.201139 0.176629 0.553081 0.0691517
0.216403 0.143285 0.640213 9.9991E-05
0.208147 0.175327 0.547133 0.0693928
0.520109 9.9982E-05 0.479691 9.9982E-05
0.442989 0.131188 0.425723 9.9991E-05
0.278335 0.13536 0.568812 0.0174925
0.385427 0.101808 0.4511 0.0616647
0.26171 0.122379 0.52611 0.0898015
0.377719 0.0359275 0.586253 9.9991E-05
0.626699 0.048808 0.324393 9.9991E-05
0.254825 0.0379076 0.707167 9.9991E-05
0.662813 0.0557042 0.281383 9.9991E-05
0.432704 0.0946896 0.464272 0.00833414
0.172013 0.0181425 0.745409 0.0644357
0.338085 0.117602 0.510513 0.0337999
0.0918279 0.276448 0.4639 0.167825
0.232437 0.184915 0.483646 0.0990019
0.219462 0.326005 0.327845 0.126687
0.20644 0.269019 0.328705 0.195836
0.129108 0.191457 0.498494 0.180941
0.0842421 0.124485 0.581915 0.209358
0.537333 0.266429 9.9991E-05 0.196138
0.0258666 0.239479 0.681697 0.0529573
0.360982 0.241299 9.9991E-05 0.397619
0.136552 0.234643 0.592255 0.0365489
0.736814 9.9982E-05 0.262986 9.9982E-05
0.922206 0.0775939 9.9982E-05 9.9982E-05
0.381596 0.0176324 0.600672 9.9991E-05
0.213015 0.0904936 0.696391 9.9991E-05
0.439303 9.9991E-05 0.557138 0.00345931
0.277104 0.0648134 0.657983 9.9991E-05
0.35377 0.0662888 0.579841 9.9991E-05
0.0132744 0.0634986 0.0944825 0.828745
0.0962425 0.137167 0.0402391 0.726352
9.9982E-05 0.0657157 9.9982E-05 0.934084
9.9982E-05 9.9982E-05 0.0551483 0.944652
0.29662 0.0677228 0.620639 0.0150181
0.24549 0.0281043 0.639682 0.0867232
0.194148 9.9991E-05 0.777372 0.0283802
0.203072 0.0580642 0.666304 0.0725593
0.221139 0.0326748 0.631889 0.114297
0.504494 9.9991E-05 0.456719 0.0386877
0.164294 0.0388882 0.796718 9.9991E-05
0.451058 0.00889859 0.539944 9.9991E-05
0.0132004 0.175454 0.522759 0.288587
0.371269 0.0577045 0.570926 9.9991E-05
0.474834 9.9991E-05 0.521472 0.00359401
0.275331 0.0402964 0.684273 9.9991E-05
0.412698 9.9991E-05 0.572768 0.0144334
0.17232 0.00971932 0.817861 9.9991E-05
0.137686 9.9991E-05 0.744911 0.117304
0.636817 9.9982E-05 0.362983 9.9982E-05
0.531354 9.9991E-05 0.461349 0.00719672
0.451349 9.9991E-05 0.508516 0.040035
0.90683 9.9982E-05 0.0929697 9.9982E-05
0.33228 0.0185934 0.612453 0.0366732
0.667916 0.012444 0.31954 9.9991E-05
0.871171 0.0253057 0.103423 9.9991E-05
0.20774 0.019091 0.732656 0.0405121
0.498823 9.9991E-05 0.477039 0.024038
0.394015 0.115956 0.48993 9.9991E-05
0.124895 0.0972421 0.682091 0.0957721
0.244864 9.9991E-05 0.706112 0.0489237
0.467273 0.105667 0.42696 9.9991E-05
0.272844 0.0494755 0.677581 9.9991E-05
0.352186 0.0119145 0.619198 0.0167016
0.494301 9.9982E-05 0.505499 9.9982E-05
0.261229 0.129201 0.555665 0.0539047
0.302602 9.9982E-05 9.9982E-05 0.697198
0.148107 0.039305 0.027052 0.785536
0.103526 9.9982E-05 9.9982E-05 0.896274
0.140264 9.9982E-05 9.9982E-05 0.859536
0.133701 9.9991E-05 0.0586451 0.807554
0.602599 9.9991E-05 0.342313 0.0549881
0.607173 9.9991E-05 0.388851 0.00387524
0.551347 9.9982E-05 0.448453 9.9982E-05
9.9991E-05 0.0893846 0.731214 0.179302
0.123654 0.114973 0.65113 0.110243
0.46133 0.0565027 0.468156 0.0140108
0.174176 0.147828 0.677896 9.9991E-05
0.310761 0.0742287 0.565039 0.0499719
0.200914 0.0175491 0.781437 9.9991E-05
0.177159 0.0509718 0.750922 0.0209466
0.502145 0.00381432 0.493941 9.9991E-05
0.460426 9.9982E-05 0.539374 9.9982E-05
0.465671 9.9982E-05 0.534129 9.9982E-05
0.104763 0.0265261 0.718082 0.150629
0.357819 9.9982E-05 0.641982 9.9982E-05
0.269794 0.0530189 0.677087 9.9991E-05
0.00953148 0.467227 0.420615 0.102627
9.9991E-05 0.41005 0.437414 0.152436
9.9991E-05 0.495216 0.422366 0.0823186
9.9991E-05 0.501261 0.333865 0.164775
9.9991E-05 0.270818 0.499285 0.229798
0.190212 0.0726523 0.66291 0.0742259
9.9991E-05 0.718526 0.0289494 0.252425
9.9991E-05 0.492943 0.295852 0.211105
0.154999 0.243084 0.425062 0.176855
0.11604 0.0082675 0.712437 0.163256
0.278597 0.0961896 0.486416 0.138798
0.155566 0.0509704 0.631803 0.161661
0.162555 0.00177508 0.670048 0.165621
9.9991E-05 0.496241 0.303633 0.200026
0.065638 0.393747 0.397515 0.1431
9.9991E-05 0.48045 0.471793 0.0476568
9.9991E-05 0.311271 0.508355 0.180275
9.9991E-05 0.530021 0.342601 0.127278
0.00429681 0.376144 0.451922 0.167637
0.0466496 0.647615 0.207872 0.0978633
0.0368648 0.420892 0.386852 0.155391
0.265738 0.102329 0.568203 0.0637304
0.0429515 0.331666 0.390392 0.23499
9.9991E-05 0.669221 0.140199 0.19048
0.156406 0.370385 0.288769 0.18444
0.436453 9.9991E-05 0.321217 0.24223
0.260176 0.136875 0.538089 0.0648604
0.0415905 0.337684 0.433185 0.187541
0.100072 0.10609 0.63938 0.154458
0.176731 0.0132935 0.642122 0.167853
0.195891 0.233724 0.387281 0.183104
0.0804056 0.345776 0.342384 0.231435
0.197017 0.239623 0.532633 0.0307267
0.0242642 0.42068 0.443151 0.111905
9.9991E-05 0.460051 0.415039 0.12481
9.9991E-05 0.660399 0.148584 0.190917
0.107496 0.0511016 0.764775 0.0766274
0.215329 9.9991E-05 0.60434 0.18023
0.529614 0.171831 0.133579 0.164976
0.0944944 0.0942292 0.604095 0.207182
0.274572 0.0810583 0.448187 0.196183
0.175001 0.194262 0.423672 0.207065
0.207655 0.137653 0.500579 0.154113
0.354079 0.281186 9.9991E-05 0.364635
0.424649 0.208502 9.9991E-05 0.366749
0.299482 0.129212 0.355163 0.216143
0.312694 0.286893 0.000961351 0.399451
0.189607 0.310334 9.9991E-05 0.49996
0.275022 0.247503 0.369041 0.108434
0.15897 0.186049 0.38333 0.27165
0.29078 0.298107 0.160502 0.250611
0.345063 0.289528 0.0579253 0.307483
0.199944 0.221839 0.473906 0.10431
0.42954 0.239038 0.113946 0.217476
0.31608 0.153208 9.9991E-05 0.530612
0.0903999 0.163368 0.58545 0.160782
0.231416 0.28411 0.346757 0.137717
0.0550686 0.216928 0.432837 0.295166
9.9991E-05 0.275514 0.577475 0.146911
0.0872675 0.241426 0.540112 0.131194
0.026846 0.25707 0.575461 0.140624
9.9991E-05 0.243676 0.353271 0.402953
0.0129329 0.125033 0.587952 0.274082
9.9991E-05 0.297807 0.479432 0.222661
0.0648356 0.277243 0.365669 0.292253
0.255994 0.14705 0.430371 0.166585
0.0860471 0.0556136 0.696086 0.162253
0.0545447 0.16209 0.606314 0.177051
0.145046 0.127656 0.656637 0.070662
0.0449643 0.24501 0.430408 0.279618
9.9991E-05 0.244571 0.544119 0.211211
0.165255 0.303658 0.164575 0.366513
9.9991E-05 0.151601 0.569413 0.278886
0.108519 0.400072 0.170077 0.321332
0.150034 0.0135924 0.0291794 0.807194
0.591844 9.9991E-05 0.217117 0.190939
0.806373 9.9991E-05 0.00923453 0.184293
0.705539 9.9991E-05 0.0478342 0.246527
0.800723 9.9991E-05 0.0522662 0.146911
0.714914 9.9991E-05 0.124552 0.160434
0.711947 9.9991E-05 0.153187 0.134766
0.76471 9.9991E-05 0.00212081 0.233069
0.592731 9.9991E-05 0.0371665 0.370003
0.0330292 0.0208471 0.0484301 0.897694
0.0756746 9.9991E-05 0.0730797 0.851146
9.9991E-05 0.0433192 0.0130985 0.943482
0.0968234 9.9991E-05 0.0561697 0.846907
9.9991E-05 0.0659304 0.0157919 0.918178
0.0487795 0.0113265 9.9991E-05 0.939794
0.0387284 0.118455 0.0722945 0.770522
9.9991E-05 0.093611 0.0292961 0.876993
0.11273 0.00171299 0.122929 0.762628
9.9982E-05 0.107597 9.9982E-05 0.892203
9.998E-05 9.998E-05 9.998E-05 0.9997
0.0517177 0.0935206 9.9991E-05 0.854662
9.9982E-05 0.0233626 9.9982E-05 0.976437
9.9991E-05 0.0442383 0.0310958 0.924566
9.9991E-05 0.0722992 0.0576107 0.86999
9.9991E-05 0.0496697 0.103565 0.846665
9.9991E-05 0.161241 0.0610962 0.777563
9.9991E-05 0.105275 0.12391 0.770715
9.9991E-05 0.106447 0.0936662 0.799787
0.248631 0.0335274 0.532644 0.185197
0.117738 9.9991E-05 0.812181 0.0699813
0.119454 0.112633 0.64011 0.127803
0.634515 0.102709 0.180118 0.082658
0.2256 9.9991E-05 0.611302 0.162998
0.53911 0.114271 0.174558 0.172061
0.129208 0.0972935 0.682126 0.0913725
0.246535 9.9991E-05 0.596241 0.157123
0.190665 0.0141865 0.678133 0.117015
0.241437 9.9991E-05 0.713155 0.0453077
0.261736 9.9991E-05 0.573536 0.164628
0.116526 0.0142919 0.750523 0.118659
0.171762 9.9991E-05 0.700144 0.127993
0.771777 0.0883878 0.129848 0.00998763
0.843408 0.0503118 0.0105854 0.0956951
0.633177 0.0628462 0.176157 0.12782
0.233344 0.0807409 0.628917 0.0569984
0.17254 0.0363186 0.627826 0.163316
0.231754 0.0747297 0.589354 0.104163
0.0866705 0.0710405 0.820115 0.0221743
0.112074 0.226993 0.500943 0.159991
9.9991E-05 0.108564 0.702635 0.188702
0.197704 0.192257 0.156107 0.453931
0.12229 9.9991E-05 0.699289 0.178321
0.0796439 0.13079 0.517689 0.271878
0.295195 0.230825 9.9991E-05 0.47388
0.14048 0.19695 0.36791 0.294659
0.0913963 0.206654 0.352975 0.348975
9.9991E-05 0.0772503 0.551962 0.370687
0.0861121 0.266541 0.525814 0.121533
9.9991E-05 0.132195 0.631709 0.235996
0.0518853 0.260683 0.558913 0.128519
0.206581 0.244757 0.344959 0.203702
0.0060936 0.180811 0.327882 0.485214
