0.0117052 9.9982E-05 9.9982E-05 0.951522 0.036573
9.9982E-05 0.0167282 9.9982E-05 0.937047 0.0460244
0.0176121 9.9991E-05 0.106306 0.856202 0.0197791
0.0773133 9.9991E-05 0.0263539 0.778128 0.118105
0.105911 9.9982E-05 9.9982E-05 0.860155 0.0337341
0.0496655 0.123693 0.109424 0.674228 0.0429896
0.00889855 0.138142 0.0178305 0.835028 9.9991E-05
0.0251908 0.0375582 9.9991E-05 0.743642 0.193509
9.9982E-05 0.0782885 9.9982E-05 0.823159 0.098352
0.108775 0.0930522 0.05189 0.708635 0.0376484
9.999E-05 0.0491809 0.0647529 0.772026 0.113941
0.0797389 0.0899956 0.297924 9.9991E-05 0.532242
0.0845531 0.00490951 0.590062 9.9991E-05 0.320376
0.0813016 0.110129 0.266265 0.0200047 0.5223
0.182699 0.090051 0.281958 0.0232367 0.422054
0.239816 0.062388 0.32712 0.0415765 0.3291
0.0775854 0.101018 0.578781 0.0737726 0.168843
0.120626 0.106806 0.490933 9.9991E-05 0.281535
0.0356586 0.0492408 0.428952 0.141911 0.344238
0.104638 0.19747 0.00817662 0.0225881 0.667128
0.0930482 0.169274 0.468345 9.9991E-05 0.269233
0.131365 0.235167 0.429408 9.9991E-05 0.20396
0.0639093 0.128387 0.605146 9.9991E-05 0.202458
0.106542 0.161629 0.330946 9.9991E-05 0.400782
0.0993263 0.117441 0.621086 0.0590039 0.103143
0.0479177 0.118371 0.608139 0.069643 0.155929
0.151158 0.0855252 0.190846 0.0234053 0.549066
0.289323 0.111692 0.152045 9.9991E-05 0.44684
0.060099 0.24227 0.262428 9.9991E-05 0.435103
0.0709396 9.9982E-05 0.0956902 0.83317 9.9982E-05
0.0240639 9.9982E-05 0.118724 0.857012 9.9982E-05
0.0377622 9.9991E-05 0.150422 0.806393 0.0053228
0.0375937 9.9982E-05 0.216484 0.745722 9.9982E-05
0.00469757 0.111058 0.649008 0.133301 0.101935
0.0289817 0.0623411 0.708538 0.0638072 0.136332
9.9991E-05 0.180825 0.733991 0.0267528 0.0583312
0.0430637 0.0581411 0.193868 0.0754105 0.629517
9.9991E-05 0.392738 0.506862 0.0450708 0.0552292
0.0210351 0.136403 0.57726 0.0827895 0.182512
0.124161 0.0906785 0.769039 0.00881344 0.0073083
9.9982E-05 0.155012 0.667285 0.177503 9.9982E-05
0.0338616 0.0527147 0.671462 0.0940409 0.14792
9.9991E-05 0.447715 0.320425 0.0208957 0.210865
0.0994534 0.134276 0.642019 0.0909614 0.0332902
0.115114 0.185313 0.651559 0.0479138 9.9991E-05
0.129037 0.070383 0.619215 0.136596 0.0447692
9.9982E-05 0.429064 0.569028 9.9982E-05 0.0017082
9.9982E-05 0.112662 0.766924 0.120214 9.9982E-05
0.0419941 0.194671 0.649906 0.113328 9.9991E-05
9.9991E-05 0.78051 0.0244885 0.0780288 0.116873
0.0145218 0.263024 0.2371 9.9991E-05 0.485255
0.0360107 0.541187 0.170427 0.022866 0.229509
0.154493 0.00169994 0.526392 0.106246 0.21117
0.166133 0.0890556 0.563066 0.131502 0.050244
0.168002 0.108707 0.544134 0.0712987 0.107858
9.9991E-05 0.192665 0.280817 0.120642 0.405777
0.070047 0.140018 0.54283 9.9991E-05 0.247005
0.200044 0.176066 0.467989 0.0694807 0.0864207
0.0649199 0.26849 0.419966 0.0661427 0.180481
0.0728938 0.258671 0.134961 0.177999 0.355475
0.078413 0.14743 0.621569 0.0152194 0.137368
0.1016 0.161595 0.427159 0.0439437 0.265703
9.9991E-05 0.277349 0.074335 0.0308657 0.61735
0.0507539 0.135732 0.604356 9.9991E-05 0.209058
0.0645985 0.153068 0.69321 0.0890237 9.9991E-05
0.125857 0.136122 0.508906 0.103526 0.125589
0.102432 0.284207 0.324817 0.0189702 0.269574
0.0706299 0.231172 0.521724 9.9991E-05 0.176373
0.0455617 0.121072 0.566704 0.0594624 0.2072
0.0219426 0.328714 0.229017 9.9991E-05 0.420226
9.9982E-05 0.172146 0.72364 9.9982E-05 0.104013
9.9982E-05 0.342476 0.472065 9.9982E-05 0.18526
0.0248224 0.149362 0.588052 0.140359 0.097404
9.9982E-05 0.749217 0.207503 9.9982E-05 0.0430803
9.9982E-05 0.700596 0.210997 9.9982E-05 0.0882075
9.9982E-05 0.475483 0.474495 9.9982E-05 0.0498226
9.9991E-05 0.253468 0.673044 0.0269351 0.0464532
0.0227241 0.0959331 0.600909 0.180794 0.0996399
0.079985 0.313184 0.516137 0.00161967 0.0890748
9.9991E-05 0.264963 0.425223 0.0229233 0.286791
9.9982E-05 0.224478 0.443257 9.9982E-05 0.332065
0.10485 0.111754 0.605759 0.0322601 0.145377
0.0528661 0.358317 0.50786 9.9991E-05 0.0808569
0.00521172 0.321257 0.533801 0.0799038 0.059826
9.9973E-05 0.429253 0.570447 9.9973E-05 9.9973E-05
9.9982E-05 0.772442 0.159469 9.9982E-05 0.0678887
9.9991E-05 0.0596113 0.774444 0.0898159 0.0760289
9.9982E-05 9.9982E-05 0.103195 0.830526 0.0660795
9.9973E-05 9.9973E-05 0.0748469 0.924853 9.9973E-05
0.103558 9.9982E-05 9.9982E-05 0.89491 0.0013324
0.00773122 9.9982E-05 0.0415792 0.95049 9.9982E-05
0.0608257 0.0127508 0.0624262 0.863897 9.9991E-05
9.9973E-05 9.9973E-05 0.0763479 0.923352 9.9973E-05
9.9973E-05 9.9973E-05 0.0567654 0.942935 9.9973E-05
0.0215616 0.164315 0.641212 0.172007 0.00090438
0.0548544 0.150331 0.669977 0.124737 9.9991E-05
9.9982E-05 0.529088 0.299351 9.9982E-05 0.171361
0.118084 0.190433 0.573346 0.109289 0.0088492
9.9991E-05 0.180241 0.609451 0.0535226 0.156685
9.9982E-05 0.241449 0.686165 0.0721864 9.9982E-05
0.00374403 0.261546 0.679835 0.054775 9.9991E-05
0.0135004 0.300786 0.685513 9.9982E-05 9.9982E-05
9.9982E-05 0.513219 0.14164 9.9982E-05 0.344941
0.0533392 0.125747 0.565026 0.190004 0.0658839
0.0247561 0.0902325 0.672189 0.0957181 0.117104
0.0636233 0.0643838 0.660304 0.131824 0.0798652
9.9982E-05 0.486751 0.483123 9.9982E-05 0.0299255
0.00339721 0.308093 0.68831 9.9982E-05 9.9982E-05
9.9982E-05 0.136491 0.648539 9.9982E-05 0.21477
0.0194995 0.425399 0.554902 9.9982E-05 9.9982E-05
9.9991E-05 0.121485 0.634531 0.0694251 0.174459
0.0722634 0.0891756 0.719637 0.0639961 0.0549281
0.0445233 0.268691 0.310883 0.0102238 0.365679
0.100037 9.9991E-05 0.44582 0.0733064 0.380737
0.0605215 0.130234 0.569843 0.0976697 0.141732
0.0132985 0.127892 0.666709 0.0439596 0.14814
9.9991E-05 0.0180761 0.606033 0.0425229 0.333268
0.109003 0.0106706 0.602585 0.0241328 0.253609
0.0366644 9.9982E-05 0.536132 9.9982E-05 0.427004
0.0464263 0.130889 0.577355 0.100582 0.144747
0.0522594 0.0777215 0.611078 0.117878 0.141063
0.0339102 0.0677627 0.634963 0.0145969 0.248767
9.9982E-05 9.9982E-05 0.620339 0.0138738 0.365587
0.0535868 0.0476548 0.714021 9.9991E-05 0.184637
0.139681 0.155838 0.520063 0.118477 0.0659414
0.096781 0.000631154 0.646947 9.9991E-05 0.255541
0.147196 0.0812193 0.598198 0.0993363 0.0740505
0.132397 0.135267 0.557214 9.9991E-05 0.175021
0.0409336 0.251419 0.375514 0.0937916 0.238342
0.0854006 0.0838077 0.630976 9.9991E-05 0.199716
0.128205 9.9991E-05 0.683618 0.0385142 0.149563
0.0970391 0.210139 0.288061 9.9991E-05 0.404661
0.0472453 0.380112 0.185915 0.0603833 0.326344
0.0672053 0.0911232 0.579491 0.0296887 0.232492
0.106979 0.464928 0.107653 9.9991E-05 0.32034
0.0375293 0.184559 0.301323 0.0354032 0.441186
9.9991E-05 0.102352 0.587178 0.0228177 0.287552
9.9991E-05 0.0885438 0.436813 0.0330365 0.441506
0.0514289 0.13342 0.32157 9.9991E-05 0.493481
0.0549307 0.0371082 0.746968 0.0423669 0.118626
0.110413 0.191949 0.547725 0.0605444 0.0893688
0.0554216 0.100139 0.621399 0.0244075 0.198633
0.0908563 0.381638 0.151974 9.9991E-05 0.375431
0.0237518 0.142659 0.546563 0.192144 0.094882
0.0753422 0.243598 0.606634 0.0418824 0.0325438
9.9991E-05 0.655759 0.0375632 0.187643 0.118935
0.0862898 0.104137 0.68431 0.125163 9.9991E-05
0.0514177 0.366132 0.434096 0.112023 0.0363316
0.120977 0.268255 0.452919 0.085773 0.0720758
0.00721551 0.475788 0.261963 0.183924 0.0711106
9.9991E-05 0.410331 0.308989 0.116946 0.163633
0.00622364 0.251651 0.545718 0.0765972 0.11981
0.109926 0.216645 0.515542 0.0580143 0.0998728
0.12194 0.169034 0.450139 0.111822 0.147066
0.216685 0.611872 0.0144764 0.117302 0.0396652
0.0560103 0.191215 0.582807 0.0860027 0.0839642
9.9982E-05 0.375659 0.43064 9.9982E-05 0.193501
0.011031 0.267409 0.60494 9.9991E-05 0.11652
0.012317 0.123024 0.657389 0.207171 9.9991E-05
0.32352 0.221856 0.10302 0.342746 0.00885848
0.150301 0.234202 9.9982E-05 0.615297 9.9982E-05
0.175388 0.38053 9.9982E-05 0.443882 9.9982E-05
0.382639 0.179644 0.0155112 0.39931 0.0228959
0.126044 0.235024 0.576172 0.0446125 0.0181482
0.0925069 0.0398395 0.575517 0.14229 0.149847
0.710427 9.9982E-05 0.243785 9.9982E-05 0.045588
0.523434 9.9982E-05 0.292321 9.9982E-05 0.184045
0.429561 0.0523925 0.359728 0.0513305 0.106988
0.0383336 0.535226 0.400265 0.0260757 9.9991E-05
0.0270485 0.252532 0.563544 0.156775 9.9991E-05
0.0244804 0.67912 0.236877 0.0294654 0.0300572
0.109828 0.268027 0.584504 0.0100075 0.0276349
0.0762064 0.338329 0.497346 0.0245028 0.0636159
0.0892165 0.246435 0.613772 0.0504766 9.9991E-05
0.0327596 0.674007 0.245589 9.9991E-05 0.0475438
0.14025 0.158915 0.58878 0.103556 0.0084995
0.00678392 0.184048 0.717375 0.0256879 0.0661057
0.980084 0.0196165 9.9973E-05 9.9973E-05 9.9973E-05
0.937778 9.9982E-05 0.0427553 9.9982E-05 0.0192662
0.710361 0.0348035 0.166713 0.0297744 0.0583479
0.770557 9.9982E-05 0.226711 0.00253276 9.9982E-05
0.804211 9.9982E-05 0.145843 0.049746 9.9982E-05
0.9996 9.997E-05 9.997E-05 9.997E-05 9.997E-05
0.962149 9.9973E-05 9.9973E-05 9.9973E-05 0.0375512
0.901963 9.9973E-05 0.0977376 9.9973E-05 9.9973E-05
0.959743 9.9973E-05 9.9973E-05 9.9973E-05 0.0399573
0.9996 9.997E-05 9.997E-05 9.997E-05 9.997E-05
0.9996 9.997E-05 9.997E-05 9.997E-05 9.997E-05
0.768759 9.9982E-05 0.176775 0.0542662 9.9982E-05
0.836671 9.9991E-05 0.0697611 0.00325341 0.0902148
0.960272 9.9973E-05 9.9973E-05 9.9973E-05 0.0394282
0.471533 0.047401 0.31173 0.122512 0.0468242
0.713662 9.9991E-05 0.175821 0.0247418 0.0856755
0.833148 9.9982E-05 0.10308 9.9982E-05 0.0635729
0.899154 9.9991E-05 0.0548485 0.021554 0.0243433
0.973943 9.9973E-05 0.0257573 9.9973E-05 9.9973E-05
0.941264 9.9982E-05 9.9982E-05 0.0490563 0.00948007
0.9996 9.997E-05 9.997E-05 9.997E-05 9.997E-05
0.669652 9.9982E-05 0.304753 0.0253952 9.9982E-05
0.929146 0.0664283 9.9982E-05 9.9982E-05 0.00422543
0.0584787 0.522807 9.9982E-05 0.418514 9.9982E-05
0.157242 0.187364 0.415921 0.186019 0.0534533
0.0763161 0.159446 0.432435 0.276737 0.0550659
0.178077 0.424725 0.122588 0.27451 9.9991E-05
0.190404 0.194127 0.452079 0.163289 9.9991E-05
0.164581 0.409309 0.145385 0.280625 9.9991E-05
0.081201 0.0730787 0.503386 0.267936 0.074399
0.236143 0.26232 0.301664 0.165429 0.0344436
0.156628 0.217124 0.455707 0.170442 9.9991E-05
0.212082 0.311089 0.308513 0.168216 9.9991E-05
0.141494 0.0683017 0.521005 0.142536 0.126663
9.9991E-05 0.0276299 0.0306319 0.863425 0.0782132
0.069186 0.00454056 9.9982E-05 0.926073 9.9982E-05
9.9973E-05 0.0154786 9.9973E-05 0.984221 9.9973E-05
9.9973E-05 9.9973E-05 9.9973E-05 0.933166 0.0665344
0.0378073 9.9982E-05 9.9982E-05 0.908024 0.053969
0.0949159 9.9973E-05 9.9973E-05 0.904784 9.9973E-05
0.0548621 9.9982E-05 0.0318534 0.913085 9.9982E-05
9.9991E-05 0.0486844 0.00555952 0.919913 0.0257433
9.9991E-05 0.0285781 0.0719908 0.89389 0.00544122
0.121015 9.9973E-05 9.9973E-05 0.878685 9.9973E-05
9.9982E-05 0.0749068 9.9982E-05 0.614185 0.310708
0.00720429 0.0412628 9.9991E-05 0.587751 0.363682
9.9982E-05 0.18803 9.9982E-05 0.544396 0.267374
9.9982E-05 0.154588 9.9982E-05 0.494258 0.350955
0.0270356 0.135156 0.600788 0.079306 0.157714
9.9991E-05 0.144638 0.630863 0.0445051 0.179893
9.9991E-05 0.125732 0.705686 0.0109353 0.157547
9.9991E-05 0.129995 0.572196 0.0403686 0.257341
0.0208833 0.128427 0.201704 9.9991E-05 0.648886
0.0331222 0.146393 0.754307 0.0388373 0.0273405
0.0236233 0.14013 0.687424 9.9991E-05 0.148723
9.9991E-05 0.219589 0.691326 0.0490552 0.0399302
9.9982E-05 0.367455 0.592434 9.9982E-05 0.0399106
0.11837 0.156208 0.616462 0.00243828 0.106521
9.9982E-05 0.263886 0.580622 9.9982E-05 0.155292
9.9982E-05 0.677246 0.138901 9.9982E-05 0.183653
0.014296 0.14984 0.575259 0.126247 0.134358
9.9982E-05 0.563143 0.416174 0.020483 9.9982E-05
0.00706454 0.262349 0.677855 9.9991E-05 0.0526317
9.9982E-05 0.376399 0.331941 9.9982E-05 0.29146
9.9982E-05 0.0913496 9.9982E-05 0.157238 0.751212
9.9991E-05 0.0696461 0.0846492 0.1405 0.705105
9.9982E-05 0.104292 9.9982E-05 0.0817125 0.813796
9.9982E-05 0.081172 9.9982E-05 0.0894788 0.829149
0.0336975 0.0960554 0.0205677 0.0388601 0.810819
0.0573749 0.0450705 0.105021 0.0560745 0.736459
0.0615796 0.0527721 0.0109534 0.874595 9.9991E-05
0.0213251 9.9991E-05 0.0360652 0.851819 0.0906902
0.152668 9.9982E-05 0.0859803 0.761152 9.9982E-05
0.125197 9.9991E-05 0.00303864 0.7732 0.0984646
0.0979194 9.9991E-05 0.0332047 0.807224 0.0615515
9.9982E-05 0.0375959 9.9982E-05 0.381732 0.580472
9.9982E-05 0.162929 9.9982E-05 0.42724 0.409631
9.9991E-05 0.0189961 0.0273033 0.447543 0.506057
0.0351142 9.9982E-05 0.114567 0.850119 9.9982E-05
9.9982E-05 0.0655533 9.9982E-05 0.400547 0.5337
0.403571 0.109109 0.270265 0.216954 9.9991E-05
0.271971 0.0212521 0.556464 0.107601 0.0427122
0.32478 9.9982E-05 0.484733 0.190287 9.9982E-05
0.288625 0.13522 0.313396 0.262659 9.9991E-05
0.196713 9.9991E-05 0.489736 0.173848 0.139604
0.294462 0.196303 9.9982E-05 0.509035 9.9982E-05
0.00994591 0.0514018 0.605724 0.0263263 0.306602
0.0364002 0.363889 0.362327 0.046429 0.190955
9.9982E-05 9.9982E-05 0.3218 0.099718 0.578282
0.0348514 0.31499 0.496757 9.9991E-05 0.153302
9.9973E-05 0.808184 9.9973E-05 9.9973E-05 0.191516
0.152739 0.109531 0.528447 0.0581009 0.151182
0.0286041 0.214455 0.480039 0.0449985 0.231903
9.9991E-05 0.103605 0.419942 0.0521507 0.424203
0.0328845 0.0031946 0.650876 0.112617 0.200427
9.9991E-05 0.553124 0.173472 0.0113906 0.261914
0.0726397 0.295273 0.461847 9.9991E-05 0.17014
0.0400013 0.0830841 0.561923 0.00558488 0.309407
0.214474 0.183681 0.419196 0.15471 0.0279382
0.0231091 0.264964 0.423261 9.9991E-05 0.288566
0.0649052 0.0939817 0.505832 9.9991E-05 0.335181
0.0534567 0.307641 0.509821 0.0337924 0.0952886
0.00923097 0.13031 0.629626 0.0428196 0.188013
0.12834 0.00162613 0.676945 0.0537532 0.139336
0.0709429 0.103551 0.647186 0.0936181 0.084702
9.9991E-05 0.0312236 0.673961 0.158593 0.136123
0.066844 9.9982E-05 0.113168 0.819788 9.9982E-05
0.0315375 0.0230342 0.0936899 0.851638 9.9991E-05
9.9991E-05 0.0263835 0.105247 0.794922 0.0733483
0.0373509 0.0512869 0.0425928 0.835786 0.0329835
9.9973E-05 9.9973E-05 0.112178 0.887522 9.9973E-05
0.0801256 0.103563 0.196231 9.9991E-05 0.61998
0.148155 0.188149 0.526321 9.9991E-05 0.137275
0.198131 0.0753025 0.481231 0.245236 9.9991E-05
0.0489567 9.9991E-05 0.76523 0.0757741 0.10994
9.9991E-05 0.0856431 0.584344 0.0682937 0.261619
0.134035 0.307363 0.229353 0.0174471 0.311802
9.9982E-05 0.254667 9.9982E-05 0.116547 0.628586
0.0574838 0.058618 0.527265 0.023659 0.332974
0.0451268 0.156502 0.215614 0.0818855 0.500871
0.131308 0.178002 0.432436 0.043494 0.21476
0.0405881 0.147131 0.147034 0.0979245 0.567322
0.133477 0.0251691 0.570217 0.135284 0.135853
0.0523781 0.0991532 0.237336 0.0565558 0.554577
0.111004 0.193153 0.385608 0.00581463 0.30442
0.08582 0.281266 0.395966 0.0857921 0.151156
0.0374344 0.543919 0.327379 0.0707546 0.0205131
0.0120217 0.224786 0.636276 0.106566 0.0203503
0.118294 0.165611 0.596348 0.119646 9.9991E-05
0.0266779 0.469708 0.409975 0.0222159 0.0714228
0.106417 0.202856 0.52582 0.0896546 0.075252
0.000579546 0.250417 0.614712 0.0846861 0.0496052
9.9982E-05 0.792776 0.172028 9.9982E-05 0.0349962
9.9982E-05 0.657047 0.331541 0.0112119 9.9982E-05
0.0551533 0.380571 0.522349 0.0349318 0.00699487
9.9991E-05 0.629837 0.236864 0.0632863 0.0699126
9.9991E-05 0.217401 0.557792 0.0192322 0.205475
0.0664342 0.123557 0.140309 9.9991E-05 0.6696
0.0444597 0.313367 0.321085 9.9991E-05 0.320988
0.0785924 9.9982E-05 0.411997 9.9982E-05 0.509211
0.128588 0.00423976 0.598577 0.0479845 0.22061
0.0119214 0.153291 0.358649 9.9991E-05 0.476039
0.062081 0.269814 0.521023 0.0894192 0.0576637
0.0718554 0.00851731 0.662765 0.04209 0.214772
0.103681 0.00253707 0.528209 0.0133404 0.352232
0.173908 9.9991E-05 0.504275 0.00823586 0.313481
0.123823 0.03566 0.485254 9.9991E-05 0.355163
0.0972887 0.144397 0.255323 9.9991E-05 0.502892
0.138107 0.0605096 0.342205 0.0295374 0.429641
0.0341184 0.0567309 0.675971 9.9991E-05 0.233079
0.092641 0.133268 0.653367 0.07761 0.0431135
0.0577131 0.266997 0.416606 0.0623669 0.196317
0.173075 0.0638941 0.504019 9.9991E-05 0.258912
0.111004 9.9991E-05 0.346762 0.0820339 0.4601
0.083644 9.9991E-05 0.67467 0.0283178 0.213268
0.19066 0.0644485 0.495615 0.0103306 0.238945
0.181867 9.9991E-05 0.520793 0.0631189 0.234121
0.15679 9.9991E-05 0.447379 0.35927 0.0364607
0.21707 0.093894 0.505566 0.18337 9.9991E-05
0.108336 0.0933574 0.593457 0.152103 0.0527461
0.143383 0.174938 0.597311 0.080673 0.00369523
0.262782 0.0854895 0.449043 0.202586 9.9991E-05
0.0516013 0.328701 0.487383 9.9991E-05 0.132214
0.123572 0.089651 0.62018 0.166497 9.9991E-05
0.103358 0.534729 0.0556434 0.306169 9.9991E-05
0.163496 0.168941 0.525197 0.142266 9.9991E-05
0.236612 0.0709854 0.55415 0.104803 0.0334501
0.26886 0.0665965 0.497118 0.108757 0.0586674
0.186748 0.240942 0.316435 0.209082 0.0467935
0.180731 9.9991E-05 0.572764 0.189807 0.0565975
0.229017 0.104284 0.514439 0.15216 9.9991E-05
0.147459 0.363084 9.9982E-05 0.489257 9.9982E-05
0.162074 0.00503081 0.606588 0.226207 9.9991E-05
0.280822 0.0228483 0.51068 0.17417 0.0114797
0.149086 0.13818 0.618213 0.0944202 9.9991E-05
0.147908 9.9982E-05 0.579712 0.27218 9.9982E-05
0.194681 0.106506 0.522737 0.175975 9.9991E-05
0.143771 0.316721 0.429598 0.0425786 0.0673321
0.0318412 0.126028 0.680213 0.0627826 0.0991344
0.00413101 0.730214 0.167251 9.9991E-05 0.0983048
0.0103427 0.82089 0.126615 9.9991E-05 0.0420515
0.111085 0.25916 0.535443 9.9991E-05 0.0942116
0.356801 0.154567 0.342606 0.145926 9.9991E-05
0.420451 0.182852 0.284543 0.112054 9.9991E-05
0.381726 0.248082 0.163331 0.199721 0.0071391
0.318558 0.157259 0.32783 0.174769 0.0215844
0.167659 0.678079 0.0773758 0.0767855 9.9991E-05
0.160907 0.543242 0.202509 0.0932416 9.9991E-05
0.147671 0.224957 0.596723 0.0192359 0.0114131
0.19543 0.285552 0.517603 0.00131564 9.9991E-05
0.130773 0.469071 0.270225 0.069778 0.0601533
0.167653 0.230121 0.520032 0.0638839 0.01831
0.128848 0.217096 0.628062 0.0258932 9.9991E-05
0.200016 0.106764 0.392176 0.110399 0.190645
9.9991E-05 0.505892 0.440648 0.0202549 0.0331058
0.0677657 0.36067 0.408774 0.0142177 0.148573
0.0883583 0.262277 0.587436 0.0618284 9.9991E-05
0.0462836 0.353133 0.432482 0.107058 0.0610436
0.259644 0.269426 0.391454 9.9991E-05 0.0793756
0.0542635 0.39785 0.531731 9.9991E-05 0.016056
9.9982E-05 0.593881 0.366073 9.9982E-05 0.0398459
0.0632815 0.289747 0.6109 0.0359712 9.9991E-05
0.0264563 0.591096 0.306993 9.9991E-05 0.0753544
9.9982E-05 0.432661 0.511954 0.0551847 9.9982E-05
0.0997952 0.148278 0.629163 0.0623455 0.0604179
0.0510522 0.28699 0.600157 0.0071568 0.0546439
0.212765 0.114374 0.520082 0.15268 9.9991E-05
0.242168 0.167692 0.386109 0.136498 0.0675326
0.32245 0.112055 0.316935 0.207336 0.0412242
0.210343 0.0755578 0.308572 0.274525 0.131003
0.280643 0.0169507 0.318456 0.160255 0.223696
0.150218 0.211925 0.471255 0.162571 0.00403204
0.2137 0.567976 9.9982E-05 0.218124 9.9982E-05
0.23271 9.9991E-05 0.536223 0.130766 0.100202
0.168996 0.416877 9.9982E-05 0.413927 9.9982E-05
0.228739 0.19026 0.518846 0.0620544 9.9991E-05
9.9973E-05 0.750172 0.249528 9.9973E-05 9.9973E-05
0.0224459 0.877236 0.0282431 9.9991E-05 0.0719747
0.0478771 0.399563 0.527687 9.9991E-05 0.0247729
0.0992894 0.224163 0.676347 9.9982E-05 9.9982E-05
0.00888949 0.469231 0.52168 9.9982E-05 9.9982E-05
0.0368954 0.338823 0.580837 0.0328189 0.0106256
0.0276935 0.399665 0.572442 9.9982E-05 9.9982E-05
0.0583954 0.0229816 0.07217 0.813307 0.0331465
0.123827 0.0211044 9.9991E-05 0.743414 0.111554
0.0240449 9.9982E-05 9.9982E-05 0.946225 0.0295304
9.9973E-05 9.9973E-05 0.0411174 0.958583 9.9973E-05
0.0343771 0.135373 0.63195 0.115109 0.0831915
9.9991E-05 0.194757 0.648457 0.035101 0.121585
9.9991E-05 0.230316 0.676303 0.0291821 0.0640994
9.9991E-05 0.156697 0.715026 0.115817 0.0123598
0.0783385 0.107707 0.626856 0.12965 0.0574489
9.9991E-05 0.465226 0.414929 0.0112596 0.108486
9.9982E-05 0.157321 0.824156 9.9982E-05 0.0183232
9.9982E-05 0.447776 0.542844 0.00918061 9.9982E-05
0.182974 9.9991E-05 0.461687 0.290449 0.0647903
0.030103 0.301635 0.546421 9.9991E-05 0.121742
9.9982E-05 0.265706 0.518386 9.9982E-05 0.215708
9.9982E-05 0.201341 0.706706 9.9982E-05 0.0917531
9.9982E-05 0.203626 0.60005 9.9982E-05 0.196123
9.9973E-05 0.252913 0.746787 9.9973E-05 9.9973E-05
9.9982E-05 0.18257 0.748455 0.0687753 9.9982E-05
9.9973E-05 0.677265 0.322435 9.9973E-05 9.9973E-05
9.9982E-05 0.461077 0.499542 9.9982E-05 0.0391813
9.9982E-05 0.388327 0.490554 9.9982E-05 0.120919
9.9973E-05 0.896711 0.102989 9.9973E-05 9.9973E-05
0.0232508 0.169714 0.546828 0.037133 0.223074
9.9982E-05 0.677065 0.309841 9.9982E-05 0.012894
9.9982E-05 0.804289 0.113155 9.9982E-05 0.0823558
9.9982E-05 0.271855 0.722892 9.9982E-05 0.00505314
9.9991E-05 0.36097 0.407651 0.0165207 0.214758
0.00853521 0.171283 0.67417 9.9991E-05 0.145911
0.00168082 0.0920918 0.755311 0.150816 9.9991E-05
9.9982E-05 0.102556 0.694696 9.9982E-05 0.202548
0.158346 0.237833 0.32041 9.9991E-05 0.283311
9.9991E-05 0.125389 0.709529 0.0479223 0.11706
9.9991E-05 0.162109 0.620614 0.0675346 0.149642
9.9982E-05 0.422854 0.513678 9.9982E-05 0.0632684
0.0442134 0.180985 0.651138 0.0221154 0.101549
9.9991E-05 0.0375983 0.0126533 0.64876 0.300889
0.00857472 0.0327369 0.0571481 0.76868 0.13286
9.9982E-05 0.0385606 9.9982E-05 0.838715 0.122524
9.9982E-05 0.0324655 9.9982E-05 0.833445 0.133889
9.9991E-05 0.000727641 0.0427751 0.7595 0.196898
9.9991E-05 0.424491 0.294258 0.0207724 0.260379
9.9991E-05 0.415964 0.33592 0.0099342 0.238081
9.9973E-05 0.599494 0.400206 9.9973E-05 9.9973E-05
0.0386557 0.0790825 0.661784 0.153253 0.0672245
0.0548884 0.107805 0.645668 0.140528 0.0511111
9.9982E-05 0.450098 0.448208 0.101494 9.9982E-05
0.0372466 0.155102 0.779954 0.0275975 9.9991E-05
9.9982E-05 0.351969 0.617282 0.0305491 9.9982E-05
9.9991E-05 0.147176 0.69773 0.0339656 0.121029
0.0661692 0.0895278 0.697263 0.0314614 0.115579
9.9982E-05 0.367093 0.43029 9.9982E-05 0.202416
9.9982E-05 0.274393 0.574211 9.9982E-05 0.151197
9.9982E-05 0.200664 0.604275 9.9982E-05 0.194862
9.9991E-05 0.112635 0.706424 0.151851 0.0289902
9.9982E-05 0.234905 0.630665 9.9982E-05 0.13423
9.9991E-05 0.194956 0.694919 0.0705262 0.0394983
0.469147 0.0469729 0.41217 0.0525281 0.0191823
0.476987 0.0831259 0.347312 0.0924744 9.9991E-05
0.447496 9.9982E-05 0.416249 0.136055 9.9982E-05
0.536703 0.0718042 0.234126 0.157266 9.9991E-05
0.293463 9.9991E-05 0.514694 0.143577 0.0481662
0.0224821 0.355784 0.587096 0.0345373 9.9991E-05
0.667932 0.0356085 9.9982E-05 0.296259 9.9982E-05
0.507716 0.0820241 0.243607 0.163893 0.00275957
0.205211 0.181517 0.429702 0.18347 9.9991E-05
0.0247438 0.115017 0.632517 0.193569 0.0341528
0.0660983 0.217119 0.529905 0.118101 0.0687762
0.037851 0.0524233 0.6598 0.150109 0.0998171
0.0792125 0.0897494 0.623127 0.0889738 0.118937
0.481521 9.9982E-05 0.336826 0.181453 9.9982E-05
0.456904 0.0187156 0.345213 0.152044 0.0271225
0.53433 9.9982E-05 0.38498 0.0804906 9.9982E-05
0.398373 9.9991E-05 0.420593 0.142989 0.0379452
0.529238 9.9982E-05 0.321649 0.148913 9.9982E-05
0.318657 0.0135175 0.537614 0.130111 9.9991E-05
0.566638 0.0649671 0.221142 0.147153 9.9991E-05
0.405985 0.0460979 0.362577 0.0456006 0.13974
0.137327 0.248655 0.517888 0.0960297 9.9991E-05
0.371694 9.9991E-05 0.401976 0.182228 0.0440013
0.665298 0.0310377 0.112889 0.190676 9.9991E-05
0.417236 0.0661777 0.311845 0.12881 0.0759313
9.9991E-05 0.289517 0.235764 0.194878 0.279741
0.135674 0.157756 0.582774 0.0303945 0.0934016
0.277833 9.9991E-05 0.457412 0.180571 0.0840842
0.0824257 0.0539412 0.63089 0.121136 0.111607
0.0173016 0.252887 0.531109 0.190223 0.00848056
0.258898 0.150819 0.352787 0.20599 0.0315049
0.269943 0.149928 0.333231 0.246798 9.9991E-05
0.178709 0.00396948 0.554924 0.0993894 0.163008
0.362079 9.9991E-05 0.426962 0.180338 0.030521
0.551941 0.0426829 0.337193 0.0680834 9.9991E-05
0.613941 9.9982E-05 0.121901 0.263958 9.9982E-05
9.9982E-05 0.123575 0.73282 0.143405 9.9982E-05
9.9991E-05 0.165424 0.579823 0.185161 0.0694927
0.0746994 0.572311 0.178999 0.17389 9.9991E-05
0.0793142 0.0576037 0.620091 0.187757 0.055234
0.0474754 0.158326 0.485383 0.111627 0.197189
0.23531 0.037849 0.48206 0.134657 0.110124
0.0982022 0.159542 0.509408 0.186382 0.0464655
0.207242 0.436431 9.9982E-05 0.356127 9.9982E-05
0.162703 0.498576 9.9982E-05 0.33852 9.9982E-05
0.128916 0.27166 0.323512 0.176133 0.099778
0.262237 0.37727 0.00953112 0.350863 9.9991E-05
0.256143 0.27008 9.9982E-05 0.473577 9.9982E-05
0.177863 0.307528 0.362294 0.152215 9.9991E-05
0.207196 0.16338 0.396804 0.23252 9.9991E-05
0.251693 0.301832 0.151971 0.287611 0.00689334
0.172458 0.421469 0.0442925 0.361681 9.9991E-05
0.18482 0.173185 0.431084 0.114444 0.0964668
0.146545 0.45149 0.14918 0.244005 0.00878002
0.0820679 0.411522 9.9982E-05 0.50621 9.9982E-05
0.161424 0.126465 0.520698 0.191313 9.9991E-05
0.380464 0.168368 0.231809 0.149894 0.0694639
0.115569 9.9991E-05 0.50225 0.337743 0.044338
0.383045 9.9982E-05 0.493568 0.123187 9.9982E-05
0.307632 0.0730886 0.461708 0.157471 9.9991E-05
0.34576 0.0802828 0.387265 0.150412 0.0362807
0.245427 0.0416046 0.332271 0.369534 0.0111629
0.174538 9.9982E-05 0.59088 0.234383 9.9982E-05
0.341578 9.9991E-05 0.423697 0.174719 0.0599064
0.278201 0.102904 0.236441 0.33109 0.0513643
0.16939 0.173129 0.36415 0.141749 0.151582
0.0197394 0.0527142 0.584287 0.253307 0.0899526
0.177304 9.9991E-05 0.545392 0.18122 0.0959842
0.0977432 0.103281 0.709595 0.0878039 0.00157622
0.245287 0.0163327 0.38901 0.34927 9.9991E-05
0.215426 0.115779 0.437462 0.231232 9.9991E-05
0.261116 0.208368 0.117314 0.413102 9.9991E-05
0.224651 9.9991E-05 0.509154 0.205438 0.0606576
0.371115 0.258836 0.129525 0.240424 9.9991E-05
9.9991E-05 0.0130267 0.040476 0.800085 0.146312
9.9991E-05 0.0419966 0.132589 0.0444593 0.780855
9.997E-05 9.997E-05 9.997E-05 9.997E-05 0.9996
9.9973E-05 9.9973E-05 9.9973E-05 0.033192 0.966508
0.031785 9.9973E-05 9.9973E-05 9.9973E-05 0.967915
0.0544791 9.9982E-05 0.0332561 9.9982E-05 0.912065
9.9973E-05 9.9973E-05 0.0416448 9.9973E-05 0.958055
9.9973E-05 9.9973E-05 9.9973E-05 0.031848 0.967852
9.9973E-05 9.9973E-05 9.9973E-05 0.199434 0.800266
0.0186531 0.0279227 0.0365148 0.916809 9.9991E-05
9.9982E-05 9.9982E-05 0.0610374 0.796292 0.142471
0.0296914 0.0491732 9.9988E-05 0.920935 9.9988E-05
9.9991E-05 0.0168279 0.0469275 0.827502 0.108643
0.0734522 0.0109142 9.9991E-05 0.899301 0.016233
9.9982E-05 0.0184728 9.9982E-05 0.908639 0.0726883
0.153534 9.9991E-05 0.041303 0.74801 0.0570534
0.0483835 0.0293981 0.0322201 0.889898 9.9991E-05
0.00314231 0.0234065 0.133004 0.739654 0.100792
0.0654109 9.9982E-05 0.0164018 0.917987 9.9982E-05
9.9973E-05 9.9973E-05 9.9973E-05 0.957075 0.0426248
0.0565933 0.0646935 9.9982E-05 0.878513 9.9982E-05
0.000117852 9.9991E-05 0.00593796 0.972164 0.0216805
0.0108335 0.0129984 0.0481637 0.927904 9.9991E-05
0.0412105 9.9991E-05 0.0894945 0.862191 0.00700415
0.0247013 9.9982E-05 0.108121 0.866978 9.9982E-05
0.15399 9.9982E-05 0.0746259 0.771185 9.9982E-05
0.0803631 9.9982E-05 0.144672 0.774765 9.9982E-05
0.0795317 9.9982E-05 0.101032 0.819237 9.9982E-05
0.0367053 0.255628 0.464209 0.159321 0.0841368
0.0286251 0.134775 0.740731 0.0957693 9.9991E-05
0.0603883 0.117794 0.628044 0.150506 0.043267
0.0361245 0.664762 0.167469 0.131544 9.9991E-05
9.9991E-05 0.112778 0.610612 0.152696 0.123814
0.0424102 0.617665 0.150668 0.189157 9.9991E-05
0.104377 0.16785 0.616286 0.111387 9.9991E-05
9.9991E-05 0.146011 0.562443 0.136011 0.155436
0.0506432 0.163456 0.617107 0.0744862 0.094307
0.00401214 0.202349 0.700632 0.0462992 0.0467077
9.9991E-05 0.160261 0.504909 0.152845 0.181885
0.0351762 0.106103 0.695761 0.147965 0.014994
9.9991E-05 0.107907 0.673482 0.10369 0.114821
0.0828934 0.398455 0.0845835 9.9991E-05 0.433968
9.9982E-05 0.840172 9.9982E-05 0.125916 0.0337119
0.0620748 0.649526 0.151259 0.13704 9.9991E-05
0.0677226 0.133669 0.691889 0.106619 9.9991E-05
0.0270983 0.247729 0.595981 0.114164 0.0150276
0.027136 0.24548 0.53879 0.188494 9.9991E-05
0.0617165 0.101898 0.714128 0.120955 0.00130155
0.193798 0.0922448 0.479828 0.234029 9.9991E-05
0.250473 9.9991E-05 0.569065 0.121902 0.0584596
0.1677 0.167268 0.152602 0.396341 0.116089
0.109552 0.0249505 0.575296 0.168464 0.121738
0.162178 0.13897 0.426798 0.245527 0.0265271
0.136601 0.373974 9.9982E-05 0.489225 9.9982E-05
0.274428 0.174441 0.287104 0.263927 9.9991E-05
0.194151 0.0654667 0.285061 0.374417 0.0809037
0.121555 9.9991E-05 0.411971 0.350061 0.116313
0.227687 9.9991E-05 0.541498 0.0626542 0.168061
0.110648 9.9991E-05 0.564228 0.251983 0.0730411
0.161135 9.9991E-05 0.627385 0.182569 0.0288118
0.243436 0.146166 0.408938 0.201359 9.9991E-05
0.129863 9.9991E-05 0.342835 0.51833 0.00887237
