0.0322753 9.9964E-05 9.9964E-05 9.9964E-05 0.0505209 0.916804 9.9964E-05
9.9964E-05 0.024089 9.9964E-05 9.9964E-05 9.9964E-05 0.92238 0.0531307
0.147017 9.9982E-05 0.0154384 9.9982E-05 0.0315458 0.804067 0.00173228
0.0461826 0.0115604 0.0810945 9.9982E-05 0.116965 0.743997 9.9982E-05
0.0478586 0.0195454 0.0623323 9.9982E-05 0.0264197 0.843644 9.9982E-05
0.0841084 9.9991E-05 0.0634995 0.235734 0.02723 0.588947 0.000381238
0.0225257 9.9973E-05 9.9973E-05 0.138845 0.0301996 0.80813 9.9973E-05
9.9982E-05 0.00484439 0.0514409 0.141659 0.0966114 0.705245 9.9982E-05
9.9982E-05 0.0351312 9.9982E-05 0.0596776 0.0720923 0.802009 0.0308901
0.121667 0.0261179 0.0389937 0.0836705 0.029264 0.700187 9.9991E-05
0.0354665 9.9973E-05 9.9973E-05 0.155086 0.0827967 0.726351 9.9973E-05
0.218468 0.00354233 0.0734408 0.0202233 0.453023 9.9991E-05 0.231202
0.514877 0.0511652 0.0821437 0.0768904 0.25505 9.9991E-05 0.0197735
0.213347 0.12081 0.115908 0.0204993 0.383467 9.9991E-05 0.145868
0.2358 0.135444 0.174057 0.0174661 0.327361 0.0232838 0.0865875
0.381979 9.9991E-05 0.119013 0.086173 0.230039 0.0917466 0.0909491
0.582335 9.9991E-05 0.0686015 0.0991694 0.148533 0.0432886 0.0579731
0.4191 9.9991E-05 0.100852 0.0703197 0.236128 0.0058075 0.167693
0.268795 9.9982E-05 0.10429 9.9982E-05 0.309836 0.109902 0.206977
9.9982E-05 9.9982E-05 0.0665451 0.167725 0.602915 0.0351398 0.127476
0.409403 0.105191 0.0346514 0.109502 0.286331 9.9991E-05 0.0548216
0.550203 0.087019 0.0263361 0.168273 0.167968 9.9982E-05 9.9982E-05
0.551994 0.0117119 0.0483522 0.102824 0.240171 0.0150827 0.0298638
0.265172 9.9991E-05 0.0919388 0.0787348 0.304294 0.0414423 0.218319
0.550773 0.0435976 0.08417 9.9991E-05 0.0875982 0.0998774 0.133884
0.550636 9.9991E-05 0.0471668 0.0959268 0.217447 0.00879332 0.0799292
0.105644 0.0121713 0.146711 0.0563332 0.474618 9.9991E-05 0.204422
0.187765 0.0142846 0.203394 9.9982E-05 0.392834 9.9982E-05 0.201522
0.136894 0.0257672 0.0858822 0.170901 0.42444 9.9991E-05 0.156016
0.135694 9.9964E-05 0.0514216 9.9964E-05 9.9964E-05 0.812484 9.9964E-05
0.159339 9.9955E-05 9.9955E-05 9.9955E-05 9.9955E-05 0.840161 9.9955E-05
0.159408 9.9973E-05 0.0272453 9.9973E-05 9.9973E-05 0.811022 0.00202491
0.174553 9.9973E-05 0.0794553 9.9973E-05 9.9973E-05 0.690405 0.0552875
0.584835 0.0672588 9.9982E-05 9.9982E-05 0.128199 0.0041222 0.215385
0.552788 0.0489272 0.00656229 9.9991E-05 0.0607869 0.0512222 0.279613
0.539953 0.0181239 0.0241086 9.9991E-05 0.0153525 0.00184067 0.400521
0.14631 0.0895836 9.9991E-05 0.0223172 0.513136 0.0992606 0.129293
0.30558 9.9982E-05 0.0619975 0.00769943 9.9982E-05 0.00632299 0.6182
0.472407 0.0903685 0.0848433 9.9991E-05 0.215121 0.0118775 0.125283
0.722598 0.0900838 9.9982E-05 0.0762165 9.9982E-05 0.0675756 0.0433264
0.55835 9.9982E-05 9.9982E-05 0.259645 0.0314744 0.0767579 0.0735728
0.626761 0.00966245 9.9991E-05 0.0794034 0.00874491 0.148618 0.12671
0.117809 9.9982E-05 9.9982E-05 0.0255444 0.0966847 0.0462119 0.713551
0.607189 9.9982E-05 0.0470057 0.185224 0.063411 9.9982E-05 0.0969704
0.568686 9.9982E-05 0.0633718 0.0160155 9.9982E-05 0.0768854 0.274841
0.584494 0.0241126 0.00064855 0.137285 0.0239468 0.139763 0.0897495
0.349573 0.0153343 9.9964E-05 9.9964E-05 9.9964E-05 9.9964E-05 0.634693
0.58084 9.9982E-05 0.072203 9.9982E-05 0.00452584 0.0215315 0.3207
0.510877 0.0317999 0.066791 0.0606712 0.0914516 0.0646069 0.173802
9.9973E-05 0.0402285 9.9973E-05 0.277836 9.9973E-05 0.0509582 0.630677
0.196508 0.0518559 9.9982E-05 0.137172 0.415982 9.9982E-05 0.198282
0.11369 0.0842325 9.9991E-05 0.395896 0.224648 0.0113974 0.170036
0.49753 0.0410142 0.0590955 0.0136033 0.205247 0.0471253 0.136385
0.565933 0.102793 0.0966618 0.0709436 0.0944747 0.0289922 0.0402017
0.616967 0.0410697 0.106834 0.0813707 0.0841191 0.0615593 0.00807994
0.193069 9.9982E-05 9.9982E-05 0.214616 0.345401 0.0600067 0.186707
0.579898 0.115395 9.9982E-05 0.121638 0.1813 9.9982E-05 0.0015692
0.542056 9.9991E-05 0.147238 0.0885285 0.15462 0.0285374 0.0389199
0.359333 0.0998921 9.9991E-05 0.122745 0.171298 0.0935268 0.153105
0.0669748 9.9991E-05 0.0335049 0.23742 0.288995 0.184293 0.188712
0.479793 0.0583932 0.0832503 9.9991E-05 0.0253008 0.0622118 0.290951
0.461296 0.0764691 0.0196103 9.9991E-05 0.34178 0.0638966 0.0368481
0.0245539 0.0525104 9.9991E-05 0.149946 0.524994 0.0337936 0.214102
0.533938 0.0659969 9.9982E-05 0.117543 0.249546 9.9982E-05 0.0327759
0.630379 0.086667 0.060583 0.0649346 0.114807 9.9991E-05 0.0425292
0.492216 0.182334 0.0115832 0.0235066 0.182658 0.086286 0.0214168
0.274328 0.0329562 0.0135919 0.139738 0.24368 0.06547 0.230235
0.383523 0.0832431 0.0784505 0.148614 0.179988 9.9991E-05 0.126082
0.693431 0.0809959 0.0174351 9.9991E-05 0.144939 0.059578 0.00352108
0.193017 0.116243 9.9991E-05 0.120555 0.381397 0.014813 0.173876
0.544769 9.9964E-05 9.9964E-05 9.9964E-05 0.0656209 9.9964E-05 0.38921
0.235024 9.9964E-05 9.9964E-05 9.9964E-05 0.108226 9.9964E-05 0.65635
0.568594 0.0738246 9.9982E-05 9.9982E-05 0.0316765 0.121959 0.203746
9.9964E-05 0.0284734 9.9964E-05 0.116756 9.9964E-05 9.9964E-05 0.854371
9.9973E-05 0.116263 9.9973E-05 0.0345539 0.00866214 9.9973E-05 0.840221
0.214772 9.9973E-05 0.0129229 9.9973E-05 0.000177844 9.9973E-05 0.771827
0.451138 9.9964E-05 9.9964E-05 9.9964E-05 0.0370786 9.9964E-05 0.511384
0.546266 0.162948 9.9982E-05 9.9982E-05 0.0394261 0.178598 0.0725617
0.424584 9.9991E-05 0.0374089 0.00550822 0.047791 0.00764357 0.476964
0.178481 9.9973E-05 9.9973E-05 9.9973E-05 0.191973 0.0382864 0.59096
0.228968 9.9973E-05 9.9973E-05 9.9973E-05 0.221472 0.0266536 0.522606
0.489795 0.0751734 0.0339269 9.9991E-05 0.125991 0.118073 0.15694
0.299951 0.0055859 9.9991E-05 0.0155043 0.069372 0.0333953 0.576092
0.413447 9.9982E-05 9.9982E-05 0.011754 0.00720335 0.0871048 0.480291
0.377271 0.0657588 9.9973E-05 0.00920013 9.9973E-05 9.9973E-05 0.547471
9.9973E-05 0.141524 9.9973E-05 0.176924 9.9973E-05 0.0126791 0.668573
0.626017 9.9973E-05 0.0255917 0.0491954 9.9973E-05 9.9973E-05 0.298896
0.138693 9.9973E-05 0.000222783 9.9973E-05 0.0419292 0.818855 9.9973E-05
0.101853 9.9955E-05 9.9955E-05 9.9955E-05 9.9955E-05 0.897648 9.9955E-05
0.080752 9.9964E-05 0.0337279 9.9964E-05 9.9964E-05 0.88512 9.9964E-05
0.0806433 9.9964E-05 9.9964E-05 0.00866358 9.9964E-05 0.910293 9.9964E-05
0.0921931 9.9982E-05 0.029553 0.0164928 9.9982E-05 0.856761 0.00479996
0.0804646 0.00761242 0.00286364 9.9982E-05 9.9982E-05 0.906189 0.00267
0.0646186 0.00623544 0.00573966 9.9973E-05 9.9973E-05 0.923106 9.9973E-05
0.534492 0.00229456 9.9991E-05 0.0770859 0.0494137 0.070994 0.26562
0.578553 0.054161 0.0014717 0.123105 9.9991E-05 0.103666 0.138944
9.9973E-05 0.0427189 9.9973E-05 9.9973E-05 0.103559 0.0235268 0.829895
0.447907 0.0589757 0.0222869 0.0930597 0.0678935 0.108899 0.200978
0.413787 0.000602161 0.0306473 0.0378698 0.132938 9.9991E-05 0.384056
0.592401 0.0953699 9.9973E-05 9.9973E-05 9.9973E-05 0.0472577 0.264672
0.585862 0.060105 9.9982E-05 0.0752837 9.9982E-05 0.0513938 0.227156
0.491851 9.9973E-05 0.0938651 9.9973E-05 9.9973E-05 0.0145194 0.399465
9.9964E-05 9.9964E-05 9.9964E-05 9.9964E-05 0.190281 0.0436865 0.765633
0.462557 0.130011 0.0638173 0.0236498 0.155304 0.0690873 0.0955731
0.577313 0.0471569 0.0793392 0.0356893 9.9991E-05 0.00568128 0.254721
0.509431 0.0990226 0.114977 9.9991E-05 0.0514521 0.102126 0.122892
0.239916 0.052911 0.0507723 0.131018 9.9982E-05 9.9982E-05 0.525182
0.532401 0.0385126 9.9982E-05 0.0350215 9.9982E-05 0.018329 0.375536
0.463195 9.9982E-05 9.9982E-05 0.0287945 0.0617773 0.0556181 0.390415
0.279802 9.9964E-05 0.10662 9.9964E-05 9.9964E-05 9.9964E-05 0.613178
0.453593 0.00139711 9.9982E-05 9.9982E-05 0.0726976 0.0684083 0.403704
0.559936 9.9982E-05 9.9982E-05 0.10911 0.0438955 0.168448 0.118411
0.222347 0.231583 0.0105273 0.0758277 0.372608 0.0663949 0.0207128
0.442266 9.9991E-05 0.0382925 0.0594768 0.335215 0.0713425 0.0533076
0.472903 0.0820398 0.0523882 9.9991E-05 0.187517 0.118153 0.0868986
0.579024 0.00373266 0.0344721 0.145567 0.112479 0.0377967 0.0869289
0.495472 0.0582481 0.00860783 0.0439093 0.331659 0.0620045 9.9991E-05
0.560744 0.0581894 0.0239252 0.0623791 0.191373 9.9991E-05 0.103289
0.515105 0.0661832 0.0127025 9.9973E-05 0.40571 9.9973E-05 9.9973E-05
0.478758 0.0635633 0.0602024 0.0314008 0.271132 0.0181664 0.0767769
0.564326 9.9991E-05 0.041845 0.154984 0.159889 0.0703287 0.00852722
0.591631 0.0580842 0.0252607 0.091314 0.174895 9.9991E-05 0.0587159
0.534389 0.0125579 9.9973E-05 9.9973E-05 0.38314 9.9973E-05 0.0696138
0.59161 0.0205027 0.0800236 0.152096 0.151057 0.00461017 9.9991E-05
0.496992 9.9982E-05 0.102707 0.13781 0.252497 0.00979405 9.9982E-05
0.575702 0.067423 0.0302689 9.9973E-05 0.326306 9.9973E-05 9.9973E-05
0.497202 0.165309 0.0399768 0.120512 0.123535 0.0401992 0.0132653
0.603846 0.0424266 0.0442083 0.0221872 0.194449 0.0417826 0.0510999
0.417837 0.131615 9.9982E-05 0.178742 0.2031 0.068506 9.9982E-05
0.57774 0.087392 0.025453 0.122544 0.186671 9.9982E-05 9.9982E-05
0.66966 0.105596 9.9982E-05 0.0439973 0.16008 0.0204668 9.9982E-05
0.212659 0.101986 0.0685391 0.0612041 0.365931 9.9991E-05 0.189581
0.15846 0.22037 0.0264498 0.222778 0.312293 9.9991E-05 0.0595499
0.429711 0.166669 0.0972646 0.00828743 0.23049 0.00672989 0.0608479
0.0568311 0.216559 0.0642202 0.14636 0.320047 9.9991E-05 0.195882
0.298102 0.0931749 9.9991E-05 0.012124 0.409331 0.0315319 0.155636
0.487711 0.0195578 9.9991E-05 0.0463242 0.280814 0.012244 0.153249
0.367487 0.0283146 9.9982E-05 9.9982E-05 0.442267 0.0263759 0.135355
0.308078 0.166241 9.9982E-05 9.9982E-05 0.445423 0.0266674 0.0533912
0.615766 0.100242 0.0381665 0.0719757 0.0908404 0.0211368 0.061872
0.612623 0.00511496 0.0197856 0.0711528 0.155521 0.0544028 0.0814002
0.52467 0.0497578 0.0412494 0.00613096 0.182241 0.0682436 0.127708
0.104405 0.0889383 0.0933404 0.204628 0.329006 9.9991E-05 0.179582
0.492023 9.9991E-05 0.0317834 0.104973 0.041833 0.195641 0.133648
0.472082 0.0322212 0.0156936 0.218058 0.0470812 0.0379352 0.17693
9.9982E-05 0.0871809 9.9982E-05 0.50876 0.13854 0.110801 0.154519
0.620332 0.0689547 0.0538457 0.0896202 9.9991E-05 0.115879 0.0512683
0.370002 0.129608 0.00231571 0.247886 9.9991E-05 0.0860887 0.163999
0.556321 0.0869145 0.0914648 0.114015 9.9991E-05 0.0736029 0.0775816
0.285999 0.0514424 9.9991E-05 0.371739 0.0790244 0.0877997 0.123895
0.197323 0.0487522 9.9991E-05 0.481435 0.166241 0.0196524 0.0864966
0.418272 0.147361 9.9982E-05 0.235623 0.116143 9.9982E-05 0.0823998
0.569739 9.9991E-05 0.057593 0.181714 0.0641777 0.0331697 0.0935065
0.396692 9.9982E-05 0.0787509 0.230691 9.9982E-05 0.125134 0.168532
9.9991E-05 0.0357782 0.150897 0.430295 0.0546884 0.0284344 0.299807
0.594964 0.116187 0.0286272 0.123557 0.0943772 0.0421881 9.9991E-05
0.365331 0.00111515 9.9982E-05 0.320871 0.12139 9.9982E-05 0.191093
0.468093 0.0554283 9.9982E-05 0.177252 0.106796 9.9982E-05 0.192231
0.528147 0.0853593 0.0717267 0.0397565 0.047614 0.0969275 0.130469
0.185893 9.9973E-05 0.205054 0.316201 9.9973E-05 0.292552 9.9973E-05
9.9964E-05 9.9964E-05 0.128049 0.391905 9.9964E-05 0.479646 9.9964E-05
9.9964E-05 9.9964E-05 0.127436 0.481607 9.9964E-05 0.390557 9.9964E-05
0.0674627 9.9973E-05 0.312743 0.256669 9.9973E-05 0.362825 9.9973E-05
0.644728 9.9964E-05 9.9964E-05 0.314967 9.9964E-05 9.9964E-05 0.0399051
0.564614 0.0892824 0.0259666 0.163938 9.9991E-05 0.0602454 0.0958542
0.230594 0.0149359 0.653494 9.9973E-05 0.100676 9.9973E-05 9.9973E-05
0.394024 0.0118331 0.431304 9.9991E-05 0.0440388 0.0161293 0.102571
0.360043 9.9991E-05 0.408116 0.0211744 0.148464 0.0591593 0.00294318
0.348612 0.116055 9.9982E-05 0.440367 0.0152692 9.9982E-05 0.0794969
0.434799 0.0921857 0.0712424 0.15913 0.0146001 0.0859418 0.1421
0.177354 0.199393 9.9982E-05 0.566507 0.0270654 9.9982E-05 0.0294804
0.642883 9.9973E-05 9.9973E-05 0.290602 0.054378 9.9973E-05 0.011837
0.454827 0.12127 0.000362318 0.224137 0.0847634 0.0433987 0.0712409
0.636234 0.0243064 9.9982E-05 0.296579 0.0117084 9.9982E-05 0.0309727
0.213078 0.0875641 0.00224894 0.59318 9.9982E-05 9.9982E-05 0.103729
0.58283 0.0520932 0.12533 0.183128 0.00365121 0.0125478 0.0404199
0.627071 9.9982E-05 0.00569891 0.32959 9.9982E-05 0.00590256 0.0315373
0.00227789 0.0206992 0.976623 9.9964E-05 9.9964E-05 9.9964E-05 9.9964E-05
0.0976845 0.0104418 0.890725 9.9973E-05 0.000849267 9.9973E-05 9.9973E-05
0.318423 0.0460225 0.52778 0.0695532 0.00549316 0.0124956 0.0202329
0.252064 0.0029399 0.711282 9.9973E-05 0.0334135 9.9973E-05 9.9973E-05
0.0983512 9.9964E-05 0.806905 9.9964E-05 9.9964E-05 9.9964E-05 0.0943442
9.995E-05 9.995E-05 0.9994 9.995E-05 9.995E-05 9.995E-05 9.995E-05
9.9964E-05 0.025021 0.956261 9.9964E-05 0.0183187 9.9964E-05 9.9964E-05
0.110754 0.0163722 0.872474 9.9964E-05 9.9964E-05 9.9964E-05 9.9964E-05
0.0177302 9.9964E-05 0.945943 9.9964E-05 9.9964E-05 9.9964E-05 0.0359273
9.995E-05 9.995E-05 0.9994 9.995E-05 9.995E-05 9.995E-05 9.995E-05
9.995E-05 9.995E-05 0.9994 9.995E-05 9.995E-05 9.995E-05 9.995E-05
0.232018 9.9973E-05 0.703659 9.9973E-05 0.0151657 0.0488574 9.9973E-05
0.0965188 9.9973E-05 0.829802 9.9973E-05 0.0544852 0.0188942 9.9973E-05
9.9955E-05 9.9955E-05 0.964046 9.9955E-05 9.9955E-05 9.9955E-05 0.0354545
0.282995 0.0137676 0.388563 0.0575113 0.0426058 0.0812892 0.133269
0.180358 9.9982E-05 0.682133 9.9982E-05 0.0676259 0.00399244 0.065691
0.156235 9.9964E-05 0.78883 9.9964E-05 9.9964E-05 0.0545352 9.9964E-05
0.0564111 9.9973E-05 0.886935 9.9973E-05 0.0521186 0.0042352 9.9973E-05
0.0244489 9.9973E-05 0.963395 9.9973E-05 9.9973E-05 0.0040366 0.00781942
0.0714439 9.9973E-05 0.878053 9.9973E-05 0.0457872 0.00441565 9.9973E-05
9.995E-05 9.995E-05 0.9994 9.995E-05 9.995E-05 9.995E-05 9.995E-05
0.28629 0.0471091 0.596184 0.0213435 0.0386066 0.010367 9.9991E-05
9.9973E-05 9.9973E-05 0.950293 0.00248694 9.9973E-05 0.00248011 0.0444396
9.9973E-05 0.082261 0.0499189 0.5576 9.9973E-05 0.30992 9.9973E-05
0.386504 9.9991E-05 0.0537626 0.238554 0.16666 0.118576 0.0358428
0.461717 9.9973E-05 0.0773157 0.271059 9.9973E-05 0.189608 9.9973E-05
0.10819 9.9991E-05 0.120289 0.467259 0.0305178 0.228148 0.0454949
0.354163 0.153425 0.119557 0.125929 0.0165189 0.166169 0.064239
0.23566 0.0912422 0.0969107 0.341924 9.9982E-05 0.234063 9.9982E-05
0.423189 0.124235 0.0960134 0.027103 0.0282847 0.198624 0.102551
0.312588 9.9982E-05 0.167708 0.370075 9.9982E-05 0.103149 0.0462796
0.492142 0.0706082 0.130657 0.209793 0.00123503 0.0954636 9.9991E-05
0.305984 0.0828746 0.222748 0.294693 9.9982E-05 0.0934998 9.9982E-05
0.495377 9.9973E-05 0.0426393 0.253383 9.9973E-05 0.2083 9.9973E-05
0.0334253 9.9982E-05 9.9982E-05 0.0397206 0.0876671 0.837579 0.00140762
9.9964E-05 0.044784 0.0601694 9.9964E-05 9.9964E-05 0.894647 9.9964E-05
9.9964E-05 9.9964E-05 9.9964E-05 0.00121824 9.9964E-05 0.960417 0.0379647
0.0189911 9.9964E-05 9.9964E-05 9.9964E-05 0.0351819 0.945427 9.9964E-05
0.0630718 0.00121472 0.000902441 0.00615374 0.049924 0.878633 9.9991E-05
9.9964E-05 0.038884 0.0806744 9.9964E-05 9.9964E-05 0.880042 9.9964E-05
0.0488633 9.9973E-05 0.052556 9.9973E-05 9.9973E-05 0.876602 0.0216788
9.9973E-05 0.0437092 9.9973E-05 0.0498437 9.9973E-05 0.891551 0.0145964
0.018555 0.0138556 0.0287162 9.9982E-05 9.9982E-05 0.878986 0.0596876
0.0375015 9.9982E-05 0.0837074 0.0345603 0.00161955 0.842411 9.9982E-05
9.9973E-05 0.0272924 9.9973E-05 9.9973E-05 0.249005 0.615784 0.107619
9.9964E-05 9.9964E-05 9.9964E-05 9.9964E-05 0.311015 0.589104 0.099481
9.9982E-05 0.0444298 9.9982E-05 0.0689334 0.296522 0.537193 0.0527216
9.9982E-05 0.0148738 9.9982E-05 0.0369262 0.318995 0.506543 0.122462
0.504685 9.9973E-05 9.9973E-05 9.9973E-05 0.13969 0.0340328 0.321293
0.477534 0.0832192 0.0745089 0.0149547 0.0892081 9.9991E-05 0.260475
0.549533 0.0784478 0.00808446 9.9991E-05 0.20495 0.0309878 0.127897
0.426095 0.117015 9.9982E-05 9.9982E-05 0.170063 0.0550845 0.231542
0.193397 0.0904257 9.9973E-05 9.9973E-05 0.613334 9.9973E-05 0.102543
0.624433 0.0774123 0.00841876 9.9991E-05 0.0177017 0.0356236 0.236311
0.547985 0.0865525 0.0157775 0.00748959 0.0625358 9.9991E-05 0.27956
0.4874 0.0750912 9.9982E-05 0.0600086 0.0774022 9.9982E-05 0.299898
0.377568 9.9973E-05 0.0297435 0.0610788 9.9973E-05 9.9973E-05 0.53131
0.650768 0.0222031 9.9991E-05 0.0187008 0.0766561 0.0499916 0.18158
0.359658 0.0414998 9.9991E-05 0.00815168 0.192247 0.00285859 0.395484
9.9973E-05 0.244628 9.9973E-05 0.00501008 0.0947102 9.9973E-05 0.655352
0.575699 0.042299 9.9991E-05 0.0743451 0.158924 0.0343797 0.114254
0.204057 0.0834678 0.0188803 0.166526 9.9991E-05 0.00298454 0.523984
0.54702 9.9964E-05 9.9964E-05 0.0353534 9.9964E-05 9.9964E-05 0.417227
0.0827586 9.9973E-05 9.9973E-05 9.9973E-05 0.154716 0.0637099 0.698515
9.9964E-05 9.9964E-05 9.9964E-05 0.222409 0.698042 0.0791491 9.9964E-05
0.0467002 9.9973E-05 9.9973E-05 0.238216 0.664564 0.0502201 9.9973E-05
0.00726827 9.99745E-05 9.99745E-05 0.162641 0.802966 0.0268248 9.99745E-05
9.9982E-05 0.0233422 9.9982E-05 0.0607995 0.788194 0.0992035 0.028261
0.0228707 9.9973E-05 0.0169329 0.182844 0.777053 9.9973E-05 9.9973E-05
0.0637912 9.9982E-05 0.065729 0.169253 0.69875 0.00227651 9.9982E-05
0.0627898 0.0584336 0.0408296 9.9982E-05 9.9982E-05 0.832073 0.00567379
0.0782681 9.9973E-05 0.0216431 9.9973E-05 0.10691 0.792878 9.9973E-05
0.124404 9.9973E-05 0.1146 9.9973E-05 0.0201142 0.740582 9.9973E-05
0.0506604 9.9973E-05 0.0945352 9.9973E-05 0.0857799 0.768725 9.9973E-05
0.103878 9.9973E-05 0.0993117 9.9973E-05 0.00953666 0.786974 9.9973E-05
9.9964E-05 9.9964E-05 9.9964E-05 0.0831508 0.526213 0.390236 9.9964E-05
9.9982E-05 0.105041 9.9982E-05 0.0566596 0.377232 0.433367 0.0275001
9.9973E-05 0.112585 9.9973E-05 9.9973E-05 0.374641 0.453967 0.0585071
0.157612 9.9964E-05 0.0228594 9.9964E-05 9.9964E-05 0.819129 9.9964E-05
9.9973E-05 0.0299032 9.9973E-05 9.9973E-05 0.476301 0.370951 0.122545
0.232013 0.0577298 0.377673 0.125378 9.9982E-05 0.207007 9.9982E-05
0.423771 9.9991E-05 0.214532 0.0296919 0.156918 0.141409 0.0335784
0.504946 9.9964E-05 0.308648 9.9964E-05 9.9964E-05 0.186005 9.9964E-05
0.235227 0.038746 0.195762 0.124956 9.9991E-05 0.290378 0.114831
0.50487 0.0250348 0.16776 0.0948102 0.0401619 0.167262 9.9991E-05
9.9973E-05 0.016532 0.303672 0.241513 9.9973E-05 0.437983 9.9973E-05
0.487818 0.0783914 9.9982E-05 0.0595701 0.315496 9.9982E-05 0.0585247
0.343532 0.197959 0.0143266 0.15126 0.21393 9.9991E-05 0.0788929
0.319757 0.0991227 9.9973E-05 9.9973E-05 0.498857 0.0819629 9.9973E-05
0.438279 0.271061 9.9982E-05 0.0852066 0.149425 9.9982E-05 0.055828
9.9973E-05 0.314344 9.9973E-05 0.307471 0.132276 9.9973E-05 0.245609
0.578028 0.0381058 9.9982E-05 0.109338 0.179078 0.0952507 9.9982E-05
0.453192 0.208234 9.9991E-05 0.0980814 0.119161 0.0716627 0.0495701
0.383095 0.0761939 9.9991E-05 0.00845594 0.395071 0.0438747 0.0932096
0.570834 9.9982E-05 9.9982E-05 0.0617721 0.255027 0.0391972 0.0729704
0.109927 0.150212 9.9991E-05 0.25138 0.272546 0.00220337 0.213631
0.386494 0.109618 0.069209 0.142645 0.172053 0.0124729 0.107508
0.514421 0.0168774 0.0567811 0.00526212 0.29168 9.9991E-05 0.114878
0.402626 0.00318594 0.183072 0.069793 0.0984305 0.11076 0.132132
0.403657 0.161082 9.9982E-05 0.10292 0.258636 9.9982E-05 0.0735051
0.435979 0.0756111 0.0487274 0.0440517 0.264501 9.9991E-05 0.131029
0.464989 0.168827 0.0522473 0.134814 0.130094 9.9991E-05 0.0489291
0.509394 0.120667 9.9991E-05 0.0725525 0.123191 0.0436759 0.130419
0.6495 0.158928 0.043433 9.9982E-05 0.142477 9.9982E-05 0.00546246
0.672859 9.9991E-05 0.000464958 0.106012 0.0377654 0.103923 0.0788757
0.572165 9.9991E-05 0.00531074 0.166724 0.0922487 0.149522 0.0139297
0.120745 0.0200988 0.0720936 0.0216833 9.9982E-05 0.765179 9.9982E-05
0.0656733 0.0407869 0.0305867 9.9982E-05 9.9982E-05 0.821103 0.0416498
0.0468312 0.0849447 9.9991E-05 0.0145471 0.06993 0.769526 0.014121
9.9982E-05 0.0504615 0.0245396 9.9982E-05 0.0413919 0.809281 0.0741257
0.157655 9.9964E-05 0.0175647 9.9964E-05 9.9964E-05 0.824381 9.9964E-05
0.206349 9.9982E-05 0.0915001 0.0131323 0.573886 9.9982E-05 0.114932
0.552412 0.22459 0.00233338 0.0176269 0.135793 0.0522344 0.0150102
0.383028 9.9982E-05 0.228411 0.185944 0.114018 0.0883989 9.9982E-05
0.638168 0.00414094 0.0558403 0.0135411 0.183704 0.0377337 0.0668714
0.499124 0.162174 0.00019168 9.9991E-05 0.169859 0.0542795 0.114272
0.21881 0.187181 0.0837601 0.156292 0.333566 9.9991E-05 0.0202905
9.9982E-05 0.0311694 9.9982E-05 0.219774 0.52095 0.12994 0.0979663
0.511721 9.9991E-05 0.0550463 0.0126066 0.238975 0.0348825 0.146669
0.136691 0.216957 0.0697295 0.017437 0.434847 0.045762 0.0785771
0.446147 0.182428 0.025288 0.154752 0.157494 0.0174831 0.0164081
0.0564389 0.17681 0.0403398 9.9991E-05 0.512147 0.12306 0.0911037
0.534971 0.0123347 0.0627648 9.9991E-05 0.217815 0.0681364 0.103878
0.241253 0.0891237 0.0149694 0.0349463 0.523376 0.0315733 0.0647585
0.220334 0.140189 0.127985 0.0997145 0.280644 0.0296317 0.101501
0.449142 0.0728934 0.054461 0.14553 0.15725 0.0687132 0.05201
0.304638 9.9964E-05 9.9964E-05 0.533304 0.161658 9.9964E-05 9.9964E-05
0.505974 0.000363045 9.9991E-05 0.344478 0.0823286 0.0407297 0.0260266
0.468918 9.9991E-05 0.0842203 0.28143 0.0924361 0.0511143 0.0217809
0.391332 0.0320864 9.9982E-05 0.49344 0.0708113 9.9982E-05 0.0121302
0.499893 0.106228 0.0234512 0.227698 0.0909296 0.0155264 0.0362739
0.511428 0.102587 9.9982E-05 0.292345 9.9982E-05 0.0214147 0.0720256
0.118703 0.104521 9.9982E-05 0.643755 0.0511666 9.9982E-05 0.0816543
0.295581 9.9964E-05 9.9964E-05 0.675651 9.9964E-05 9.9964E-05 0.0283683
0.527582 0.0141791 9.9973E-05 0.449366 0.00857259 9.9973E-05 9.9973E-05
0.172529 0.0898679 9.9982E-05 0.508308 0.0289674 9.9982E-05 0.200128
0.52709 9.9973E-05 9.9973E-05 0.387286 0.0260776 9.9973E-05 0.0592468
0.0960548 0.0367053 0.0642121 9.9991E-05 0.579377 0.0245432 0.199008
0.173679 0.330567 0.0479132 0.00417597 0.30524 9.9991E-05 0.138325
0.338976 0.0578821 0.0804988 9.9982E-05 0.379245 9.9982E-05 0.143198
0.523878 0.0694282 0.0987237 9.9991E-05 0.183247 0.0147214 0.109902
0.238416 0.0381598 9.9982E-05 0.0117744 0.471616 9.9982E-05 0.239834
0.333326 0.214622 0.151916 0.0196137 0.10741 0.0862455 0.0868678
0.43183 0.0966164 0.144137 9.9991E-05 0.251178 0.0642113 0.0119271
0.413124 0.133799 0.0898653 0.0557786 0.274962 9.9991E-05 0.032371
0.45858 0.177726 0.0781199 0.0251261 0.260248 9.9982E-05 9.9982E-05
0.428941 9.9991E-05 0.0699747 0.00802501 0.267757 0.027012 0.198191
0.214955 0.0425915 0.0924898 9.9982E-05 0.489226 9.9982E-05 0.160539
0.30431 0.12923 0.0995169 9.9982E-05 0.429222 9.9982E-05 0.0375219
0.615849 0.149743 0.0115778 9.9982E-05 0.189656 9.9982E-05 0.0329741
0.548959 0.093888 0.0251744 0.0883505 0.119169 0.0347993 0.0896603
0.34948 0.161378 0.0311964 0.101985 0.191793 0.0784784 0.0856894
0.512947 0.200766 0.0637126 0.0203136 0.202061 9.9982E-05 9.9982E-05
0.269203 0.0405328 0.0923084 0.108459 0.404206 0.060847 0.0244439
0.645481 0.0186692 9.9982E-05 9.9982E-05 0.255853 0.0516379 0.0281588
0.542178 0.0970193 0.0311612 0.0620722 0.165198 0.0788496 0.0235223
0.443882 0.0952863 0.0682696 0.0297821 0.148938 0.150443 0.0633993
0.421875 9.9982E-05 0.082112 0.0316396 9.9982E-05 0.353063 0.11111
0.387839 0.0894308 0.247642 0.0501383 9.9991E-05 0.116186 0.108663
0.574074 9.9982E-05 0.0383233 0.0915126 9.9982E-05 0.229329 0.0665611
0.541736 0.161493 0.0962035 0.0688206 0.0790716 0.0525753 9.9991E-05
0.428783 0.0620842 0.171536 9.9982E-05 9.9982E-05 0.221276 0.116121
0.403539 0.162819 0.0603318 0.131401 0.198609 9.9991E-05 0.0432008
0.436682 0.105852 0.13989 9.9991E-05 0.0963567 0.189186 0.0319349
9.9973E-05 9.9973E-05 0.130076 0.448142 9.9973E-05 0.236599 0.184883
0.501154 0.108672 0.15088 0.0570255 0.0607328 0.070669 0.0508673
0.544315 0.131106 0.0971715 9.9982E-05 0.0527271 0.174481 9.9982E-05
0.468766 0.106309 0.272407 0.00897375 0.0388739 0.0179006 0.08677
0.218662 0.0716112 0.1877 0.101895 0.0920233 0.19963 0.128478
0.443525 0.0202856 0.185968 0.164418 0.0442797 0.141424 9.9991E-05
0.447161 0.0565752 0.212439 0.142261 9.9982E-05 0.141364 9.9982E-05
9.9973E-05 9.9973E-05 0.189976 0.288832 9.9973E-05 0.469637 0.0512551
0.463324 0.10092 0.227285 9.9982E-05 0.00048644 0.207785 9.9982E-05
0.4692 0.0937666 0.206223 0.0116189 9.9982E-05 0.218992 9.9982E-05
0.482653 0.0659028 0.175997 0.0528063 0.0101422 0.0790386 0.13346
0.488896 9.9982E-05 0.214811 0.0767321 9.9982E-05 0.185178 0.0341832
0.580993 0.118649 0.0242598 0.0453918 0.0042016 0.226405 9.9991E-05
0.44493 0.440617 0.0642978 9.9991E-05 0.00970437 0.00994093 0.0304099
0.427233 0.187423 0.078746 0.0845141 0.0758947 0.146089 9.9991E-05
0.00726151 0.789465 9.9973E-05 9.9973E-05 0.115819 9.9973E-05 0.087154
9.9973E-05 0.90544 9.9973E-05 9.9973E-05 0.0500098 0.00547596 0.0387746
0.405229 0.367618 0.0779328 9.9982E-05 0.0814381 0.067582 9.9982E-05
0.327763 0.126076 0.326413 0.11874 9.9982E-05 0.100808 9.9982E-05
0.266553 0.223047 0.362327 0.0422074 9.9982E-05 0.105665 9.9982E-05
0.175955 0.158656 0.277773 0.150116 9.9991E-05 0.198492 0.038909
0.309329 0.208749 0.258718 0.0254438 9.9982E-05 0.19756 9.9982E-05
9.9973E-05 0.669621 0.0973473 0.173943 9.9973E-05 0.0587888 9.9973E-05
0.0750074 0.727062 0.0621341 0.0344929 9.9982E-05 0.101103 9.9982E-05
0.461848 0.375167 0.0803686 9.9982E-05 9.9982E-05 0.0443379 0.0380789
0.400143 0.454892 0.108378 9.9973E-05 9.9973E-05 0.036287 9.9973E-05
0.177794 0.710982 0.0490217 9.9973E-05 9.9973E-05 0.0619017 9.9973E-05
0.493488 0.311482 0.0484612 9.9982E-05 0.0590243 0.0873445 9.9982E-05
0.470009 0.357452 0.0611184 0.0263432 9.9991E-05 0.0206259 0.0643509
0.456662 0.215838 0.098067 0.0214102 0.000953667 0.131395 0.0756745
0.262904 0.67558 9.9973E-05 9.9973E-05 0.0261903 0.035025 9.9973E-05
0.37782 0.618222 9.9973E-05 9.9973E-05 0.000378918 9.9973E-05 0.00327933
0.528543 0.289317 9.9973E-05 0.166173 9.9973E-05 0.0156671 9.9973E-05
0.222401 0.369177 0.126901 0.0471569 0.128619 9.9991E-05 0.105645
0.49286 0.23303 0.0260554 9.9991E-05 0.102716 0.129908 0.01533
0.486152 0.346263 9.9982E-05 0.0996468 9.9982E-05 0.0155162 0.0522216
0.199625 0.699496 9.9973E-05 0.0168982 0.0836813 9.9973E-05 9.9973E-05
0.544529 0.387524 0.0377827 9.9973E-05 9.9973E-05 9.9973E-05 0.0298644
0.175753 0.770754 9.9973E-05 9.9973E-05 0.0240235 9.9973E-05 0.0291693
0.433387 0.485632 0.00141144 0.0524423 0.0150484 0.0119787 9.9991E-05
0.534857 0.263834 9.9982E-05 9.9982E-05 0.0311687 0.101352 0.0685885
0.416491 0.316972 0.00214759 9.9991E-05 0.0696076 0.0502008 0.14448
0.576272 0.133179 0.118132 0.0325868 9.9982E-05 0.139631 9.9982E-05
0.466022 0.16608 0.0765598 0.0741087 0.0936757 0.123454 9.9991E-05
0.323046 0.0570026 0.27953 0.170465 0.0837747 0.0860807 9.9991E-05
0.231637 0.0404976 0.301936 0.166528 0.0940334 0.165268 9.9991E-05
0.515423 9.9982E-05 0.217018 9.9982E-05 0.0843997 0.0795616 0.103398
0.522355 0.155147 0.136857 0.0281276 0.0730882 0.084325 9.9991E-05
9.9973E-05 0.564441 0.131049 0.105043 9.9973E-05 0.199167 9.9973E-05
0.575725 0.0492419 0.181218 0.149794 0.00972785 0.0341934 9.9991E-05
9.9973E-05 0.359953 0.0955315 0.196494 9.9973E-05 0.347722 9.9973E-05
0.469067 0.315363 0.155968 9.9973E-05 9.9973E-05 0.0593018 9.9973E-05
0.0316397 0.849954 9.9964E-05 9.9964E-05 9.9964E-05 9.9964E-05 0.118006
9.9955E-05 0.928507 9.9955E-05 9.9955E-05 9.9955E-05 9.9955E-05 0.0709936
0.447928 0.394816 9.9973E-05 0.000781164 9.9973E-05 9.9973E-05 0.156174
0.55606 0.38387 9.9973E-05 9.9973E-05 9.9973E-05 0.0499116 0.00985781
0.326669 0.662229 9.9973E-05 0.000445816 0.0103559 9.9973E-05 9.9973E-05
0.405371 0.438941 0.0142243 9.9982E-05 9.9982E-05 0.020266 0.120998
0.452669 0.541993 9.9964E-05 9.9964E-05 9.9964E-05 9.9964E-05 0.00493811
0.104186 0.060055 0.0165695 9.9982E-05 0.0189744 0.800015 9.9982E-05
9.9991E-05 0.000527881 0.129977 0.0207851 0.152905 0.683173 0.012532
9.9964E-05 9.9964E-05 0.0779885 9.9964E-05 0.0436514 0.87796 9.9964E-05
0.0924162 9.9955E-05 9.9955E-05 9.9955E-05 9.9955E-05 0.907084 9.9955E-05
0.485401 9.9991E-05 0.0138226 0.0714047 0.0336147 0.0567554 0.338902
0.516637 9.9973E-05 9.9973E-05 9.9973E-05 0.0893829 0.086003 0.307677
0.510244 9.9973E-05 0.00198671 9.9973E-05 0.0546392 9.9973E-05 0.43283
0.566493 0.0108428 9.9982E-05 0.0201339 9.9982E-05 0.107618 0.294713
0.443919 9.9991E-05 0.0571668 0.0768875 0.0915214 0.137279 0.193127
0.229449 0.0117612 9.9991E-05 0.0233593 0.154831 0.0263882 0.554111
0.623968 9.9973E-05 0.0256944 9.9973E-05 0.0625322 9.9973E-05 0.287506
0.342102 0.00327184 9.9973E-05 0.196448 9.9973E-05 9.9973E-05 0.457879
0.461239 0.103222 0.177083 0.0273448 0.00191684 0.195067 0.0341277
0.426794 0.0854394 0.0690442 9.9973E-05 9.9973E-05 9.9973E-05 0.418423
0.352977 9.9973E-05 9.9973E-05 9.9973E-05 0.134431 0.0177944 0.494498
0.548182 0.11493 0.00178697 9.9973E-05 9.9973E-05 9.9973E-05 0.334801
0.320105 0.0703283 0.0322529 9.9991E-05 0.087513 0.029424 0.460277
0.563016 0.0301759 9.9973E-05 0.0884635 9.9973E-05 9.9973E-05 0.318044
0.532714 9.9982E-05 0.0497235 9.9982E-05 0.0104941 0.0281019 0.378767
0.10208 0.075525 9.9964E-05 9.9964E-05 9.9964E-05 9.9964E-05 0.821995
0.240662 0.05166 9.9982E-05 0.0695497 9.9982E-05 0.0432387 0.59469
0.334981 0.00164592 9.9991E-05 0.0326321 0.0997505 0.0131183 0.517773
9.9955E-05 9.9955E-05 9.9955E-05 0.197629 9.9955E-05 9.9955E-05 0.801871
0.434655 0.0450288 0.00453158 9.9991E-05 0.144103 0.0197977 0.351784
0.0559655 0.035517 9.9973E-05 0.253768 9.9973E-05 9.9973E-05 0.65445
9.9973E-05 0.160475 9.9973E-05 0.115395 9.9973E-05 0.0132303 0.710599
0.594106 0.00803387 9.9982E-05 9.9982E-05 0.00619797 0.0160176 0.375445
0.24288 9.9982E-05 9.9982E-05 0.00720238 0.0907553 0.0445075 0.614455
0.473973 9.9973E-05 0.0691582 9.9973E-05 0.0613093 9.9973E-05 0.39526
0.524487 0.0594384 0.113138 0.112125 9.9991E-05 0.0463483 0.144364
0.546019 9.9964E-05 9.9964E-05 9.9964E-05 0.0247751 9.9964E-05 0.428807
0.275104 0.159337 0.0863434 0.108168 0.284965 9.9991E-05 0.0859823
0.485361 0.0963507 9.9982E-05 9.9982E-05 0.0347498 0.0664648 0.316873
0.412616 0.00268463 0.0771198 0.0082726 0.101111 0.0421186 0.356077
0.270592 9.9964E-05 9.9964E-05 0.0433696 9.9964E-05 9.9964E-05 0.685638
0.623014 0.0652018 0.0396002 9.9991E-05 0.0914214 0.0408391 0.139823
9.9991E-05 0.000262495 0.0233609 0.0690104 0.299812 0.607257 0.000197733
0.00523441 9.9991E-05 0.0423375 0.0704783 0.0781729 0.726375 0.0773021
9.9964E-05 9.9964E-05 9.9964E-05 0.0635842 0.11186 0.824155 9.9964E-05
9.9973E-05 0.0493202 9.9973E-05 0.0524154 0.105434 0.792531 9.9973E-05
0.0308879 9.9973E-05 9.9973E-05 0.0929769 0.181446 0.69439 9.9973E-05
0.115856 9.9973E-05 9.9973E-05 9.9973E-05 0.124419 0.0656504 0.693774
0.131774 0.103848 9.9982E-05 9.9982E-05 0.144659 0.0307697 0.58875
0.144328 0.0196794 9.9964E-05 9.9964E-05 9.9964E-05 9.9964E-05 0.835593
0.564769 9.9991E-05 0.0775445 0.0012259 0.0451901 0.0826116 0.228559
0.46532 0.00753781 0.0950626 0.061472 9.9991E-05 0.13527 0.235238
0.320281 0.106639 0.0114943 9.9982E-05 9.9982E-05 0.0558627 0.505523
0.464366 0.0975133 0.0722461 0.00638548 9.9982E-05 9.9982E-05 0.359289
0.414583 0.00718715 0.00190201 9.9982E-05 9.9982E-05 0.0563062 0.519821
0.571858 9.9973E-05 9.9973E-05 9.9973E-05 0.018019 0.0874707 0.322353
0.640166 9.9973E-05 0.00579844 9.9973E-05 9.9973E-05 0.0688243 0.284911
0.231213 9.9973E-05 0.00961623 9.9973E-05 0.151218 9.9973E-05 0.607652
0.361036 9.9964E-05 9.9964E-05 9.9964E-05 0.0590201 9.9964E-05 0.579544
0.387828 9.9964E-05 9.9964E-05 9.9964E-05 0.147776 9.9964E-05 0.463996
0.602245 0.0392418 9.9982E-05 0.195983 0.0187903 0.14354 9.9982E-05
0.392903 9.9973E-05 9.9973E-05 9.9973E-05 0.0422033 0.0171374 0.547457
0.415979 9.9982E-05 0.00509889 9.9982E-05 0.0480337 0.054078 0.476611
0.341871 9.9982E-05 0.452978 0.0719919 0.0794634 0.0534957 9.9982E-05
0.27555 0.0597832 0.46666 0.045249 9.9991E-05 0.0915251 0.0611329
0.379213 9.9982E-05 0.456085 0.120711 0.0239597 0.0198312 9.9982E-05
0.282305 0.00350173 0.421254 0.0852444 9.9982E-05 0.207495 9.9982E-05
0.395729 0.0724732 0.344372 0.0499327 9.9982E-05 0.137293 9.9982E-05
0.503681 0.0384916 9.9973E-05 0.185902 9.9973E-05 9.9973E-05 0.271626
9.9973E-05 0.052401 0.67197 9.9973E-05 0.0135065 0.261822 9.9973E-05
0.358335 0.0100932 0.442178 9.9982E-05 0.0411316 0.148063 9.9982E-05
0.423484 0.0271283 0.15259 0.225768 0.0543842 0.116545 9.9991E-05
0.612096 9.9964E-05 9.9964E-05 0.278744 9.9964E-05 0.10876 9.9964E-05
0.419288 9.9991E-05 0.0100062 0.308042 0.105379 0.105418 0.0517666
0.627199 9.9973E-05 9.9973E-05 0.211793 0.0807646 0.0799429 9.9973E-05
0.614166 9.9982E-05 9.9982E-05 0.140021 0.0141759 0.119595 0.111842
0.406864 0.0107516 0.43039 0.00586076 9.9982E-05 0.145933 9.9982E-05
0.411454 0.00745917 0.356444 0.00252561 9.9991E-05 0.0819705 0.140047
0.428549 9.9982E-05 0.488036 0.0300658 0.0053731 0.0477757 9.9982E-05
0.346428 0.0964494 0.289112 9.9982E-05 0.129987 0.137823 9.9982E-05
0.262091 0.0222127 0.472951 9.9982E-05 9.9982E-05 0.150846 0.0916986
0.348596 9.9991E-05 0.336649 0.0399286 0.0221417 0.157238 0.095347
0.285557 0.0291858 0.529332 9.9982E-05 0.0810861 0.0746397 9.9982E-05
0.359729 0.0980715 0.398394 9.9982E-05 0.138439 0.00516595 9.9982E-05
0.558491 9.9973E-05 9.9973E-05 0.367563 9.9973E-05 0.00186377 0.0717823
0.374472 0.0709276 0.294342 0.0640183 0.02061 0.129516 0.0461141
0.194809 9.9973E-05 0.641522 0.0563408 9.9973E-05 0.107028 9.9973E-05
0.225418 0.0417166 0.435749 9.9991E-05 0.113656 0.125195 0.0581652
0.197498 9.9982E-05 9.9982E-05 0.330146 0.26615 0.1332 0.0728056
0.569023 9.9973E-05 0.0557773 0.301699 0.0732014 9.9973E-05 9.9973E-05
0.39681 0.0212659 0.274444 0.028722 0.0181524 0.224666 0.0359396
0.611977 9.9982E-05 9.9982E-05 0.226016 0.0296988 0.103388 0.0287199
0.494882 9.9982E-05 9.9982E-05 0.202878 0.0525076 0.100665 0.148867
0.270576 0.108175 0.271566 0.102114 0.0406636 0.14633 0.0605754
0.321402 0.153527 0.235287 0.0212818 0.0125935 0.255809 9.9991E-05
0.60922 9.9982E-05 0.0225347 0.193797 9.9982E-05 0.132771 0.0414779
0.374288 0.129538 0.286716 0.0402301 0.00894373 0.160185 9.9991E-05
0.336947 0.0947228 0.503967 9.9973E-05 9.9973E-05 0.0640634 9.9973E-05
0.12312 0.0240576 0.612547 9.9973E-05 9.9973E-05 0.239975 9.9973E-05
0.652283 0.00969043 0.0341452 0.173108 0.0418957 0.0887772 9.9991E-05
0.474223 9.9982E-05 9.9982E-05 0.348948 0.0516662 0.0763603 0.048602
0.141616 0.0124775 0.0597292 0.673552 9.9991E-05 0.0609297 0.0515962
0.476294 0.0765255 0.065099 0.105202 0.0790531 0.147062 0.0507638
0.402889 0.112448 0.0936911 0.158114 0.170524 0.0456773 0.0166563
0.481442 9.9982E-05 0.103122 0.0303239 9.9982E-05 0.223891 0.161021
0.549948 0.11013 9.9991E-05 0.104353 0.0707919 0.142396 0.0222812
9.9964E-05 9.9964E-05 0.215796 0.529384 9.9964E-05 0.25442 9.9964E-05
9.9964E-05 9.9964E-05 0.0974686 0.662086 9.9964E-05 0.240046 9.9964E-05
0.292302 9.9991E-05 0.125807 0.362111 0.0954743 0.111052 0.0131542
0.0198626 0.0288462 0.230681 0.439437 9.9982E-05 0.280974 9.9982E-05
9.9964E-05 9.9964E-05 0.23328 0.381291 9.9964E-05 0.385029 9.9964E-05
0.316705 0.179511 0.136762 0.189884 9.9991E-05 0.146356 0.0306834
0.398517 0.0387988 0.0896219 0.142944 9.9991E-05 0.269098 0.0609199
0.125772 9.9982E-05 0.255768 0.290069 9.9982E-05 0.233333 0.0948579
0.15261 9.9973E-05 0.136793 0.467699 9.9973E-05 0.242598 9.9973E-05
0.449274 0.0433166 0.10773 0.159682 0.114555 0.0976742 0.0277677
0.119262 9.9982E-05 0.126929 0.437179 9.9982E-05 0.171792 0.144639
9.9964E-05 9.9964E-05 0.0638236 0.549824 9.9964E-05 0.385952 9.9964E-05
0.472029 0.00930905 0.163808 0.089115 0.0984272 0.146638 0.020674
0.287232 0.0484787 0.263055 0.241913 0.0288519 0.126269 0.00420011
0.39795 0.0106841 0.16144 0.0266126 0.076833 0.260736 0.0657443
0.554597 9.9973E-05 0.213902 0.0913641 9.9973E-05 0.139837 9.9973E-05
0.531837 9.9991E-05 0.174338 0.069323 0.0433458 0.1541 0.0269561
0.416553 0.0402327 0.262144 0.148819 0.0171508 0.0782806 0.0368205
0.29175 9.9982E-05 0.244136 0.0823328 0.0546909 0.32689 9.9982E-05
0.478518 9.9973E-05 0.18463 0.0773461 9.9973E-05 0.259206 9.9973E-05
0.440699 0.0075689 0.293922 0.0573484 9.9982E-05 0.200261 9.9982E-05
0.327709 0.0752789 0.239271 0.115255 0.0112848 0.231102 9.9991E-05
0.260564 9.9982E-05 0.163792 9.9982E-05 0.0948902 0.155529 0.325025
0.492298 0.0572206 0.0448176 0.00960042 0.125879 0.203495 0.0666896
0.462427 0.130648 0.118923 0.111797 9.9991E-05 0.161466 0.0146382
0.593174 0.0813547 0.0785297 0.0565383 0.00137336 0.150061 0.0389692
0.33879 9.9973E-05 0.268206 0.0999815 9.9973E-05 0.292723 9.9973E-05
0.422467 9.9982E-05 0.282269 0.0938826 9.9982E-05 0.146021 0.055161
0.102917 0.026849 0.268744 0.264115 9.9991E-05 0.30926 0.0280144
0.483675 0.0740502 0.179197 9.9982E-05 0.0739093 0.188968 9.9982E-05
0.16082 0.0784171 0.333732 0.136079 9.9991E-05 0.2566 0.0342508
0.0194489 9.9991E-05 0.0113141 0.00731255 0.133374 0.764577 0.0638729
0.10245 9.9982E-05 0.00209478 0.0419882 0.787057 0.0662106 9.9982E-05
9.9964E-05 9.9964E-05 9.9964E-05 9.9964E-05 0.963936 0.00748008 0.0281845
9.9955E-05 9.9955E-05 9.9955E-05 9.9955E-05 0.967654 0.0318461 9.9955E-05
0.0141335 9.9955E-05 9.9955E-05 9.9955E-05 0.985367 9.9955E-05 9.9955E-05
0.0647932 9.9964E-05 0.0286267 9.9964E-05 0.90618 9.9964E-05 9.9964E-05
0.0826002 9.9955E-05 9.9955E-05 9.9955E-05 0.9169 9.9955E-05 9.9955E-05
9.9955E-05 9.9955E-05 9.9955E-05 9.9955E-05 0.947379 0.0521211 9.9955E-05
0.0271757 9.9964E-05 9.9964E-05 9.9964E-05 0.802125 0.170299 9.9964E-05
0.0146587 9.9982E-05 0.0408093 0.0221838 9.9982E-05 0.852711 0.0694377
0.0425821 0.0299495 9.9973E-05 9.9973E-05 0.122989 0.80418 9.9973E-05
0.00479485 0.016071 0.043897 0.0429773 0.0140879 0.866434 0.0117374
0.0572222 0.0381748 9.9982E-05 0.026686 0.073106 0.804611 9.9982E-05
0.0162445 9.9973E-05 0.0474898 9.9973E-05 9.9973E-05 0.871052 0.0649134
9.9973E-05 9.9973E-05 0.00487449 9.9973E-05 0.0834427 0.899422 0.0119606
0.0559427 9.9973E-05 0.1397 9.9973E-05 0.0675309 0.736527 9.9973E-05
9.9964E-05 9.9964E-05 0.105853 9.9964E-05 9.9964E-05 0.843472 0.050275
0.0360145 0.0149101 0.0174043 0.0291737 0.153428 0.723293 0.0257757
0.00553766 9.9973E-05 0.0708904 9.9973E-05 9.9973E-05 0.905254 0.0180182
9.9964E-05 0.0419557 9.9964E-05 9.9964E-05 0.00825535 0.949389 9.9964E-05
9.9982E-05 9.9982E-05 0.0585243 0.0887517 0.0217515 0.808872 0.0219007
0.0345046 9.9964E-05 9.9964E-05 0.035921 9.9964E-05 0.929175 9.9964E-05
0.05078 9.9973E-05 0.0242267 0.0306747 9.9973E-05 0.894019 9.9973E-05
0.050734 9.9973E-05 0.0828504 9.9973E-05 9.9973E-05 0.815332 0.050784
0.0968907 9.9964E-05 0.0748893 9.9964E-05 9.9964E-05 0.82782 9.9964E-05
0.106551 9.9964E-05 0.132989 9.9964E-05 9.9964E-05 0.76006 9.9964E-05
0.164499 9.9964E-05 0.0903304 9.9964E-05 9.9964E-05 0.74477 9.9964E-05
0.122184 9.9964E-05 0.0962757 9.9964E-05 9.9964E-05 0.78114 9.9964E-05
0.437027 9.9991E-05 0.0106798 0.310675 0.0532684 0.144051 0.0441984
0.678392 9.9982E-05 9.9982E-05 0.16405 0.0345933 0.0664122 0.0563527
0.653278 9.9982E-05 0.0261017 0.121922 0.118077 0.0804211 9.9982E-05
0.116325 0.0591557 0.0348854 0.73593 9.9982E-05 9.9982E-05 0.0535034
0.540574 9.9982E-05 9.9982E-05 0.212735 0.115432 0.117217 0.0138413
0.164101 9.9964E-05 9.9964E-05 0.785212 9.9964E-05 0.050287 9.9964E-05
0.659983 9.9973E-05 9.9973E-05 0.277013 0.00529006 0.0574134 9.9973E-05
0.445499 9.9982E-05 9.9982E-05 0.343694 0.111125 0.0392425 0.0602392
0.548932 9.9982E-05 9.9982E-05 0.278181 0.0415422 0.0162658 0.114879
0.577001 0.0349273 9.9982E-05 9.9982E-05 0.034594 0.0200551 0.333222
0.456178 9.9982E-05 9.9982E-05 0.372341 0.0647572 0.0704794 0.0360441
0.590257 0.0254565 0.0223499 0.226528 0.0505413 0.0599662 0.0249008
0.59704 9.9982E-05 9.9982E-05 0.232404 0.0656779 0.0958808 0.00879724
0.0465866 0.195447 0.0578679 0.0847378 0.455478 9.9991E-05 0.159783
9.9973E-05 0.0400162 9.9973E-05 0.830356 0.102128 9.9973E-05 0.0272006
0.199369 9.9964E-05 9.9964E-05 0.764949 0.0352827 9.9964E-05 9.9964E-05
0.630421 9.9982E-05 0.0710231 0.196585 0.0379493 0.0638212 9.9982E-05
0.521548 9.9973E-05 9.9973E-05 0.361414 0.0158929 0.100845 9.9973E-05
0.523365 9.9982E-05 9.9982E-05 0.314094 0.00871491 0.0977515 0.0558746
0.626729 0.121896 0.0332595 0.05075 9.9991E-05 0.102849 0.064416
