0.0106496 9.9964E-05 9.9964E-05 9.9964E-05 0.0129104 9.9964E-05 0.0502779 0.0465658 0.0250309 0.854165
9.9955E-05 9.9955E-05 9.9955E-05 0.0523171 0.00109481 0.0200257 9.9955E-05 0.0239936 9.9955E-05 0.902069
9.9982E-05 0.115659 0.011058 9.9982E-05 0.0293045 0.00383953 0.0122767 0.0406431 0.0538592 0.73316
9.9964E-05 0.0390738 9.9964E-05 0.00581526 9.9964E-05 9.9964E-05 0.102952 0.0683571 0.071625 0.711777
9.9964E-05 0.0799344 9.9964E-05 0.0164354 0.0160426 9.9964E-05 0.0405595 9.9964E-05 0.0210971 0.825531
0.31561 9.9946E-05 9.9946E-05 9.9946E-05 9.9946E-05 9.9946E-05 9.9946E-05 0.0204708 0.0756922 0.587628
0.189308 9.9937E-05 9.9937E-05 9.9937E-05 9.9937E-05 9.9937E-05 9.9937E-05 0.027656 9.9937E-05 0.782336
0.214061 9.9964E-05 9.9964E-05 9.9964E-05 9.9964E-05 0.0430648 0.00862597 0.0329614 0.0189364 0.681951
9.99549E-05 9.99549E-05 0.0881819 9.99549E-05 0.0432363 0.00658308 0.0277459 9.99549E-05 9.99549E-05 0.833753
0.232376 9.9946E-05 9.9946E-05 9.9946E-05 9.9946E-05 9.9946E-05 9.9946E-05 0.0305729 0.0771951 0.659256
0.243419 9.9946E-05 9.9946E-05 9.9946E-05 9.9946E-05 9.9946E-05 0.0307636 9.9946E-05 0.00272987 0.722487
0.00113126 0.127724 0.00541433 9.9955E-05 9.9955E-05 0.832736 9.9955E-05 9.9955E-05 0.0324944 9.9955E-05
9.9955E-05 0.463431 9.9955E-05 9.9955E-05 0.000999792 0.415387 0.0456747 0.0740076 9.9955E-05 9.9955E-05
9.9964E-05 0.131418 9.9964E-05 0.0804474 0.0819512 0.65753 9.9964E-05 0.00933095 0.0389222 9.9964E-05
9.9955E-05 0.124641 9.9955E-05 9.9955E-05 0.029047 0.665115 9.9955E-05 9.9955E-05 0.179284 0.00141305
0.0344681 0.287154 0.00881189 9.9973E-05 9.9973E-05 0.40268 9.9973E-05 0.0169939 0.121844 0.127747
9.9955E-05 0.422946 9.9955E-05 9.9955E-05 9.9955E-05 0.41914 9.9955E-05 0.0349147 0.108441 0.014058
0.0589002 0.335406 0.0628095 9.9973E-05 0.0215258 0.430209 9.9973E-05 0.0444693 0.0463805 9.9973E-05
9.9964E-05 0.153727 0.0207526 9.9964E-05 0.0180202 0.607682 9.9964E-05 9.9964E-05 0.0728571 0.126561
0.122991 9.9937E-05 9.9937E-05 9.9937E-05 9.9937E-05 0.8128 9.9937E-05 9.9937E-05 9.9937E-05 0.0635104
9.9964E-05 0.326068 0.128621 9.9964E-05 9.9964E-05 0.412679 0.0449737 9.9964E-05 0.0469514 0.040307
0.116971 0.389464 0.0307793 0.071433 0.130492 0.243013 0.0169854 0.00066159 9.9982E-05 9.9982E-05
0.0552996 0.494635 0.0294343 0.0107144 9.9973E-05 0.306559 9.9973E-05 9.9973E-05 0.072699 0.0303587
0.0830879 0.134385 9.9955E-05 9.9955E-05 9.9955E-05 0.661068 9.9955E-05 0.0372146 0.0837451 9.9955E-05
0.0392702 0.670493 9.9973E-05 9.9973E-05 0.0225979 0.119122 0.0572707 0.00809845 9.9973E-05 0.0828486
0.019387 0.44873 9.9964E-05 9.9964E-05 0.0771178 0.384214 9.9964E-05 0.0234973 0.0466539 9.9964E-05
0.00289252 9.9964E-05 9.9964E-05 0.0271511 9.9964E-05 0.811985 9.9964E-05 0.0254563 0.125579 0.00653616
9.9928E-05 9.9928E-05 9.9928E-05 9.9928E-05 9.9928E-05 0.830574 9.9928E-05 9.9928E-05 0.168626 9.9928E-05
0.0192937 0.0856449 9.9973E-05 0.0489443 0.00999351 0.775546 9.9973E-05 9.9973E-05 0.0143513 0.045926
9.99201E-05 9.99201E-05 9.99201E-05 9.99201E-05 9.99201E-05 9.99201E-05 9.99201E-05 0.999101 9.99201E-05 9.99201E-05
9.99201E-05 9.99201E-05 9.99201E-05 9.99201E-05 9.99201E-05 9.99201E-05 9.99201E-05 0.999101 9.99201E-05 9.99201E-05
9.9955E-05 0.0805417 9.9955E-05 9.9955E-05 9.9955E-05 0.0462349 9.9955E-05 0.391538 0.0109065 0.470279
9.9973E-05 0.100304 0.0345549 9.9973E-05 0.0557854 9.9973E-05 0.00837848 0.290362 0.0281898 0.482125
0.096543 0.472238 0.106307 0.0344064 9.9964E-05 0.223683 9.9964E-05 9.9964E-05 9.9964E-05 0.0664231
9.9973E-05 0.363312 0.303001 0.0239087 9.9973E-05 0.0415322 0.0697585 9.9973E-05 0.119705 0.0784826
0.0448348 0.565573 0.34326 9.9946E-05 9.9946E-05 9.9946E-05 9.9946E-05 9.9946E-05 9.9946E-05 0.0457322
0.0276516 0.079258 0.0130494 9.9964E-05 9.9964E-05 0.631072 0.164493 9.9964E-05 9.9964E-05 0.0840762
9.9964E-05 0.327306 0.570761 9.9964E-05 0.0191341 0.0500611 9.9964E-05 0.0203502 9.9964E-05 0.0119876
9.9964E-05 0.468314 0.254909 9.9964E-05 9.9964E-05 0.159744 9.9964E-05 0.00826851 0.00417127 0.104194
9.9964E-05 0.73454 0.116743 0.0493419 0.041743 9.9964E-05 0.0322023 9.9964E-05 9.9964E-05 0.0250303
0.281243 0.465988 0.0753289 9.9973E-05 9.9973E-05 0.0424817 9.9973E-05 0.0311084 0.0670755 0.0364747
0.140282 0.539887 0.139337 9.9973E-05 9.9973E-05 9.9973E-05 0.0289859 0.113538 0.0117223 0.0259473
9.9973E-05 0.101668 0.664419 9.9973E-05 0.0268677 0.1489 0.0235979 0.00975886 9.9973E-05 0.0244888
0.308796 0.501715 0.0219819 0.00724912 0.0466208 0.0646312 0.00108885 0.0142082 0.0336094 9.9991E-05
9.9955E-05 0.588091 0.209204 9.9955E-05 9.9955E-05 9.9955E-05 0.120172 0.0222914 9.9955E-05 0.0597415
9.9982E-05 0.563631 0.150384 9.9982E-05 0.0195135 0.0674604 0.0288227 0.0198578 0.0203203 0.12981
9.9955E-05 0.288373 0.654533 0.0131429 0.0375913 9.9955E-05 9.9955E-05 0.00586001 9.9955E-05 9.9955E-05
0.0185308 0.587492 0.261162 9.9955E-05 0.09462 9.9955E-05 9.9955E-05 0.0376949 9.9955E-05 9.9955E-05
0.0369254 0.489468 0.171808 0.0987046 0.0336111 9.9982E-05 9.9982E-05 0.0143445 0.0991281 0.0558112
0.0660005 9.9955E-05 0.712415 0.0381121 0.12521 9.9955E-05 9.9955E-05 9.9955E-05 9.9955E-05 0.0577629
0.034705 0.117401 0.185453 0.0447626 0.0563893 0.34736 0.212887 9.9982E-05 0.000842403 9.9982E-05
0.220458 0.00626518 0.18496 0.129904 0.140637 0.305696 0.00742204 0.00407716 9.9991E-05 0.000480813
0.0711675 0.448514 0.106141 9.9991E-05 0.0293443 0.103003 0.0998904 0.00394056 0.0905613 0.0473387
0.00720507 0.595234 0.0224298 0.106482 0.029245 0.0730203 0.0306378 0.0188429 0.0397471 0.0771562
0.0184428 0.571936 0.0703473 0.0425601 0.0527431 0.0225431 0.110805 9.9991E-05 0.109213 0.00130929
0.0257455 0.151474 0.230144 0.0776646 0.0429896 0.17411 0.189483 0.035384 9.9991E-05 0.0729055
9.9964E-05 0.528011 0.0749694 9.9964E-05 0.0499112 0.316204 0.0109482 0.0195569 9.9964E-05 9.9964E-05
0.0549832 0.573654 9.9982E-05 9.9982E-05 0.0616673 0.192218 0.0486404 0.0252547 0.03155 0.0118318
0.133906 0.29251 0.12088 0.00313592 9.9982E-05 0.22726 0.109004 0.00312003 9.9982E-05 0.109985
0.0676261 0.0495423 0.090339 0.00763483 0.156966 0.387327 0.0602964 0.0219186 0.0242615 0.134088
0.0214619 0.523333 0.137578 0.0140261 0.0972489 0.0538903 0.089809 0.0624531 9.9982E-05 9.9982E-05
9.9982E-05 0.366123 0.0179454 0.0490458 0.0727531 0.350818 0.0792053 9.9982E-05 0.0452311 0.0186791
0.0592955 9.9973E-05 0.0718691 0.0583983 0.050126 0.580873 0.130532 0.0486062 9.9973E-05 9.9973E-05
9.9955E-05 0.46549 0.0167731 0.0710824 9.9955E-05 0.399208 0.0469475 9.9955E-05 9.9955E-05 9.9955E-05
0.0198505 0.64361 0.0566539 0.147218 0.0457155 9.9982E-05 0.0607952 0.0224999 0.00345664 9.9982E-05
0.000766973 0.437798 0.0805829 0.0437576 0.0416079 0.229266 0.016037 0.0623234 0.0877604 9.9991E-05
0.0032032 0.214614 0.148273 0.0801302 0.0419833 0.387194 0.0530984 0.00720597 0.0356038 0.0286938
0.00651762 0.420277 0.0783922 0.0527532 0.0421652 0.359137 9.9982E-05 0.0379723 0.00258541 9.9982E-05
9.9991E-05 0.530538 0.0072669 0.0276768 0.00129364 0.0589763 0.1783 0.106726 0.018126 0.0709965
0.0834383 0.112519 0.0538498 0.0536002 0.0309969 0.514005 0.0939677 0.0574232 9.9982E-05 9.9982E-05
9.9946E-05 0.50891 0.464451 9.9946E-05 9.9946E-05 9.9946E-05 0.0218618 0.00417734 9.9946E-05 9.9946E-05
9.9955E-05 0.171551 0.625258 9.9955E-05 9.9955E-05 0.153538 9.9955E-05 0.0171358 0.0320171 9.9955E-05
9.9982E-05 0.468753 0.193706 0.0568057 0.0473712 0.035505 0.0664097 0.0043924 0.126857 9.9982E-05
0.070051 9.9937E-05 0.889179 9.9937E-05 0.0400707 9.9937E-05 9.9937E-05 9.9937E-05 9.9937E-05 9.9937E-05
0.0501141 9.9955E-05 0.876189 9.9955E-05 0.00671276 0.0520133 9.9955E-05 9.9955E-05 9.9955E-05 0.0144713
9.99281E-05 0.219192 0.780008 9.99281E-05 9.99281E-05 9.99281E-05 9.99281E-05 9.99281E-05 9.99281E-05 9.99281E-05
9.9955E-05 0.381038 0.441694 0.000786536 9.9955E-05 0.138793 0.037189 9.9955E-05 9.9955E-05 9.9955E-05
0.0358681 0.634811 0.074655 9.9982E-05 0.0719623 0.0974771 0.0213655 0.0113088 9.9982E-05 0.0523522
9.99461E-05 0.426317 0.428949 9.99461E-05 0.0341824 0.109952 9.99461E-05 9.99461E-05 9.99461E-05 9.99461E-05
9.9964E-05 0.0402351 0.649102 9.9964E-05 9.9964E-05 0.107002 0.06681 9.9964E-05 0.0726538 0.0637967
9.99549E-05 0.212301 0.52323 9.99549E-05 9.99549E-05 0.0481054 0.157474 9.99549E-05 9.99549E-05 0.0583889
9.9973E-05 0.414571 0.2479 0.0110938 9.9973E-05 9.9973E-05 0.106267 0.0264589 0.138526 0.054884
0.0927173 0.164788 0.516414 9.9964E-05 9.9964E-05 0.121914 9.9964E-05 0.00892704 0.0948395 9.9964E-05
9.9946E-05 0.40059 0.42964 9.9946E-05 9.9946E-05 0.100896 9.9946E-05 0.0682746 9.9946E-05 9.9946E-05
0.0999327 0.313109 0.542436 0.00990936 9.9955E-05 9.9955E-05 9.9955E-05 0.0341131 9.9955E-05 9.9955E-05
0.0962572 9.9955E-05 0.701555 0.103879 0.0958961 9.9955E-05 9.9955E-05 9.9955E-05 9.9955E-05 0.00191287
9.9964E-05 0.555303 0.225024 0.0306304 0.0332986 9.9964E-05 0.0881244 9.9964E-05 0.0672206 9.9964E-05
9.9955E-05 0.094347 9.9955E-05 9.9955E-05 9.9955E-05 0.0730518 9.9955E-05 0.0120298 0.0039719 0.8161
9.9937E-05 0.0839551 9.9937E-05 9.9937E-05 9.9937E-05 9.9937E-05 9.9937E-05 0.104162 9.9937E-05 0.811184
9.9955E-05 0.0893558 9.9955E-05 9.9955E-05 0.0422847 9.9955E-05 9.9955E-05 0.120449 0.0136792 0.733732
9.9946E-05 0.0048664 9.9946E-05 9.9946E-05 0.181389 9.9946E-05 9.9946E-05 0.117976 9.9946E-05 0.695169
9.9955E-05 0.0713585 9.9955E-05 9.9955E-05 0.0785454 9.9955E-05 9.9955E-05 0.0557108 0.0193227 0.774563
9.9973E-05 0.0434237 0.0274832 0.00172417 0.0512729 9.9973E-05 9.9973E-05 0.0617367 0.00751483 0.806545
9.9946E-05 0.0923644 9.9946E-05 9.9946E-05 0.0283537 9.9946E-05 9.9946E-05 0.0593409 9.9946E-05 0.819341
9.999E-05 0.535111 0.257825 0.0262806 0.021551 0.0175151 0.0441138 0.0184728 0.00752145 0.071509
9.9964E-05 0.568092 0.220358 9.9964E-05 0.0439396 9.9964E-05 0.00664365 0.0912756 9.9964E-05 0.0692917
9.9955E-05 9.9955E-05 0.716311 0.0933566 9.9955E-05 0.137936 0.00957223 9.9955E-05 9.9955E-05 0.0423243
0.0605789 0.447453 0.155127 0.0413819 9.9991E-05 0.0857829 0.0661369 0.0490464 0.0460336 0.048359
0.0541246 0.363179 0.324396 9.9973E-05 9.9973E-05 0.200974 9.9973E-05 0.02545 0.00848403 0.0230931
0.0106446 0.565065 0.305829 0.00924981 9.9964E-05 9.9964E-05 9.9964E-05 9.9964E-05 0.00867286 0.100139
0.0531947 0.538279 0.228966 0.118527 9.9964E-05 0.0185537 9.9964E-05 9.9964E-05 9.9964E-05 0.0420804
0.045488 0.339264 0.403737 0.0893648 9.9964E-05 9.9964E-05 9.9964E-05 0.000223413 0.121523 9.9964E-05
9.9946E-05 9.9946E-05 0.733102 9.9946E-05 9.9946E-05 0.137887 0.0711204 9.9946E-05 9.9946E-05 0.0572909
0.0915226 0.425762 0.159469 0.0477014 0.0294522 0.0544444 0.0385504 9.9991E-05 0.0326094 0.120389
0.030555 0.647843 0.147529 0.0357713 9.9973E-05 0.0543454 9.9973E-05 0.037376 9.9973E-05 0.0462805
9.9982E-05 0.443978 0.165369 0.0203276 9.9982E-05 0.14787 0.0545953 0.0407244 0.12024 0.00669637
0.0469355 0.21558 0.627376 0.0177726 0.0460248 0.0459107 9.9964E-05 9.9964E-05 9.9964E-05 9.9964E-05
0.00760893 0.488051 0.352378 0.089768 9.9955E-05 9.9955E-05 9.9955E-05 0.0616945 9.9955E-05 9.9955E-05
9.9964E-05 0.455417 0.39525 9.9964E-05 0.0250468 0.109297 0.0083311 9.9964E-05 9.9964E-05 0.00625869
0.0284385 0.215714 0.600436 0.00943008 9.9955E-05 9.9955E-05 9.9955E-05 9.9955E-05 0.145482 9.9955E-05
0.0303131 0.398009 0.465334 9.9964E-05 9.9964E-05 9.9964E-05 0.043852 0.00643043 9.9964E-05 0.055661
9.9982E-05 0.569238 0.0465452 0.152408 9.9982E-05 0.0769732 0.0231264 0.00383129 0.0205117 0.107165
9.9991E-05 0.0884712 0.0493615 0.122665 0.0745989 0.490587 0.0881587 0.0269035 0.0260795 0.0330752
0.0776179 0.343321 9.9982E-05 9.9982E-05 0.0907876 0.19206 0.236715 0.012443 0.0274349 0.0194207
9.9964E-05 0.474873 9.9964E-05 0.0866423 9.9964E-05 0.23438 0.123558 9.9964E-05 0.0127638 0.0673825
0.0568842 0.617864 0.0487878 0.0377769 0.0768442 0.0809482 0.0125149 0.0681802 9.9982E-05 9.9982E-05
9.9964E-05 0.451425 9.9964E-05 0.0784162 9.9964E-05 0.327206 0.0680994 0.0692283 9.9964E-05 0.00522537
0.0727713 0.446513 9.9973E-05 0.0341909 9.9973E-05 0.231544 0.132149 9.9973E-05 0.051225 0.0313065
9.9964E-05 0.418107 0.0475226 0.00749875 9.9964E-05 0.314109 0.171648 9.9964E-05 9.9964E-05 0.0407155
9.9982E-05 0.510523 0.0881474 0.0500604 0.0619705 0.0482453 0.129469 0.024538 9.9982E-05 0.0868464
0.0207929 0.530696 0.114416 9.9982E-05 0.0854543 0.0944353 0.126271 0.0250979 9.9982E-05 0.0026368
0.0335533 0.533189 9.9973E-05 0.0744663 0.0738345 0.115115 0.131883 0.0376589 9.9973E-05 9.9973E-05
0.0414616 0.513285 0.025234 9.9955E-05 9.9955E-05 0.273695 0.145825 9.9955E-05 9.9955E-05 9.9955E-05
0.0423377 0.604606 0.135767 0.0490521 0.0543486 9.9991E-05 0.0994762 0.00299106 0.00117299 0.0101488
0.0407037 0.565847 9.99773E-05 0.0836811 0.112537 9.99773E-05 0.110017 9.99773E-05 0.00949598 0.0774188
9.9973E-05 0.529303 0.0921113 0.0469678 9.9973E-05 0.1292 0.134699 0.0213525 0.0460669 9.9973E-05
0.0552806 0.547648 9.9982E-05 0.029319 0.0592893 0.0609753 0.142738 9.9982E-05 0.00789655 0.0966539
0.0796005 0.411988 0.0311873 0.0573476 9.9982E-05 0.108953 0.154522 0.0399493 0.116252 9.9982E-05
0.0690453 0.353886 9.9982E-05 0.0732671 0.0407301 0.337978 0.0109087 0.0227115 9.9982E-05 0.0912741
0.0389619 0.639121 0.0426503 9.9973E-05 0.0287048 0.149542 0.0305869 9.9973E-05 0.0701329 9.9973E-05
9.9964E-05 0.65293 9.9964E-05 0.0213399 0.113615 0.201073 0.00377706 0.00686524 9.9964E-05 9.9964E-05
9.9982E-05 0.154134 0.0885943 0.127096 0.0113918 0.354084 0.152644 0.00641484 0.105441 9.9982E-05
0.0592158 0.131878 0.0610788 0.148197 0.189959 0.346776 0.0625966 9.9973E-05 9.9973E-05 9.9973E-05
0.0149848 0.474107 0.201838 9.9973E-05 0.0114449 0.0949868 0.145732 9.9973E-05 9.9973E-05 0.0566065
9.9964E-05 0.0524158 0.238707 0.258069 0.13538 0.109193 0.205835 9.9964E-05 9.9964E-05 9.9964E-05
0.0304119 0.169481 0.0484816 0.0874406 9.9982E-05 0.445383 0.0834898 9.9982E-05 0.0781967 0.0569151
0.0166674 0.391114 0.122609 0.0659695 9.9964E-05 0.309021 0.0942185 9.9964E-05 9.9964E-05 9.9964E-05
0.0343567 0.21491 0.118085 0.0561339 9.9982E-05 0.441516 0.114939 0.0189025 9.9982E-05 0.000956922
0.157513 0.169143 9.9964E-05 0.0265036 9.9964E-05 0.537066 0.0860392 9.9964E-05 0.0233362 9.9964E-05
0.122792 0.485604 0.00761871 0.0121748 0.00912128 0.20385 0.0317352 0.030304 0.0381234 0.0586763
0.000637675 0.517667 0.110643 0.0873424 0.0632143 0.0641623 0.128459 9.9991E-05 0.0265651 0.00120953
9.9991E-05 0.446228 0.01036 0.131887 0.0155062 0.168487 0.114472 0.0208835 0.043827 0.0482496
9.9973E-05 0.130576 0.196376 0.0773333 0.178785 0.209317 0.202243 0.00506941 9.9973E-05 9.9973E-05
0.0372853 0.545703 0.15798 9.9982E-05 0.046368 9.9982E-05 0.0246795 0.0114454 0.0335305 0.142809
0.220084 0.410115 0.0352385 0.0787743 9.9973E-05 0.177061 9.9973E-05 0.00120966 9.9973E-05 0.077218
0.314205 9.9982E-05 0.0274017 0.175626 0.21272 0.156823 0.0510922 0.0131257 9.9982E-05 0.0488062
0.1385 0.618524 0.0933289 0.0595553 9.9955E-05 9.9955E-05 9.9955E-05 9.9955E-05 9.9955E-05 0.0895924
0.00486788 0.378424 0.15245 0.129418 0.188559 0.00814737 0.137834 9.9973E-05 9.9973E-05 9.9973E-05
0.00898541 0.495113 0.0688805 0.0504153 0.179843 0.112079 0.0338536 9.9982E-05 9.9982E-05 0.0506301
0.302872 0.179402 0.0911666 0.0219037 0.176447 0.042913 0.114749 0.00321926 9.9991E-05 0.0672286
0.330083 0.0911146 0.102996 0.135618 0.0967339 0.0868441 0.0959169 0.0604934 9.9982E-05 9.9982E-05
0.221822 0.406517 0.0405518 0.164274 9.9973E-05 0.0881102 0.0708519 9.9973E-05 9.9973E-05 0.00757277
0.241667 0.425615 9.9973E-05 0.103818 0.0554927 0.0286502 0.079926 9.9973E-05 9.9973E-05 0.0645317
0.230045 0.402522 0.0472877 0.0141988 0.0715411 0.0198577 0.0535457 0.0478768 9.9991E-05 0.113026
0.165885 9.9982E-05 0.222285 0.072025 0.210827 0.187081 0.00552926 0.0106535 0.125514 9.9982E-05
0.0678426 0.505479 9.9991E-05 0.148704 0.0447141 0.010468 0.124264 0.0248701 0.0656139 0.00794419
0.264734 0.253652 0.159627 0.027732 0.123356 0.14665 0.0239489 9.9973E-05 9.9973E-05 9.9973E-05
0.181841 0.432655 0.0782201 0.119902 0.041717 0.145266 9.9964E-05 9.9964E-05 9.9964E-05 9.9964E-05
0.0820035 0.58875 9.9973E-05 0.0982322 9.9973E-05 0.0318346 0.082423 0.0395895 9.9973E-05 0.0768673
0.199394 0.147908 9.9973E-05 9.9973E-05 0.138985 0.0506302 9.9973E-05 0.0615453 0.156161 0.245077
0.134386 9.9955E-05 9.9955E-05 9.9955E-05 0.403365 9.9955E-05 9.9955E-05 0.0385878 0.0607437 0.362418
0.0438142 9.9964E-05 9.9964E-05 0.0384044 0.610053 9.9964E-05 9.9964E-05 0.0300863 0.0534835 0.223759
0.0875258 0.0793198 9.9982E-05 9.9982E-05 0.274964 0.0299118 0.00454653 0.00545526 0.251194 0.266884
0.373794 0.591051 0.00613766 0.0161165 9.9964E-05 9.9964E-05 0.00465181 0.00784951 9.9964E-05 9.9964E-05
0.189754 0.521839 0.0351542 0.0902938 0.0248913 9.9991E-05 0.0428932 0.00960705 0.0118207 0.0736463
9.9964E-05 0.276796 0.0363768 0.00385724 9.9964E-05 0.0426183 9.9964E-05 0.0133134 0.626639 9.9964E-05
9.9955E-05 0.230275 0.0567496 9.9955E-05 0.0904087 0.189573 9.9955E-05 9.9955E-05 0.432495 9.9955E-05
9.9964E-05 0.309803 0.16149 9.9964E-05 9.9964E-05 0.0967043 0.00641075 0.0157952 0.409397 9.9964E-05
0.440342 0.170461 0.0666405 0.202711 9.9973E-05 0.0602429 9.9973E-05 0.00643234 0.05287 9.9973E-05
0.179925 0.442007 0.0971373 0.0419095 0.0267691 9.9991E-05 0.0332008 0.00354139 0.120613 0.0547965
0.554234 0.0851552 9.9955E-05 0.254898 0.0718521 0.0333603 9.9955E-05 9.9955E-05 9.9955E-05 9.9955E-05
0.212104 0.604186 0.0376895 0.0216437 0.0233451 9.9964E-05 0.100632 9.9964E-05 9.9964E-05 9.9964E-05
0.111653 0.388625 0.177666 0.0642163 0.0668505 0.131449 9.9982E-05 0.0163353 0.0430052 9.9982E-05
0.277244 0.475159 0.0930129 0.0502489 0.0205681 0.0348532 9.9991E-05 0.0195556 0.0221407 0.00711745
0.419635 0.0993197 0.134003 0.132112 0.0733848 0.141145 9.9964E-05 9.9964E-05 9.9964E-05 9.9964E-05
0.117299 0.635611 0.0623347 9.9982E-05 0.0841087 0.0527508 9.9982E-05 0.0177374 0.0115924 0.0183654
0.222781 0.477218 0.0370862 0.0610409 0.00720028 9.9991E-05 0.0409959 0.0254419 0.084314 0.0438217
0.00608631 9.9955E-05 0.0130981 0.0204127 0.000335697 9.9955E-05 9.9955E-05 9.9955E-05 0.959567 9.9955E-05
0.0157721 0.00442659 9.9946E-05 0.0168032 9.9946E-05 9.9946E-05 9.9946E-05 9.9946E-05 0.962398 9.9946E-05
0.0287741 0.207926 0.066023 9.9973E-05 9.9973E-05 0.0733659 9.9973E-05 0.00473634 0.562912 0.0559627
9.9946E-05 0.293057 9.9946E-05 0.00470721 9.9946E-05 9.9946E-05 0.00806926 9.9946E-05 0.693567 9.9946E-05
0.0623954 0.0850811 0.0117755 9.9955E-05 9.9955E-05 0.0324014 9.9955E-05 9.9955E-05 0.807847 9.9955E-05
9.9928E-05 9.9928E-05 9.9928E-05 9.9928E-05 0.0264222 9.9928E-05 9.9928E-05 9.9928E-05 0.972778 9.9928E-05
9.9955E-05 9.9955E-05 9.9955E-05 0.0034168 9.9955E-05 9.9955E-05 0.0139507 0.0168093 0.962604 0.00271966
9.9946E-05 0.0964453 0.0486101 0.00319774 9.9946E-05 9.9946E-05 9.9946E-05 9.9946E-05 0.851147 9.9946E-05
9.9937E-05 9.9937E-05 9.9937E-05 9.9937E-05 9.9937E-05 0.0092191 9.9937E-05 0.0218672 0.968214 9.9937E-05
9.99201E-05 9.99201E-05 9.99201E-05 9.99201E-05 9.99201E-05 9.99201E-05 9.99201E-05 9.99201E-05 0.999101 9.99201E-05
9.9937E-05 9.9937E-05 9.9937E-05 9.9937E-05 0.00631514 9.9937E-05 9.9937E-05 0.0340978 0.958888 9.9937E-05
9.9946E-05 0.0942772 9.9946E-05 9.9946E-05 9.9946E-05 0.11175 9.9946E-05 0.0593552 0.734018 9.9946E-05
9.9973E-05 0.0880171 9.9973E-05 0.00174119 0.0248573 0.00762724 0.0396914 0.0248635 0.812902 9.9973E-05
9.9937E-05 9.9937E-05 0.0229917 9.9937E-05 9.9937E-05 9.9937E-05 9.9937E-05 0.00680511 0.969504 9.9937E-05
0.033299 0.282679 0.126262 0.017221 0.0384397 0.0370712 0.086814 9.9982E-05 0.378014 9.9982E-05
9.9982E-05 0.226842 0.00177607 9.9982E-05 0.0233161 0.0275867 0.0798725 0.0277658 0.595579 0.0170615
9.9946E-05 0.191784 9.9946E-05 9.9946E-05 0.0669228 9.9946E-05 9.9946E-05 0.0290101 0.711683 9.9946E-05
9.9937E-05 0.0744935 9.9937E-05 9.9937E-05 9.9937E-05 9.9937E-05 9.9937E-05 0.0857263 0.839081 9.9937E-05
9.9937E-05 0.0180301 9.9937E-05 9.9937E-05 0.0160706 9.9937E-05 9.9937E-05 9.9937E-05 0.9652 9.9937E-05
9.9973E-05 0.0184061 0.00603234 9.9973E-05 0.0655625 0.0247184 9.9973E-05 0.007298 0.855983 0.0216998
9.9928E-05 9.9928E-05 9.9928E-05 9.9928E-05 9.9928E-05 9.9928E-05 9.9928E-05 0.0109389 0.988262 9.9928E-05
9.9946E-05 0.236778 9.9946E-05 9.9946E-05 9.9946E-05 0.0978799 9.9946E-05 9.9946E-05 0.610987 0.0537554
0.037848 0.00935188 0.00411914 0.0111045 9.9973E-05 0.0184144 0.00285851 9.9973E-05 0.916004 9.9973E-05
0.467249 9.9955E-05 0.0230061 0.0120596 0.275667 9.9955E-05 9.9955E-05 9.9955E-05 9.9955E-05 0.221519
0.187369 0.287175 9.9991E-05 0.0276706 0.129042 0.133905 0.0347041 0.020134 0.0966421 0.0832584
0.214286 0.313716 0.0409146 9.9973E-05 0.0564447 9.9973E-05 0.0870795 9.9973E-05 0.101655 0.185605
0.355272 0.191813 0.0151446 9.9982E-05 0.212398 9.9982E-05 0.0145625 0.0259266 0.0605075 0.124175
0.16403 0.356644 0.0618799 0.0305353 0.0705784 0.0683283 0.00421589 0.0205854 0.132271 0.0909324
0.238876 0.0211324 0.126355 0.0411662 0.257486 0.0569207 9.9991E-05 0.0474562 0.146814 0.063694
0.0580808 0.400836 0.0371442 0.148019 0.0683642 0.0681298 0.0186792 0.0348849 0.0243661 0.141496
0.423283 0.145134 0.0437055 9.9964E-05 0.0993332 9.9964E-05 9.9964E-05 9.9964E-05 0.229767 0.0583766
0.227016 0.467109 9.9964E-05 9.9964E-05 0.0404123 9.9964E-05 9.9964E-05 0.0698545 0.0803132 0.114895
0.316159 0.289972 9.9964E-05 9.9964E-05 0.147604 9.9964E-05 9.9964E-05 0.0822867 0.158602 0.00497624
0.189556 0.412699 0.0370739 9.9973E-05 0.104995 0.103122 9.9973E-05 9.9973E-05 0.0235641 0.12869
9.9955E-05 0.0396173 9.9955E-05 9.9955E-05 0.0397185 9.9955E-05 0.146366 9.9955E-05 0.0165685 0.75723
9.9964E-05 9.9964E-05 9.9964E-05 0.014121 0.0283801 9.9964E-05 0.00979166 0.0478627 0.0631578 0.836287
9.9955E-05 0.0126306 9.9955E-05 9.9955E-05 0.0411462 9.9955E-05 0.00928622 0.0388078 9.9955E-05 0.897629
9.9955E-05 0.0244178 9.9955E-05 9.9955E-05 0.0459998 9.9955E-05 0.0463525 0.0395557 9.9955E-05 0.843174
9.9973E-05 0.0275228 9.9973E-05 0.00199806 0.0605633 0.0140931 0.031536 0.0896482 9.9973E-05 0.774339
9.9955E-05 9.9955E-05 9.9955E-05 9.9955E-05 0.0704028 0.00410454 9.9955E-05 0.0447369 0.0648109 0.815445
9.9955E-05 0.0461161 9.9955E-05 9.9955E-05 0.0262606 9.9955E-05 9.9955E-05 0.0525016 0.0804585 0.794163
9.9964E-05 0.0453672 0.0086636 0.00983234 0.0906457 9.9964E-05 9.9964E-05 0.00883672 9.9964E-05 0.836255
9.9982E-05 0.0288882 0.00362854 0.00800618 0.0705831 0.0191185 9.9982E-05 0.0160427 0.00292114 0.850612
9.9964E-05 0.0314318 9.9964E-05 9.9964E-05 0.108126 0.0180593 9.9964E-05 0.0179084 0.0401671 0.783908
9.9964E-05 9.9964E-05 0.0890304 0.0288858 9.9964E-05 0.228212 0.061463 0.0648077 9.9964E-05 0.527201
9.9964E-05 9.9964E-05 0.0595989 9.9964E-05 0.00106247 0.148659 0.223686 0.0220938 9.9964E-05 0.5445
9.9964E-05 9.9964E-05 9.9964E-05 0.0734422 0.0851132 0.254918 0.0850061 0.0494633 9.9964E-05 0.451657
0.0221999 9.9955E-05 9.9955E-05 0.0656729 9.9955E-05 0.334953 0.0799071 9.9955E-05 9.9955E-05 0.496767
9.9973E-05 0.474429 0.231359 0.0348632 9.9973E-05 0.150038 0.0738855 0.0281501 9.9973E-05 0.0069742
0.0695777 0.450972 0.289203 0.0474172 9.9982E-05 0.0567592 0.0425038 9.9982E-05 0.00527691 0.0380909
0.139002 0.522378 0.139686 9.9964E-05 9.9964E-05 0.086187 0.0912765 9.9964E-05 9.9964E-05 0.021071
0.0265548 0.429682 0.173903 0.0789725 0.028895 0.220659 0.0313647 0.00976906 9.9982E-05 9.9982E-05
0.00946304 0.0935805 0.0641372 0.0174267 9.9973E-05 0.500974 0.264176 9.9973E-05 0.0499429 9.9973E-05
9.9973E-05 0.584652 0.244175 0.0448097 9.9973E-05 0.0505763 0.0192098 9.9973E-05 0.0105868 0.04569
9.9973E-05 0.577905 0.283292 0.0231236 0.0219958 0.0479389 0.0331702 9.9973E-05 0.012274 9.9973E-05
0.0568572 0.411334 0.293863 9.9964E-05 0.0464516 0.182075 0.00901938 9.9964E-05 9.9964E-05 9.9964E-05
0.0635889 0.334655 0.559107 0.000982441 9.9955E-05 9.9955E-05 9.9955E-05 9.9955E-05 0.0411675 9.9955E-05
0.112079 0.541781 0.121315 9.9964E-05 0.0207887 9.9964E-05 0.104242 9.9964E-05 0.0993946 9.9964E-05
9.9964E-05 0.356539 0.455729 0.0403116 9.9964E-05 0.0557246 0.0663777 0.024918 9.9964E-05 9.9964E-05
9.9955E-05 9.9955E-05 0.647445 0.240853 9.9955E-05 0.0380247 0.056259 0.0169183 9.9955E-05 9.9955E-05
0.028695 0.4712 0.0918491 0.147547 9.9982E-05 0.162508 0.0502502 0.0377298 9.9982E-05 0.010021
0.094461 0.17589 0.500642 0.163839 0.0620145 9.9964E-05 9.9964E-05 0.00275355 9.9964E-05 9.9964E-05
0.0101723 0.471219 0.32119 0.092208 9.9982E-05 0.0652694 9.9982E-05 0.0251944 0.003512 0.0110354
9.9955E-05 0.000434677 0.647862 9.9955E-05 9.9955E-05 0.259941 0.0297553 9.9955E-05 9.9955E-05 0.0615081
0.135182 9.9937E-05 9.9937E-05 9.9937E-05 9.9937E-05 9.9937E-05 0.791618 9.9937E-05 9.9937E-05 0.0724995
0.172517 0.00978613 9.9964E-05 9.9964E-05 9.9964E-05 9.9964E-05 0.760035 0.0167345 0.0046932 0.0358349
0.0848164 9.9928E-05 9.9928E-05 9.9928E-05 9.9928E-05 9.9928E-05 0.914384 9.9928E-05 9.9928E-05 9.9928E-05
0.0583985 9.9946E-05 9.9946E-05 0.0457655 9.9946E-05 9.9946E-05 0.824198 9.9946E-05 9.9946E-05 0.0710386
0.100006 9.9955E-05 0.0256514 0.0166828 9.9955E-05 9.9955E-05 0.823679 9.9955E-05 0.0334805 9.9955E-05
9.9955E-05 0.0900921 9.9955E-05 9.9955E-05 0.0440405 9.9955E-05 0.813326 9.9955E-05 0.0199932 0.0320482
9.9946E-05 0.0919958 9.9946E-05 9.9946E-05 0.0556525 9.9946E-05 9.9946E-05 0.0560918 9.9946E-05 0.79566
0.00203763 0.119744 9.9973E-05 0.0336481 0.0514034 0.00865861 9.9973E-05 0.0118959 9.9973E-05 0.772312
9.9955E-05 0.116815 9.9955E-05 9.9955E-05 9.9955E-05 0.0316069 9.9955E-05 0.0533486 0.0667521 0.730978
9.9973E-05 0.00254563 9.9973E-05 9.9973E-05 0.0673516 0.0870277 0.0366782 0.0529445 0.101033 0.65212
0.0572723 0.0329563 9.9964E-05 9.9964E-05 0.0688487 0.028764 9.9964E-05 9.9964E-05 0.0866145 0.725144
0.0613578 9.9964E-05 0.0738076 9.9964E-05 9.9964E-05 0.0376038 0.452671 0.0376668 9.9964E-05 0.336494
0.0229958 9.9973E-05 0.0848817 0.0898595 0.028708 9.9973E-05 0.320266 0.0118003 9.9973E-05 0.441189
9.9955E-05 9.9955E-05 0.0559996 0.0956788 9.9955E-05 9.9955E-05 0.393785 0.0478128 9.9955E-05 0.406224
9.99369E-05 9.99369E-05 9.99369E-05 9.99369E-05 9.99369E-05 0.00289588 0.00197476 0.99443 9.99369E-05 9.99369E-05
0.00509113 9.9982E-05 0.093213 0.0427455 0.0243343 0.00541486 0.473792 0.0220795 9.9982E-05 0.33313
9.9964E-05 0.313783 9.9964E-05 9.9964E-05 0.267181 9.9964E-05 0.0463671 0.0103136 0.283582 0.0783736
9.9964E-05 0.485929 0.152121 9.9964E-05 9.9964E-05 0.0361844 0.0446612 9.9964E-05 0.187072 0.0936323
9.9955E-05 0.540516 9.9955E-05 9.9955E-05 0.0481738 9.9955E-05 9.9955E-05 0.0287013 0.259306 0.122803
0.0737724 0.364525 0.0858042 9.9973E-05 0.101736 9.9973E-05 9.9973E-05 0.0133197 0.19547 0.165073
0.0840894 0.48107 0.0340117 9.9982E-05 0.037244 0.0528646 9.9982E-05 0.0437153 0.180809 0.0859956
9.9955E-05 9.9955E-05 9.9955E-05 0.00287435 0.387702 9.9955E-05 0.0328527 9.9955E-05 0.275256 0.300815
0.0830002 0.403729 0.0460597 0.0469731 9.9964E-05 0.306805 0.113034 9.9964E-05 9.9964E-05 9.9964E-05
0.0316033 0.343674 0.169074 0.111818 0.132447 0.052281 0.146515 9.9982E-05 9.9982E-05 0.0123875
0.00203783 0.193522 9.9973E-05 0.0730643 9.9973E-05 0.576058 0.103907 0.0230042 9.9973E-05 0.0281064
0.0107968 0.482825 0.114955 0.176896 0.0441584 0.0822647 0.0878042 9.9973E-05 9.9973E-05 9.9973E-05
9.9955E-05 9.9955E-05 0.203592 0.375642 0.187594 0.149216 0.0834555 9.9955E-05 9.9955E-05 9.9955E-05
0.0128062 0.445891 0.135137 0.0708868 0.00817647 0.0717789 0.0872734 0.0313538 0.0317034 0.104993
9.9973E-05 0.41091 0.0510125 0.189273 0.0125744 0.19021 0.110496 0.0352246 9.9973E-05 9.9973E-05
0.019813 0.295735 9.9982E-05 0.00450033 0.000485854 0.433627 0.163769 0.0131537 9.9982E-05 0.0687168
0.0249943 0.446651 0.0565886 9.9991E-05 0.0204289 0.181292 0.145037 0.0118658 0.0476611 0.0653818
0.0429929 0.0484258 0.172265 0.160212 0.121002 0.411048 0.043755 9.9973E-05 9.9973E-05 9.9973E-05
0.0121848 0.498808 0.15135 0.101673 0.0651781 9.9964E-05 0.170407 9.9964E-05 9.9964E-05 9.9964E-05
0.0116134 0.405896 0.0722679 0.0259508 9.9973E-05 0.250468 0.141238 9.9973E-05 0.0922657 9.9973E-05
0.0532451 0.343378 0.0758156 0.0501798 0.0930934 0.109474 0.05918 0.00278517 0.141365 0.0714838
0.0837592 0.327481 0.00830754 0.17712 0.025399 0.268204 0.109429 9.9973E-05 9.9973E-05 9.9973E-05
9.9982E-05 0.429603 0.0198055 0.153044 0.033334 0.190616 0.161138 0.00241144 0.00984787 9.9982E-05
0.131431 0.357084 0.0482772 0.147283 9.9982E-05 0.170427 0.00656371 9.9982E-05 0.115687 0.0230469
0.0192391 0.533814 0.201463 0.0539801 0.0203666 0.0995456 0.0712919 9.9973E-05 9.9973E-05 9.9973E-05
9.9982E-05 0.603396 0.0677877 0.0715974 0.0286098 0.0250373 0.0954114 0.0218054 0.0861553 9.9982E-05
0.0270805 0.650263 0.0411814 0.0498742 9.9973E-05 0.133467 0.00351241 9.9973E-05 9.9973E-05 0.0943214
9.9964E-05 0.491049 0.144677 9.9964E-05 0.111497 0.0981875 0.0920746 9.9964E-05 0.0621143 9.9964E-05
9.9937E-05 0.132182 9.9937E-05 9.9937E-05 9.9937E-05 9.9937E-05 9.9937E-05 9.9937E-05 0.0953575 0.771761
9.9955E-05 0.092449 9.9955E-05 0.0451127 9.9955E-05 9.9955E-05 9.9955E-05 0.00800629 0.0152877 0.838645
0.112766 0.0184945 9.9964E-05 9.9964E-05 0.00742822 9.9964E-05 0.0642716 9.9964E-05 0.0727987 0.723841
9.9964E-05 9.9964E-05 0.0547654 0.0406099 9.9964E-05 9.9964E-05 0.0691184 0.0450117 0.0382145 0.75188
0.020553 0.105368 9.9955E-05 0.0105169 9.9955E-05 9.9955E-05 9.9955E-05 0.0877914 9.9955E-05 0.775271
9.9964E-05 0.0734241 9.9964E-05 9.9964E-05 0.0999688 0.626425 0.157941 9.9964E-05 0.0330598 0.00878224
0.0270187 0.432909 9.9982E-05 0.134878 0.0927656 0.168183 0.0315484 0.031598 0.0808989 9.9982E-05
0.0699824 0.490611 0.0377098 0.103769 0.084697 9.9973E-05 9.9973E-05 9.9973E-05 0.0463285 0.166602
9.9955E-05 0.633286 9.9955E-05 0.0318824 9.9955E-05 0.238447 0.0438944 0.0519902 9.9955E-05 9.9955E-05
0.0563376 0.429003 0.160994 0.0726164 9.9982E-05 0.149279 0.0683032 0.012286 9.9982E-05 0.0509803
0.000161226 0.249177 9.9973E-05 0.107293 0.164643 0.276053 0.198526 9.9973E-05 0.00384698 9.9973E-05
9.9964E-05 9.9964E-05 0.0444722 9.9964E-05 0.147058 0.494065 0.244107 0.00804327 9.9964E-05 0.0618545
0.0762254 0.422907 0.109283 9.9973E-05 9.9973E-05 0.19127 0.161334 0.0261589 0.0125219 9.9973E-05
0.0431888 0.0122676 9.9973E-05 0.175971 9.9973E-05 0.403182 0.257652 9.9973E-05 0.0857049 0.0217343
0.036159 0.43236 0.143104 0.0362748 0.120565 0.154915 0.0616296 9.9982E-05 9.9982E-05 0.0147925
9.9982E-05 0.0197405 9.9982E-05 0.0588516 0.0347156 0.567971 0.183342 0.0242159 0.00379695 0.107166
9.9991E-05 0.524517 0.0175192 0.025358 0.0560397 0.107988 0.138515 0.0485345 0.0252775 0.0561514
0.00236148 0.104631 0.00394811 0.0493728 9.9982E-05 0.567795 0.156425 0.0326865 9.9982E-05 0.0825803
0.103379 0.226265 0.0878274 0.0614313 0.0228067 0.385225 9.9982E-05 9.9982E-05 0.0370266 0.0758396
0.25739 0.438841 9.9973E-05 0.0632804 0.0104566 0.116902 0.0741879 9.9973E-05 0.0386416 9.9973E-05
0.558112 0.18845 9.9973E-05 0.141473 0.0351731 0.0426076 0.00583692 9.9973E-05 0.0280469 9.9973E-05
0.3408 0.419912 0.0676661 9.9964E-05 9.9964E-05 0.079323 0.030114 9.9964E-05 0.0617845 9.9964E-05
0.0881032 0.526785 0.0749573 0.0339984 0.044695 0.0979532 9.9982E-05 9.9982E-05 0.0391847 0.0941232
0.510567 0.25192 9.9955E-05 0.112866 0.00320788 0.120939 9.9955E-05 9.9955E-05 9.9955E-05 9.9955E-05
0.123986 0.47237 9.9991E-05 0.0723601 0.0760618 0.118603 0.0436271 0.0390798 0.0299242 0.0238876
0.298521 0.432266 0.061514 0.175846 0.00564453 9.9973E-05 0.000256915 0.0256514 9.9973E-05 9.9973E-05
0.582709 9.9964E-05 0.0766483 0.165693 0.0255974 0.147345 9.9964E-05 0.00160786 9.9964E-05 9.9964E-05
0.520415 0.201788 0.0385414 0.119791 0.118965 9.9955E-05 9.9955E-05 9.9955E-05 9.9955E-05 9.9955E-05
0.476224 0.381423 0.0256687 0.0538653 9.9982E-05 0.0336819 0.0152997 0.0101946 9.9982E-05 0.00344224
0.598897 9.9955E-05 0.165746 0.139273 0.00167414 0.0939092 9.9955E-05 9.9955E-05 9.9955E-05 9.9955E-05
0.41725 0.394089 0.0172115 9.9955E-05 0.0156709 0.155279 9.9955E-05 9.9955E-05 9.9955E-05 9.9955E-05
9.9964E-05 9.9964E-05 0.145155 9.9964E-05 0.0686168 0.664532 0.0900774 0.0282547 0.00296439 9.9964E-05
9.9964E-05 0.211494 0.135842 0.229787 0.0406424 0.273266 0.108569 9.9964E-05 9.9964E-05 9.9964E-05
9.9973E-05 0.315495 0.0144877 0.0592449 9.9973E-05 0.40307 0.139162 0.0263478 0.0418916 9.9973E-05
9.9964E-05 0.580625 0.0526018 9.9964E-05 9.9964E-05 0.199414 0.059285 9.9964E-05 0.0811717 0.0265019
9.9955E-05 0.187692 0.152156 9.9955E-05 9.9955E-05 0.489358 0.161725 0.00856905 9.9955E-05 9.9955E-05
0.0488226 0.476085 0.0298864 0.107636 0.104669 0.0511381 0.082594 0.0272074 0.0718615 9.9991E-05
9.9973E-05 0.435824 0.10748 9.9973E-05 0.0845956 0.0882057 0.151358 0.059338 0.072899 9.9973E-05
0.0277169 0.470504 0.00765745 0.038045 0.0666963 0.327201 0.0466191 9.9982E-05 0.0153596 9.9982E-05
0.0156172 0.39538 0.0761319 9.9964E-05 9.9964E-05 0.303323 0.0745367 9.9964E-05 0.134611 9.9964E-05
9.9964E-05 0.414652 0.1619 9.9964E-05 9.9964E-05 0.180366 0.165857 0.0122975 9.9964E-05 0.064528
9.9964E-05 0.139816 0.197721 0.0395583 9.9964E-05 0.469277 0.110675 9.9964E-05 0.0425539 9.9964E-05
0.00500534 0.287995 0.0714164 0.028708 9.9973E-05 0.278335 0.23898 9.9973E-05 0.0892606 9.9973E-05
0.0118367 0.591434 0.0838824 0.0336379 9.9982E-05 0.224559 0.0173699 0.0175655 0.0195145 9.9982E-05
9.9964E-05 0.633082 0.00601677 9.9964E-05 0.0359019 0.174583 0.144874 9.9964E-05 0.00514264 9.9964E-05
9.9973E-05 0.35159 0.127177 0.0965934 0.108032 0.0855721 0.185267 0.0454694 9.9973E-05 9.9973E-05
9.9964E-05 0.477368 9.9964E-05 0.129289 0.0822016 0.152385 0.113984 9.9964E-05 0.0443727 9.9964E-05
0.0458578 0.304241 9.9973E-05 9.9973E-05 0.114238 0.298246 0.202957 0.0336807 0.000480416 9.9973E-05
9.9973E-05 0.675852 0.0444538 0.0864909 9.9973E-05 0.0577519 0.129578 0.000278093 9.9973E-05 0.00529533
0.0606115 0.428767 9.9973E-05 0.0237599 9.9973E-05 0.230166 0.175836 9.9973E-05 0.0707014 0.00985914
0.150348 0.457187 0.0154611 0.0506547 9.9991E-05 0.0809306 0.0792842 0.00122803 0.072735 0.0920711
0.079856 0.378708 0.0175814 9.9982E-05 0.06532 0.0207687 9.9982E-05 0.0224901 0.0799733 0.335103
0.0237398 0.421369 0.141934 0.022729 0.0647934 9.9982E-05 9.9982E-05 0.00346809 0.186798 0.134969
0.0232051 0.396795 0.17088 9.9982E-05 0.044705 0.0704788 9.9982E-05 0.0136234 0.187426 0.092687
0.014641 0.490012 0.0360212 0.0905651 0.0157828 0.0955373 0.0343891 0.0534982 0.101869 0.0676842
9.9973E-05 0.373395 0.0267722 0.0646888 0.065948 0.0459567 9.9973E-05 9.9973E-05 0.230835 0.192104
0.162349 0.322213 0.0625564 0.128905 9.9964E-05 0.280483 9.9964E-05 9.9964E-05 0.0430938 9.9964E-05
9.9973E-05 0.598307 0.0662337 0.0397597 0.0594512 9.9973E-05 9.9973E-05 0.0250813 0.0666755 0.144192
0.133469 0.0132263 0.134286 9.9973E-05 0.40005 0.123464 9.9973E-05 9.9973E-05 0.0605383 0.134666
0.0569923 0.419746 9.9973E-05 9.9973E-05 0.118166 0.0355725 0.133739 0.0520062 0.183478 9.9973E-05
9.9991E-05 0.527489 0.0127512 0.0478625 0.0191509 0.110822 0.0357205 0.0210808 0.138686 0.0863362
0.0371365 0.299017 0.102592 9.9982E-05 0.0586488 0.138718 9.9982E-05 0.0236277 0.290327 0.0497326
9.9991E-05 0.337967 0.079987 0.0151015 0.246107 0.0822688 0.0580957 0.0643496 0.0505223 0.0655009
9.9964E-05 0.579875 0.0705599 9.9964E-05 0.155099 0.0253283 9.9964E-05 9.9964E-05 0.0646712 0.104067
0.0362458 0.613701 9.9973E-05 0.033243 0.154074 9.9973E-05 9.9973E-05 0.0682323 0.0565506 0.0376535
9.9964E-05 9.9964E-05 0.0592652 0.0097151 0.502678 9.9964E-05 9.9964E-05 0.0341499 0.131587 0.262204
0.00874443 0.480263 0.02816 9.9973E-05 0.170436 0.0491006 9.9973E-05 0.0862348 0.176761 9.9973E-05
0.0224798 0.423222 0.133264 0.0231782 0.0801792 9.9982E-05 9.9982E-05 0.039072 0.1754 0.103004
0.102611 0.615383 0.0218424 0.0373876 0.0249584 0.0892134 9.9991E-05 0.00445175 0.0286663 0.0753861
9.9973E-05 0.539518 9.9973E-05 9.9973E-05 0.150966 0.0638665 0.00658035 0.0107824 0.112301 0.115687
0.128462 0.470712 9.9973E-05 0.0568094 9.9973E-05 9.9973E-05 0.0962128 0.0354494 0.108884 0.10317
0.0139185 0.438522 9.9955E-05 0.42445 9.9955E-05 9.9955E-05 9.9955E-05 9.9955E-05 0.044156 0.0784541
0.0423242 0.493065 0.0195689 0.224427 0.0126695 0.0471896 0.0443653 9.9991E-05 0.0357924 0.0804982
9.9946E-05 9.9946E-05 0.0592641 0.735815 9.9946E-05 0.201919 9.9946E-05 9.9946E-05 0.00240241 9.9946E-05
0.0219749 9.99459E-05 0.0138376 0.93057 9.99459E-05 9.99459E-05 0.0330177 9.99459E-05 9.99459E-05 9.99459E-05
9.9955E-05 0.429871 9.9955E-05 0.366445 0.0210234 0.112164 9.9955E-05 9.9955E-05 0.0699971 9.9955E-05
9.9964E-05 0.364592 0.0396643 0.0829826 0.152465 9.9964E-05 9.9964E-05 9.9964E-05 0.255784 0.104112
9.9964E-05 0.366755 9.9964E-05 0.161372 0.153906 9.9964E-05 9.9964E-05 0.0401037 0.23785 0.0396134
9.9991E-05 0.133202 0.00708487 0.202902 0.179405 0.0609054 0.0287484 0.0145212 0.294198 0.0789341
9.9964E-05 0.391525 9.9964E-05 0.0929659 0.237429 9.9964E-05 9.9964E-05 0.0409339 0.166291 0.0704551
9.9946E-05 0.0737953 9.9946E-05 0.660651 0.239643 9.9946E-05 9.9946E-05 9.9946E-05 0.0253106 9.9946E-05
9.9955E-05 0.176115 9.9955E-05 0.540285 0.214009 9.9955E-05 9.9955E-05 0.0653159 0.00377525 9.9955E-05
9.9955E-05 0.406444 0.0316192 0.376359 9.9955E-05 9.9955E-05 9.9955E-05 0.0438622 0.141215 9.9955E-05
9.9946E-05 0.37981 9.9946E-05 0.454833 9.9946E-05 9.9946E-05 9.9946E-05 9.9946E-05 0.111304 0.0534538
9.9964E-05 0.210673 9.9964E-05 0.622057 0.0363197 9.9964E-05 9.9964E-05 0.0625602 0.05381 0.0141801
0.0127312 0.499504 0.0825185 0.205616 0.0546891 0.00156865 0.05444 9.9991E-05 0.0662128 0.0226199
9.9964E-05 0.500888 9.9964E-05 0.328676 0.0427435 9.9964E-05 0.014099 9.9964E-05 0.0710355 0.0421573
0.0862954 0.328337 0.160625 0.106699 0.0328287 0.0334156 9.9982E-05 9.9982E-05 0.14963 0.10197
9.9955E-05 0.266629 0.0701736 0.617348 9.9955E-05 0.0364585 9.9955E-05 9.9955E-05 9.9955E-05 0.0088903
9.9964E-05 0.265321 0.0252951 0.517325 9.9964E-05 0.153708 9.9964E-05 0.00053467 0.0374156 9.9964E-05
0.0464201 0.534948 9.9964E-05 0.286238 9.9964E-05 9.9964E-05 0.0483423 0.0131249 9.9964E-05 0.070527
0.0406512 0.435304 0.0426915 0.33451 0.0258739 9.9982E-05 0.0583354 0.0592009 0.00323327 9.9982E-05
0.0399484 0.407308 0.102293 0.158695 0.0753983 0.0431542 0.0434994 9.9991E-05 0.0811197 0.0484841
0.0498522 0.450291 9.9964E-05 0.427961 0.037603 0.00924938 9.9964E-05 0.0246435 9.9964E-05 9.9964E-05
0.0611649 0.220276 9.9946E-05 0.649756 9.9946E-05 9.9946E-05 0.0682035 9.9946E-05 9.9946E-05 9.9946E-05
9.9955E-05 0.569515 0.0443525 0.338807 0.039901 9.9955E-05 9.9955E-05 9.9955E-05 9.9955E-05 0.00692464
9.9955E-05 0.167524 0.0659917 0.690087 9.9955E-05 0.0604541 9.9955E-05 9.9955E-05 0.0154426 9.9955E-05
0.0236333 0.28011 9.9955E-05 0.594089 9.9955E-05 9.9955E-05 0.0394202 9.9955E-05 0.062248 9.9955E-05
9.9982E-05 0.518288 0.0636355 0.289867 0.00130898 9.9982E-05 0.0187203 0.00830311 0.0126295 0.0870478
0.126442 0.312724 0.0604677 0.348377 9.9982E-05 0.0604863 0.00120125 9.9982E-05 0.0216268 0.0684752
0.0853068 0.409612 0.0181494 0.0432358 0.0853444 0.0428421 0.00198844 0.0390231 0.12844 0.146058
0.0597351 0.383465 0.00142241 0.139505 0.057772 0.0763816 0.00818064 9.9991E-05 0.141408 0.13203
0.132832 0.380338 9.9973E-05 0.0106575 0.156737 9.9973E-05 0.0819285 9.9973E-05 0.182129 0.0550783
0.0646154 0.3759 0.00576586 0.0590421 0.0180476 0.0367822 0.081401 0.0334906 0.160748 0.164207
0.0621435 0.378056 0.0768059 0.0749603 9.9982E-05 0.0893227 0.0474326 9.9982E-05 0.182047 0.0890325
0.0618682 0.384614 9.9982E-05 0.166355 0.108018 9.9982E-05 0.0892562 0.0641096 0.0721466 0.0534323
9.9964E-05 9.9964E-05 9.9964E-05 0.615477 0.110782 9.9964E-05 0.0161768 0.0178189 0.089602 0.149743
0.0355418 0.553651 9.9982E-05 0.0786082 0.00415586 9.9982E-05 0.0606391 0.00505361 0.15892 0.10323
9.9946E-05 9.9946E-05 9.9946E-05 0.420439 0.210321 9.9946E-05 9.9946E-05 9.9946E-05 0.0704478 0.298193
9.9955E-05 0.477383 9.9955E-05 0.262932 0.0450417 9.9955E-05 9.9955E-05 9.9955E-05 0.196706 0.0174378
0.0242208 0.0896098 0.121565 0.764005 9.9946E-05 9.9946E-05 9.9946E-05 9.9946E-05 9.9946E-05 9.9946E-05
9.9937E-05 9.9937E-05 0.0205627 0.962551 9.9937E-05 9.9937E-05 9.9937E-05 0.0161864 9.9937E-05 9.9937E-05
