0.881831 9.9955E-05 0.0467947 9.9955E-05 0.0232226 9.9955E-05 9.9955E-05 9.9955E-05 0.047652
0.920207 9.9955E-05 9.9955E-05 9.9955E-05 0.0264861 9.9955E-05 0.00765202 0.0451551 9.9955E-05
0.756206 9.9964E-05 9.9964E-05 9.9964E-05 0.00815717 0.117322 9.9964E-05 0.0497612 0.0681544
0.749986 0.0137405 9.9964E-05 0.0548302 0.068342 9.9964E-05 9.9964E-05 9.9964E-05 0.112702
0.792641 0.0760158 0.0259029 9.9973E-05 0.0242206 0.0315506 9.9973E-05 9.9973E-05 0.0493694
0.574933 9.9946E-05 9.9946E-05 9.9946E-05 9.9946E-05 9.9946E-05 0.342834 9.9946E-05 0.0816333
0.793676 9.9955E-05 9.9955E-05 9.9955E-05 9.9955E-05 9.9955E-05 0.184344 0.00444803 0.0170317
0.696388 9.9955E-05 9.9955E-05 9.9955E-05 0.0375787 9.9955E-05 0.248718 9.9955E-05 0.0168156
0.770914 9.99639E-05 0.108538 0.0324905 0.0404694 9.99639E-05 9.99639E-05 0.0471882 9.99639E-05
0.647417 0.0123941 9.9973E-05 9.9973E-05 0.0342494 0.0323376 0.214211 9.9973E-05 0.0590903
0.723675 9.9946E-05 9.9946E-05 9.9946E-05 0.0197263 9.9946E-05 0.255999 9.9946E-05 9.9946E-05
9.9964E-05 9.9964E-05 9.9964E-05 0.673084 9.9964E-05 0.113341 0.0419941 0.0882803 0.0829008
9.9964E-05 9.9964E-05 0.115243 0.420431 0.00309935 0.459847 0.00097962 9.9964E-05 9.9964E-05
0.0268202 0.0519954 0.0848235 0.641514 9.9973E-05 0.137102 9.9973E-05 9.9973E-05 0.0574447
9.9955E-05 9.9955E-05 0.17005 0.567528 9.9955E-05 0.168723 9.9955E-05 9.9955E-05 0.0931998
0.0867958 9.9973E-05 0.0703004 0.315152 9.9973E-05 0.288203 0.155068 9.9973E-05 0.0841809
9.9973E-05 9.9973E-05 0.0858328 0.274987 9.9973E-05 0.499273 0.0406078 0.0286775 0.0703222
9.9973E-05 9.9973E-05 0.0323479 0.287316 9.9973E-05 0.297406 0.136296 0.121017 0.125317
0.0838695 9.9973E-05 0.0489622 0.559946 9.9973E-05 0.236652 9.9973E-05 0.000796535 0.0694739
0.0447826 9.9955E-05 9.9955E-05 0.792083 9.9955E-05 9.9955E-05 0.139313 9.9955E-05 0.0233209
9.9991E-05 0.00261811 0.0315017 0.292865 0.0499761 0.321244 0.0161223 0.191814 0.0937588
9.9982E-05 0.0722547 0.0475097 0.284863 9.9982E-05 0.379549 0.168577 0.0161689 0.0308779
0.0249133 0.063782 9.9982E-05 0.219226 9.9982E-05 0.472689 0.0458928 0.126151 0.0471466
0.00401979 9.9973E-05 9.9973E-05 0.550318 9.9973E-05 0.0803232 0.133683 0.0733326 0.158023
0.0297692 0.00138346 0.133615 0.143173 0.0596876 0.503619 0.0479851 0.0210036 0.0597645
9.9973E-05 9.9973E-05 0.0955391 0.405504 9.9973E-05 0.437362 0.0272392 0.0193375 0.0147184
0.0282978 9.9973E-05 9.9973E-05 0.696358 9.9973E-05 0.0313147 0.0052683 0.0795581 0.158903
9.9955E-05 9.9955E-05 0.0505838 0.724676 9.9955E-05 9.9955E-05 9.9955E-05 0.00599799 0.218242
9.9982E-05 0.0146457 0.0527125 0.587271 9.9982E-05 0.113618 0.154712 0.0652866 0.0115543
0.846044 9.9946E-05 9.9946E-05 9.9946E-05 9.9946E-05 0.107412 9.9946E-05 9.9946E-05 0.045944
0.84754 9.9946E-05 9.9946E-05 0.00151716 9.9946E-05 0.150343 9.9946E-05 9.9946E-05 9.9946E-05
0.7684 9.9955E-05 9.9955E-05 0.053027 9.9955E-05 0.150917 9.9955E-05 9.9955E-05 0.0271564
0.702992 9.9964E-05 0.0269235 9.9964E-05 9.9964E-05 0.0713695 9.9964E-05 0.104522 0.0937929
9.9982E-05 0.0102716 9.9982E-05 0.0676235 0.0749429 0.4488 0.102265 0.282004 0.0138923
0.054211 0.00863319 0.0217502 0.139902 0.0584491 0.479693 9.9991E-05 0.201319 0.0359437
0.0391017 9.9964E-05 9.9964E-05 9.9964E-05 9.9964E-05 0.538857 0.0188118 0.386283 0.0165468
0.0734104 0.00670934 0.0160833 0.655223 0.0393765 0.113726 0.0874406 0.00793038 9.9991E-05
0.0189505 0.0260341 0.0335618 9.9973E-05 9.9973E-05 0.271913 9.9973E-05 0.612676 0.0365648
0.0955853 0.0765082 9.9973E-05 0.119454 9.9973E-05 0.457579 0.00280118 0.247772 9.9973E-05
0.00295009 0.047471 0.00825522 9.9991E-05 0.0080482 0.640976 0.101238 0.171081 0.0198807
0.109005 0.0487736 9.9964E-05 9.9964E-05 9.9964E-05 0.522208 0.276372 0.043242 9.9964E-05
0.118517 0.00714648 9.9973E-05 9.9973E-05 0.103725 0.602069 0.116734 0.0515087 9.9973E-05
0.0419751 9.9964E-05 0.0460847 0.152966 9.9964E-05 0.0729795 9.9964E-05 0.685595 9.9964E-05
9.9973E-05 0.0223167 9.9973E-05 0.0409323 9.9973E-05 0.53719 0.273118 0.0896643 0.0364789
0.0523282 0.0999473 0.0251664 0.00416803 9.9991E-05 0.476484 0.0121681 0.222353 0.107286
0.0905712 9.9982E-05 0.0144934 0.146407 9.9982E-05 0.453736 0.064157 0.149457 0.0809788
9.9964E-05 0.0585212 0.0109401 0.00506309 9.9964E-05 0.266498 9.9964E-05 0.658578 9.9964E-05
0.0139829 0.0267458 0.0703248 0.0314183 0.00101958 0.595256 9.9991E-05 0.255881 0.00527087
0.102575 0.0309661 0.0550624 0.143427 9.9982E-05 0.527359 0.0395533 0.100857 9.9982E-05
0.0267335 0.0153255 0.157187 0.0211078 9.9973E-05 9.9973E-05 0.0859326 0.693414 9.9973E-05
9.9982E-05 0.0988432 0.0419712 0.481634 0.0369299 0.101956 0.0923038 0.146161 9.9982E-05
9.9982E-05 0.101859 0.149322 0.27149 0.0357388 0.0696208 0.241581 0.130189 9.9982E-05
0.0212438 0.0405446 0.0829998 0.148983 0.0344463 0.494283 9.9991E-05 0.0836865 0.0937129
0.0728115 0.102351 0.0560345 0.0872427 0.0187841 0.585571 0.0656416 0.0114636 9.9991E-05
0.0592506 9.9982E-05 0.0616634 0.0294452 0.0736262 0.584077 9.9982E-05 0.15605 0.0356871
0.121285 0.0875642 9.9991E-05 0.283783 0.091045 0.070208 0.0901549 0.247267 0.00859308
9.9982E-05 0.0110653 0.0489176 0.241752 0.0486602 0.560353 0.00639614 0.0826558 9.9982E-05
9.9973E-05 0.0223065 0.0897668 0.156244 9.9973E-05 0.530302 0.154515 9.9973E-05 0.0465655
0.126429 0.0423878 0.00655714 0.209003 9.9991E-05 0.251207 0.0794027 0.2592 0.0257141
0.169756 9.9991E-05 0.111076 0.333314 0.0658168 0.0366882 0.125503 0.10893 0.0488158
9.9991E-05 0.0525334 0.0508415 0.160777 0.00287162 0.555765 0.0193442 0.144175 0.0135928
9.9982E-05 0.0581609 0.121093 0.320837 0.0533631 0.291291 9.9982E-05 0.12529 0.0297653
0.0354645 0.00974997 0.0554043 0.541577 0.106296 9.9982E-05 0.12958 0.121728 9.9982E-05
9.9973E-05 9.9973E-05 0.0870225 0.287271 0.0270091 0.454024 0.0124372 0.131936 9.9973E-05
9.9973E-05 0.0849163 0.164566 9.9973E-05 0.0247972 0.61475 9.9973E-05 0.0955131 0.0151577
0.0273091 9.9982E-05 0.060578 0.27192 9.9982E-05 0.485989 0.0346545 0.110156 0.00919414
0.0241865 0.0659299 0.116752 0.347314 0.0159154 0.223001 0.0402194 0.144861 0.0218213
9.9982E-05 9.9982E-05 0.00617673 0.271242 0.0254705 0.451114 0.119819 0.109841 0.0161368
0.0772012 9.9973E-05 0.0724969 0.0605877 0.0604085 0.55667 9.9973E-05 0.172336 9.9973E-05
0.00961287 0.0919874 0.0357044 0.526871 9.9982E-05 0.144456 0.105633 0.0855356 9.9982E-05
9.9964E-05 0.013469 9.9964E-05 9.9964E-05 0.0574704 0.554083 0.0114979 0.36308 9.9964E-05
0.00720316 9.9973E-05 9.9973E-05 0.128646 9.9973E-05 0.148619 0.00413023 0.692609 0.0184922
0.109014 0.0386328 9.9982E-05 0.0522592 0.0487863 0.466159 9.9982E-05 0.237715 0.0472339
9.9955E-05 9.9955E-05 0.0345595 9.9955E-05 0.0410184 9.9955E-05 0.051735 0.872187 9.9955E-05
9.9964E-05 0.0442934 0.00529286 0.018242 9.9964E-05 9.9964E-05 0.139613 0.792159 9.9964E-05
9.9937E-05 9.9937E-05 9.9937E-05 9.9937E-05 9.9937E-05 0.220485 9.9937E-05 0.778816 9.9937E-05
0.00344575 9.9973E-05 0.00582262 0.03006 0.0199882 0.414883 9.9973E-05 0.525501 9.9973E-05
0.0838584 0.0172055 0.0428542 9.9982E-05 0.0469365 0.51767 9.9982E-05 0.235886 0.0553893
9.9964E-05 9.9964E-05 0.0302279 0.0636986 9.9964E-05 0.357774 9.9964E-05 0.498996 0.0489035
0.00593254 9.9973E-05 9.9973E-05 0.215168 0.0292356 0.0837552 9.9973E-05 0.605573 0.0600362
0.0651213 9.9964E-05 9.9964E-05 0.182523 0.0826225 0.223318 9.9964E-05 0.446016 9.9964E-05
0.136932 0.00608261 9.9982E-05 0.0130396 0.00519156 0.460806 9.9982E-05 0.288966 0.0887825
9.9964E-05 9.9964E-05 9.9964E-05 0.0831113 9.9964E-05 0.158315 0.0945853 0.600792 0.062796
0.0616175 9.9973E-05 9.9973E-05 0.0506188 9.9973E-05 0.360418 0.0917592 0.399928 0.0353589
9.9964E-05 0.00221989 0.0131798 9.9964E-05 9.9964E-05 0.35095 0.104594 0.528656 9.9964E-05
9.9964E-05 0.137872 0.0524568 9.9964E-05 0.0283207 9.9964E-05 0.102862 0.678088 9.9964E-05
9.9973E-05 9.9973E-05 0.0172731 9.9973E-05 0.0523858 0.564144 0.0334138 0.293644 0.0388398
0.807803 9.9955E-05 9.9955E-05 0.0320354 0.0349781 0.124684 9.9955E-05 9.9955E-05 9.9955E-05
0.860787 9.99474E-05 9.99474E-05 0.0213877 9.99474E-05 0.117226 9.99474E-05 9.99474E-05 9.99474E-05
0.815213 9.9946E-05 0.0454072 9.9946E-05 9.9946E-05 0.13878 9.9946E-05 9.9946E-05 9.9946E-05
0.771301 9.9946E-05 0.182202 9.9946E-05 9.9946E-05 0.0458968 9.9946E-05 9.9946E-05 9.9946E-05
0.821774 9.9973E-05 0.05897 9.9973E-05 9.9973E-05 0.0660047 0.00502843 0.0308838 0.0170387
0.801467 9.9955E-05 0.121076 9.9955E-05 0.036965 0.0399923 9.9955E-05 9.9955E-05 9.9955E-05
0.874654 9.99461E-05 0.028803 9.99461E-05 9.99461E-05 0.0959432 9.99461E-05 9.99461E-05 9.99461E-05
0.0803899 9.9964E-05 9.9964E-05 0.00716978 0.0965425 0.572931 9.9964E-05 0.242567 9.9964E-05
0.011161 0.0371799 0.0723947 0.124043 9.9973E-05 0.614904 9.9973E-05 0.140017 9.9973E-05
0.049084 0.0460278 9.9955E-05 0.147985 9.9955E-05 9.9955E-05 9.9955E-05 0.756403 9.9955E-05
9.9991E-05 0.0680659 0.0319918 0.0748147 0.0290398 0.467327 0.0391934 0.143735 0.145732
0.049019 9.9964E-05 9.9964E-05 0.111579 9.9964E-05 0.383836 0.0354246 0.419741 9.9964E-05
0.0802115 0.0746675 9.9982E-05 0.0118238 9.9982E-05 0.575299 0.05424 0.196215 0.00734381
0.0403403 0.0252825 0.0343486 0.0865756 0.00366911 0.425263 0.0694622 0.235677 0.0793809
0.0302201 0.116412 9.9973E-05 9.9973E-05 9.9973E-05 0.416042 0.00398385 0.36368 0.0693612
0.068354 9.9955E-05 9.9955E-05 0.189567 0.042476 9.9955E-05 9.9955E-05 0.699104 9.9955E-05
0.0918325 0.140952 0.0180359 0.103761 0.0747883 0.436296 0.000993205 0.0809056 0.052436
0.113424 9.9964E-05 9.9964E-05 9.9964E-05 0.0264784 0.670893 0.0342309 0.154574 9.9964E-05
0.0564713 0.0190888 9.9991E-05 0.0792712 0.118192 0.413587 0.0120562 0.205482 0.0957516
0.00071953 0.0446553 0.0804782 9.9982E-05 9.9982E-05 0.255282 0.108313 0.499349 0.0110031
9.9964E-05 0.0837217 9.9964E-05 9.9964E-05 0.0438727 0.467646 9.9964E-05 0.392242 0.0121173
0.0175707 0.0147226 9.9964E-05 0.054508 9.9964E-05 0.412557 9.9964E-05 0.500241 9.9964E-05
9.9973E-05 0.00443683 0.00696526 9.9973E-05 9.9973E-05 0.260913 0.00301772 0.645798 0.0785686
0.0760003 9.9973E-05 9.9973E-05 0.0690189 0.00650948 0.406746 0.0435182 0.397907 9.9973E-05
0.148603 0.0107606 9.9973E-05 9.9973E-05 0.0222224 0.512029 0.121548 0.184537 9.9973E-05
0.0134817 0.184989 0.0861908 0.438078 0.0235771 0.175027 9.9982E-05 0.0784559 9.9982E-05
0.129177 9.9991E-05 0.0131127 0.364686 0.0574774 0.299954 0.0637398 0.00506418 0.0666885
0.0899569 0.0151862 9.9991E-05 0.193952 0.0579764 0.452022 0.0572037 0.073167 0.0604358
0.0813566 0.068769 0.0319877 0.100052 0.0650674 0.560806 0.0763805 0.0154813 9.9991E-05
0.0143507 0.0314083 0.0259084 0.444224 9.9964E-05 0.483709 9.9964E-05 9.9964E-05 9.9964E-05
9.9982E-05 9.9982E-05 0.00385047 0.257623 0.0184265 0.526808 0.116105 0.0650267 0.0119608
0.0161707 0.0439289 9.9973E-05 0.373339 0.105207 0.436641 9.9973E-05 0.0244134 9.9973E-05
0.0762756 0.130889 0.0376061 0.118533 0.0613369 0.496815 9.9982E-05 0.078344 9.9982E-05
0.0003437 0.0353887 0.094675 0.0477389 0.107781 0.573816 0.0435603 0.0965961 9.9991E-05
0.0381178 0.102466 9.9973E-05 0.229206 9.9973E-05 0.486016 0.106381 0.0375134 9.9973E-05
0.000569274 0.0810799 9.9982E-05 0.392942 0.0524087 0.44989 0.00216478 0.0207446 9.9982E-05
0.0281053 9.9991E-05 0.0814218 0.0181159 0.0711519 0.610593 0.108251 0.0547297 0.0275314
0.0840949 0.0927962 0.00804355 0.102103 0.0389725 0.516874 0.142895 9.9991E-05 0.014121
9.9964E-05 0.107731 9.9964E-05 0.295317 9.9964E-05 0.471534 9.9964E-05 0.0566976 0.0683198
0.0709118 0.0595881 0.0114199 0.0948581 0.0858469 0.410588 0.157 9.9991E-05 0.109687
0.00207834 0.20637 9.9991E-05 0.167017 0.0843639 0.370868 0.0293983 0.0230133 0.116791
0.0367778 0.0633388 0.133227 0.323775 0.102553 0.323495 0.0166335 9.9982E-05 9.9982E-05
9.9982E-05 9.9982E-05 0.0515578 0.151671 0.0256519 0.616089 0.0758367 0.0785626 0.000431429
9.9982E-05 0.0769656 0.00763709 0.187543 0.0901326 0.528467 0.0141392 9.9982E-05 0.0949148
0.0232564 0.16314 9.9991E-05 0.438755 0.031965 0.225645 0.0252147 0.0427628 0.0491603
9.9982E-05 0.178277 0.250626 0.273494 0.0631836 0.148668 0.0304603 0.0550912 9.9982E-05
0.0309359 9.9982E-05 0.0287931 0.16776 0.0505678 0.520511 0.112718 0.0885149 9.9982E-05
9.9991E-05 0.291201 0.0463985 0.237968 0.132641 0.0148324 0.0942169 0.133946 0.0486958
0.0506469 0.0882709 9.9973E-05 0.497989 9.9973E-05 0.204784 0.0667687 0.0912413 9.9973E-05
0.00116421 0.00711567 9.9973E-05 0.439654 0.0321515 0.354382 9.9973E-05 0.165232 9.9973E-05
0.0363948 0.0168002 9.9973E-05 0.440609 0.067897 0.268084 9.9973E-05 0.169915 9.9973E-05
0.0356198 0.0275803 9.9982E-05 0.629601 9.9982E-05 0.215052 0.0560202 0.0313728 0.00455394
0.00307063 0.0493561 9.9982E-05 0.222046 9.9982E-05 0.556024 0.0816236 0.0410975 0.0465823
0.0765888 0.00130917 0.0978839 0.105219 0.0414636 0.566386 0.10635 0.0046997 9.9991E-05
0.0403852 0.119761 9.9955E-05 0.308977 9.9955E-05 0.530378 9.9955E-05 9.9955E-05 9.9955E-05
9.9991E-05 0.0540419 0.108621 0.36747 0.0424238 0.0930072 0.224628 0.0708982 0.0388092
0.105868 9.9973E-05 9.9973E-05 0.0929283 9.9973E-05 0.481074 0.131508 0.150039 0.0382835
9.9982E-05 0.00339516 0.136474 9.9982E-05 0.049448 0.411462 0.189192 0.146558 0.06327
0.0673854 0.199393 0.163537 0.143971 0.0170193 9.9982E-05 0.353682 0.0548126 9.9982E-05
0.101951 0.134991 0.034518 9.9982E-05 0.00331891 0.615344 0.0420126 0.0676644 9.9982E-05
0.0328212 0.0299411 0.18638 0.0129003 0.0854152 0.319899 0.161917 0.170627 9.9991E-05
9.9982E-05 0.0198803 0.246658 0.0293837 0.0399975 0.549065 9.9982E-05 0.112433 0.00238247
0.0526232 9.9991E-05 0.225103 0.062453 0.037771 0.148445 0.256721 0.196793 0.0199914
0.0370108 0.168469 0.0616027 0.0700313 0.0659727 0.163644 0.43307 9.9982E-05 9.9982E-05
9.9982E-05 0.142298 0.0802116 0.071399 0.138369 0.368432 0.124455 0.0746351 9.9982E-05
9.9973E-05 9.9973E-05 0.0908866 0.184981 0.0560502 0.50782 0.127667 0.0322947 9.9973E-05
0.0477718 0.0823127 0.163212 0.0691161 0.0554795 0.399185 0.145693 9.9991E-05 0.03713
0.0378215 0.0489181 0.142403 0.15681 9.9982E-05 9.9982E-05 0.257721 0.247673 0.108454
0.154082 0.067099 9.9973E-05 0.144898 9.9973E-05 0.502103 0.117091 9.9973E-05 0.0144263
9.9982E-05 0.0379369 0.01031 0.229474 0.000666984 0.268862 0.30913 0.143421 9.9982E-05
9.9973E-05 0.0712962 0.0324915 0.183258 9.9973E-05 0.433561 0.215124 0.0639686 9.9973E-05
0.0497559 0.028865 0.119959 0.055873 0.0205788 0.65371 0.0710578 9.9982E-05 9.9982E-05
0.283051 9.9973E-05 0.107995 9.9973E-05 9.9973E-05 0.123549 0.224218 0.0398301 0.221057
0.414632 9.9955E-05 0.35643 9.9955E-05 9.9955E-05 9.9955E-05 0.147689 9.9955E-05 0.0807491
0.290221 0.0163853 0.487862 9.9964E-05 9.9964E-05 9.9964E-05 0.139566 9.9964E-05 0.0655653
0.261837 9.9982E-05 0.281655 0.000439725 0.0236823 0.0747277 0.104759 9.9982E-05 0.2527
9.9955E-05 0.0522989 9.9955E-05 9.9955E-05 9.9955E-05 0.520797 0.410396 0.0160082 9.9955E-05
0.0350093 9.9982E-05 0.0141625 0.107801 0.027769 0.549437 0.125294 0.140327 9.9982E-05
9.9946E-05 9.9946E-05 9.9946E-05 0.0635602 9.9946E-05 0.215473 9.9946E-05 9.9946E-05 0.720367
0.0200692 0.0350644 0.00116187 0.134861 9.9982E-05 0.345593 9.9982E-05 0.0711151 0.391935
0.0644345 0.0521091 0.0547254 0.0156958 9.9982E-05 0.440665 0.0510624 9.9982E-05 0.321108
9.9964E-05 0.175684 9.9964E-05 9.9964E-05 9.9964E-05 0.233511 0.515714 0.0711892 0.00350231
0.0871279 0.0759375 9.9991E-05 0.0800328 0.00534474 0.511438 0.175316 0.0496302 0.0150735
9.9973E-05 0.256094 0.0546054 9.9973E-05 0.0016956 0.111277 0.567613 0.00841557 9.9973E-05
9.9964E-05 9.9964E-05 0.0271444 9.9964E-05 0.0587873 0.565881 0.295667 0.05212 9.9964E-05
0.00999085 0.177288 0.0742954 0.0223305 9.9991E-05 0.395175 0.266233 0.0515821 0.00300494
9.9973E-05 0.0203012 0.0921338 9.9973E-05 0.0368694 0.591653 0.229 0.0297422 9.9973E-05
9.9982E-05 0.10225 0.0979431 0.0418094 0.0349217 0.100136 0.487936 0.134804 9.9982E-05
9.9964E-05 9.9964E-05 0.0405057 0.0696731 9.9964E-05 0.542567 0.239236 9.9964E-05 0.107618
9.9982E-05 0.108549 0.0279326 9.9982E-05 0.0253234 0.559026 0.237882 0.00261976 0.0384666
9.9937E-05 0.0309196 9.9937E-05 9.9937E-05 9.9937E-05 9.9937E-05 9.9937E-05 9.9937E-05 0.968381
9.9964E-05 9.9964E-05 9.9964E-05 0.0038238 9.9964E-05 0.012262 0.0454985 0.00922793 0.928788
0.0250102 9.9964E-05 9.9964E-05 0.103225 9.9964E-05 0.320489 0.0299967 9.9964E-05 0.520879
9.9946E-05 9.9946E-05 9.9946E-05 9.9946E-05 0.0414051 0.310841 9.9946E-05 9.9946E-05 0.647155
9.9955E-05 9.9955E-05 9.9955E-05 9.9955E-05 9.9955E-05 0.0441995 0.048844 0.0510901 0.855367
9.993E-05 9.993E-05 9.993E-05 9.993E-05 9.993E-05 9.993E-05 9.993E-05 9.993E-05 0.999201
9.9955E-05 0.0113678 0.000881208 9.9955E-05 0.0397449 9.9955E-05 9.9955E-05 9.9955E-05 0.947506
9.9955E-05 0.0247593 9.9955E-05 9.9955E-05 9.9955E-05 0.16545 9.9955E-05 0.0216627 0.787629
9.9946E-05 9.9946E-05 9.9946E-05 0.0110513 0.000654049 9.9946E-05 9.9946E-05 9.9946E-05 0.987695
9.993E-05 9.993E-05 9.993E-05 9.993E-05 9.993E-05 9.993E-05 9.993E-05 9.993E-05 0.999201
0.0235333 9.9937E-05 9.9937E-05 9.9937E-05 9.9937E-05 9.9937E-05 9.9937E-05 9.9937E-05 0.975767
0.0459853 0.014058 9.9964E-05 0.0176634 9.9964E-05 0.14141 9.9964E-05 9.9964E-05 0.780484
0.0292357 0.00534171 0.0299732 9.9982E-05 0.0454494 0.0284739 9.9982E-05 0.0349756 0.826351
9.9946E-05 9.9946E-05 9.9946E-05 9.9946E-05 0.0105888 9.9946E-05 9.9946E-05 0.0244397 0.964372
9.9964E-05 0.00558424 9.9964E-05 0.127593 9.9964E-05 0.298965 0.099093 9.9964E-05 0.468365
0.0568188 9.9973E-05 9.9973E-05 0.0131767 0.024834 0.205969 9.9973E-05 0.060533 0.638368
0.0557799 9.9955E-05 9.9955E-05 9.9955E-05 9.9955E-05 0.174189 0.0299225 9.9955E-05 0.739609
0.0326667 9.9964E-05 9.9964E-05 0.0229564 9.9964E-05 0.0627373 9.9964E-05 0.00549571 0.875744
9.9937E-05 9.9937E-05 0.0365726 9.9937E-05 9.9937E-05 9.9937E-05 9.9937E-05 9.9937E-05 0.962728
0.0136662 0.0362321 0.0484456 9.9964E-05 9.9964E-05 0.0383531 9.9964E-05 9.9964E-05 0.862903
9.9937E-05 9.9937E-05 9.9937E-05 9.9937E-05 9.9937E-05 9.9937E-05 9.9937E-05 0.00401628 0.995284
0.0362792 0.049671 0.00286077 9.9973E-05 0.0420838 0.229125 9.9973E-05 9.9973E-05 0.63968
0.00984256 0.0621549 9.9955E-05 0.0409621 9.9955E-05 9.9955E-05 9.9955E-05 9.9955E-05 0.886541
0.204293 9.9955E-05 0.251117 0.0329133 9.9955E-05 9.9955E-05 0.511176 9.9955E-05 9.9955E-05
0.13832 9.9982E-05 0.0637756 0.0836838 0.0523053 0.412288 0.217094 9.9982E-05 0.0323333
0.210429 9.9964E-05 9.9964E-05 9.9964E-05 9.9964E-05 0.30864 0.379007 0.0431892 0.0583349
0.151599 0.00296572 0.226954 0.000701731 0.00222743 0.146822 0.374669 0.0305281 0.0635326
0.112475 0.00960364 9.9982E-05 0.0751009 0.0117118 0.462004 0.227807 9.9982E-05 0.101098
0.169927 0.00511685 0.197568 9.9982E-05 9.9982E-05 0.162361 0.335534 0.06024 0.0690533
0.0886973 0.0681185 0.0887826 0.0430365 0.111761 0.412355 0.0787574 0.0406468 0.0678443
0.0237207 9.9982E-05 0.108176 9.9982E-05 0.0169043 0.224544 0.397493 0.018552 0.21041
0.0701214 9.9973E-05 0.0937867 0.0573171 9.9973E-05 0.382809 0.263529 9.9973E-05 0.132137
0.0506056 9.9964E-05 0.168436 9.9964E-05 9.9964E-05 0.268423 0.314651 9.9964E-05 0.197484
0.117267 0.0355393 9.9973E-05 0.105481 9.9973E-05 0.325673 0.310129 9.9973E-05 0.105612
0.739868 9.9964E-05 0.0440337 9.9964E-05 0.0825623 0.074479 0.0586566 9.9964E-05 9.9964E-05
0.856839 0.0266468 0.0544896 9.9955E-05 9.9955E-05 9.9955E-05 9.9955E-05 9.9955E-05 0.0615244
0.867858 9.9946E-05 0.0937861 0.037756 9.9946E-05 9.9946E-05 9.9946E-05 9.9946E-05 9.9946E-05
0.866115 9.9955E-05 0.0300926 9.9955E-05 0.0619683 0.0413242 9.9955E-05 9.9955E-05 9.9955E-05
0.832187 9.9955E-05 0.0667582 0.0861931 9.9955E-05 9.9955E-05 9.9955E-05 9.9955E-05 0.0143621
0.837781 0.0148758 0.0955336 9.9955E-05 9.9955E-05 9.9955E-05 9.9955E-05 9.9955E-05 0.0513094
0.825651 9.9973E-05 0.0455861 9.9973E-05 0.00823966 0.0267998 9.9973E-05 0.00440214 0.0890219
0.817858 9.9964E-05 0.104202 9.9964E-05 0.0391282 0.0151951 9.9964E-05 0.023216 9.9964E-05
0.810075 0.012316 0.108802 0.0139535 9.9964E-05 0.0544533 9.9964E-05 9.9964E-05 9.9964E-05
0.803579 9.9955E-05 0.095819 9.9955E-05 9.9955E-05 0.0888076 9.9955E-05 9.9955E-05 0.0112946
0.591548 0.080751 9.9973E-05 0.167284 0.0660241 9.9973E-05 9.9973E-05 0.0848679 0.00922481
0.538974 9.9964E-05 0.033403 0.168506 0.177629 9.9964E-05 9.9964E-05 0.0810893 9.9964E-05
0.507148 9.9973E-05 0.0934092 0.263803 0.0519191 9.9973E-05 0.0437175 0.0397039 9.9973E-05
0.497531 9.9964E-05 9.9964E-05 0.284959 0.0696358 9.9964E-05 0.11654 0.0309336 9.9964E-05
0.0601681 9.9964E-05 9.9964E-05 0.107161 9.9964E-05 0.470577 0.0472495 0.314445 9.9964E-05
0.0410151 0.0367427 9.9973E-05 9.9973E-05 0.133292 0.44195 9.9973E-05 0.339682 0.00701747
0.0239421 0.0152675 9.9973E-05 0.203604 0.0336867 0.482307 9.9973E-05 0.240892 9.9973E-05
9.9973E-05 0.0111144 0.122019 0.267605 0.0341209 0.33014 9.9973E-05 0.234701 9.9973E-05
9.9973E-05 0.0245085 9.9973E-05 0.62583 0.096827 0.138914 0.0348755 0.0787454 9.9973E-05
0.0181046 0.0654087 9.9982E-05 0.0669463 0.0369454 0.604275 9.9982E-05 0.127531 0.0805894
9.9964E-05 0.0469054 9.9964E-05 0.0332061 0.0431426 0.583338 9.9964E-05 0.293008 9.9964E-05
0.00591923 0.135124 0.0105073 0.0651275 0.0588657 0.471292 0.0485635 0.204501 9.9991E-05
9.9973E-05 0.0019801 9.9973E-05 9.9973E-05 0.0484811 0.371942 0.0367938 0.506849 0.0336542
0.0682844 9.9973E-05 9.9973E-05 0.132401 0.0207198 0.631927 0.0520716 0.0942966 9.9973E-05
9.9964E-05 0.018501 9.9964E-05 0.0655491 0.0551994 0.416456 9.9964E-05 0.443894 9.9964E-05
9.9955E-05 0.242737 9.9955E-05 0.125594 0.00697625 9.9955E-05 9.9955E-05 0.624194 9.9955E-05
9.9982E-05 0.0482892 0.117899 0.149682 0.0594102 0.522905 9.9982E-05 0.0350394 0.0665751
9.9982E-05 0.0877242 0.0549692 9.9982E-05 0.0244776 0.186889 0.143442 0.496651 0.00564653
9.9964E-05 0.110365 9.9964E-05 0.0603516 9.9964E-05 0.509278 0.0232559 0.29635 9.9964E-05
0.0332187 9.9964E-05 9.9964E-05 0.231846 0.0368643 0.0677866 9.9964E-05 0.629885 9.9964E-05
0.0334954 9.9955E-05 9.9955E-05 9.9955E-05 0.885383 9.9955E-05 0.0746963 0.00592528 9.9955E-05
9.9946E-05 9.9946E-05 9.9946E-05 9.9946E-05 0.945061 0.0386829 9.9946E-05 9.9946E-05 0.015656
9.993E-05 9.993E-05 9.993E-05 9.993E-05 0.999201 9.993E-05 9.993E-05 9.993E-05 9.993E-05
0.0410765 0.0180618 9.9955E-05 9.9955E-05 0.928272 9.9955E-05 9.9955E-05 0.0120898 9.9955E-05
9.9964E-05 9.9964E-05 9.9964E-05 0.00523637 0.915051 0.0382393 9.9964E-05 0.0109502 0.0301232
9.9955E-05 9.9955E-05 0.0344694 9.9955E-05 0.853055 0.0748708 9.9955E-05 9.9955E-05 0.0371049
0.817152 9.9955E-05 0.069616 9.9955E-05 0.0042711 0.108462 9.9955E-05 9.9955E-05 9.9955E-05
0.79637 9.9964E-05 0.00906741 0.0529883 0.0517275 0.089447 9.9964E-05 9.9964E-05 9.9964E-05
0.758392 9.9955E-05 9.9955E-05 9.9955E-05 9.9955E-05 0.149698 0.0164433 9.9955E-05 0.0749671
0.691199 9.9964E-05 0.04736 0.123594 9.9964E-05 0.0163869 9.9964E-05 9.9964E-05 0.12106
0.701119 9.9973E-05 0.101305 0.0315806 9.9973E-05 0.0478194 0.0256618 9.9973E-05 0.0922143
0.363089 9.9973E-05 0.0430628 0.213197 0.280089 9.9973E-05 0.0337815 0.0664801 9.9973E-05
0.444511 0.103047 0.0202077 0.0419295 0.326493 9.9982E-05 0.00112764 0.0624841 9.9982E-05
0.425538 0.105097 9.9964E-05 0.0988952 0.321728 9.9964E-05 9.9964E-05 0.0483415 9.9964E-05
0.812362 9.9955E-05 9.9955E-05 0.0247656 9.9955E-05 0.15046 9.9955E-05 9.9955E-05 0.0119133
0.339416 0.0470686 0.0329537 0.099597 0.384861 9.9982E-05 9.9982E-05 0.0909393 0.00496534
0.135268 0.0352391 0.246813 9.9973E-05 0.038745 0.323467 9.9973E-05 9.9973E-05 0.220168
0.0872111 9.9973E-05 0.0861562 9.9973E-05 0.0642061 0.538664 0.0413175 9.9973E-05 0.182145
0.193883 9.99461E-05 9.99461E-05 9.99461E-05 9.99461E-05 0.587002 9.99461E-05 9.99461E-05 0.218516
0.21929 9.9973E-05 0.170918 9.9973E-05 0.0463951 0.402396 0.0559609 9.9973E-05 0.104741
0.111306 0.0126034 0.0737122 0.0164024 0.0859213 0.518351 0.000316928 0.0989981 0.082389
0.335529 9.9955E-05 0.317779 9.9955E-05 9.9955E-05 9.9955E-05 0.0952117 9.9955E-05 0.250981
9.9982E-05 0.0726694 9.9982E-05 0.229774 0.119838 0.388254 0.0770798 0.0734315 0.0387533
9.9982E-05 0.157347 0.105787 0.141566 0.0310414 0.280468 0.128691 0.1549 9.9982E-05
0.0697588 9.9982E-05 0.0236067 0.646256 0.0316992 0.199883 0.0262909 0.0023051 9.9982E-05
9.9982E-05 0.221927 0.0140522 0.108218 0.0728016 0.441328 0.0720935 0.0693788 9.9982E-05
9.9973E-05 0.42262 0.120587 0.148726 0.0516807 9.9973E-05 0.129926 0.12616 9.9973E-05
0.10288 0.0475364 0.0594572 0.0945058 0.0745783 0.579712 0.018345 9.9991E-05 0.0228858
9.9964E-05 0.227552 0.122596 0.158617 0.0466335 0.444201 9.9964E-05 9.9964E-05 9.9964E-05
0.00999326 0.0727954 0.0752194 0.570419 9.9973E-05 0.199973 9.9973E-05 0.0713008 9.9973E-05
0.0934399 0.125663 9.9982E-05 0.153379 9.9982E-05 0.425505 0.0477312 0.114841 0.0392403
9.9973E-05 0.064257 0.154998 0.396703 9.9973E-05 0.0378729 0.148788 0.197082 9.9973E-05
9.9973E-05 0.150993 0.0491781 0.150904 0.117607 0.482383 9.9973E-05 0.0486341 9.9973E-05
9.9964E-05 9.9964E-05 0.0307164 0.263048 0.0972709 0.482512 9.9964E-05 0.126053 9.9964E-05
0.052425 9.9991E-05 0.115637 0.0269063 0.0443335 0.394766 0.0382041 0.188363 0.139266
9.9955E-05 0.140793 9.9955E-05 0.361885 9.9955E-05 0.318987 0.177836 9.9955E-05 9.9955E-05
9.9982E-05 0.0771354 0.0399517 0.228443 0.109956 0.387554 0.0599617 0.0967989 9.9982E-05
9.9973E-05 0.200473 9.9973E-05 0.0959295 9.9973E-05 0.362339 0.108974 0.113413 0.118572
9.9973E-05 9.9973E-05 0.0448425 0.120836 0.0986318 0.557536 0.0796257 0.0982284 9.9973E-05
0.0287667 9.9991E-05 0.0208259 0.0373905 0.158359 0.627775 0.0966971 0.0128383 0.0172476
0.0870595 0.0276015 0.119665 0.151143 0.0190914 0.511057 9.9991E-05 0.064125 0.0201581
0.0214617 9.9982E-05 0.129398 0.161779 0.0183088 0.503546 9.9982E-05 0.127175 0.038132
0.756806 9.9955E-05 9.9955E-05 9.9955E-05 9.9955E-05 0.100364 0.00818317 9.9955E-05 0.134147
0.821882 0.0645852 9.9964E-05 9.9964E-05 9.9964E-05 0.0688356 9.9964E-05 0.0130766 0.0312206
0.728388 0.00944089 0.0217575 0.0859336 9.9982E-05 0.027835 0.0915397 9.9982E-05 0.0349055
0.780889 0.0309176 9.9964E-05 9.9964E-05 0.0404386 9.9964E-05 9.9964E-05 0.0747832 0.072572
0.833287 9.9964E-05 9.9964E-05 9.9964E-05 0.00755845 0.134488 0.0145232 9.9964E-05 0.00974376
9.9973E-05 0.0281514 0.0612978 0.696564 0.0767022 0.127509 9.9973E-05 0.00947546 9.9973E-05
9.9991E-05 0.193149 0.0350352 0.198369 0.017099 0.432643 0.0690845 0.0246739 0.0298454
0.166548 0.0432691 0.182085 9.9982E-05 0.00749803 0.456411 0.0829197 9.9982E-05 0.0610698
9.9973E-05 0.0620658 0.0324186 0.123592 0.113831 0.6456 9.9973E-05 0.022192 9.9973E-05
0.0357178 0.0767494 9.9973E-05 0.31535 0.0170072 0.536472 9.9973E-05 0.018404 9.9973E-05
9.9982E-05 0.111589 0.174743 0.299708 0.0730403 0.252585 0.0753883 9.9982E-05 0.0127467
0.0669162 9.9973E-05 0.146317 0.596016 0.0991582 9.9973E-05 0.0370972 0.0541958 9.9973E-05
0.034754 0.0778317 9.9973E-05 0.179159 0.183409 0.485823 0.0387233 9.9973E-05 9.9973E-05
0.0960811 0.107309 9.9982E-05 0.416711 0.152848 0.0949377 0.114838 9.9982E-05 0.0170748
0.00306176 0.141004 0.0902308 0.0572674 0.134967 0.401954 0.0350576 0.0910637 0.0453948
0.140333 0.123053 0.0169826 0.55029 0.0876433 0.0813977 9.9973E-05 9.9973E-05 9.9973E-05
0.0776537 9.9982E-05 9.9982E-05 0.231604 0.0288844 0.562281 0.0357398 0.0186299 0.0450071
0.0789244 0.0655712 9.9973E-05 0.674729 0.00322905 0.141685 0.0355613 9.9973E-05 9.9973E-05
9.9982E-05 0.116448 9.9982E-05 0.286745 0.0735913 0.276602 0.169877 0.0191119 0.0574243
0.0121884 0.0667407 0.0999911 0.155966 9.9982E-05 0.47179 0.185233 9.9982E-05 0.00789044
9.9973E-05 0.117629 0.0565685 0.0311782 0.080791 0.168249 0.545285 9.9973E-05 9.9973E-05
9.9964E-05 9.9964E-05 9.9964E-05 0.124466 0.0102936 0.512167 0.332697 0.0199768 9.9964E-05
0.117449 0.127132 9.9973E-05 0.0139378 9.9973E-05 0.499776 0.157089 9.9973E-05 0.0843159
9.9955E-05 0.0820566 9.9955E-05 0.127194 9.9955E-05 0.210533 0.579717 9.9955E-05 9.9955E-05
9.9991E-05 0.0609043 0.00402699 0.0904883 0.099031 0.428007 0.164459 0.0483238 0.104659
9.9973E-05 0.0890896 0.0743645 9.9973E-05 0.059487 0.517337 0.195954 0.0634685 9.9973E-05
9.9964E-05 0.189836 9.9964E-05 0.0753448 0.0160997 9.9964E-05 0.660909 0.0574103 9.9964E-05
9.9973E-05 0.0141079 0.101035 9.9973E-05 0.0372787 0.159342 0.619639 0.0682976 9.9973E-05
9.9982E-05 0.05997 0.052161 0.0145363 0.0834108 0.43517 0.353141 0.00141123 9.9982E-05
9.9964E-05 0.120155 9.9964E-05 0.112731 9.9964E-05 0.0291425 0.652412 0.085159 9.9964E-05
9.9973E-05 9.9973E-05 0.00049538 0.141186 0.0318134 0.334469 0.375894 0.115842 9.9973E-05
9.9982E-05 0.00294634 0.120209 0.71494 0.0260542 0.0359634 9.9982E-05 0.0873807 0.0123059
9.9982E-05 0.265959 0.0309578 0.302883 0.0825607 0.178143 9.9982E-05 0.126668 0.0126287
9.9982E-05 0.0047824 9.9982E-05 0.472308 0.0421337 0.194357 0.00738641 0.126704 0.152128
9.99733E-05 9.99733E-05 0.0459916 0.155964 0.034092 0.598955 0.0908843 0.073813 9.99733E-05
9.9982E-05 0.070225 0.00977985 0.455606 0.0384678 0.153574 9.9982E-05 0.258675 0.0134723
0.0354437 0.123866 0.181601 0.0566408 0.0790782 0.46774 9.9982E-05 9.9982E-05 0.0554313
9.9973E-05 0.0245348 0.122832 0.137252 0.105874 0.601616 9.9973E-05 0.00759136 9.9973E-05
9.9955E-05 0.0400526 0.0801466 0.361635 9.9955E-05 0.517666 9.9955E-05 9.9955E-05 9.9955E-05
9.9982E-05 0.0812605 0.0552808 0.289726 0.0104235 0.345789 9.9982E-05 0.112763 0.104557
0.016103 9.9982E-05 0.0212494 0.249631 0.10689 0.355636 9.9982E-05 0.225596 0.0246945
9.9973E-05 0.0192216 9.9973E-05 0.430761 0.081009 0.133943 9.9973E-05 0.262341 0.072425
9.9982E-05 0.030306 9.9982E-05 0.393736 0.134569 0.285321 0.0374337 0.0264284 0.0920058
9.9964E-05 0.060861 9.9964E-05 0.304754 0.00764197 0.560029 0.0663138 9.9964E-05 9.9964E-05
9.9973E-05 0.0693743 9.9973E-05 0.137066 0.03769 0.592298 0.122256 0.0410153 9.9973E-05
9.9973E-05 0.0711606 0.185727 0.18744 0.116699 0.376477 9.9973E-05 0.0621963 9.9973E-05
9.9973E-05 0.118108 0.0777825 0.22987 0.0519121 0.469487 9.9973E-05 9.9973E-05 0.0525401
0.0120383 0.0343697 0.0652872 0.299602 0.157515 0.318442 0.0512803 9.9991E-05 0.0613651
9.9964E-05 0.08712 9.9964E-05 0.207038 0.0318827 0.58262 9.9964E-05 0.09094 9.9964E-05
0.0275019 0.0571534 9.9982E-05 0.313735 0.00866726 0.490912 9.9982E-05 0.0562419 0.0455887
0.156703 0.11089 0.00434074 0.171234 9.9991E-05 0.437033 0.0357156 0.0727464 0.0112379
0.331349 9.9982E-05 0.0392889 0.0663463 9.9982E-05 0.414299 0.0720968 0.0218883 0.0545313
0.0381654 9.9973E-05 0.147488 9.9973E-05 9.9973E-05 0.482762 0.027425 0.0977832 0.206076
0.106202 0.00275354 9.9982E-05 9.9982E-05 0.0144856 0.42413 0.109304 0.127812 0.215112
0.0635635 0.0870701 0.0785948 0.00341233 0.0224052 0.591558 0.0842394 9.9991E-05 0.0690562
0.122029 0.0393493 0.100034 0.0975975 9.9982E-05 0.437641 9.9982E-05 0.0607915 0.142358
9.9964E-05 0.152802 9.9964E-05 0.222797 9.9964E-05 0.415699 0.177152 9.9964E-05 0.0311497
0.183881 0.0210076 0.0200571 0.0613128 0.0137945 0.61683 9.9991E-05 0.0572854 0.0257311
0.146115 0.0116801 0.321869 0.0390788 9.9982E-05 9.9982E-05 0.238141 0.156214 0.0867027
0.145328 0.0539266 0.0542002 0.119412 0.0113986 0.551033 9.9991E-05 0.0232148 0.0413866
0.112594 0.0605341 0.0919731 0.0214603 0.0324211 0.628323 9.9982E-05 9.9982E-05 0.0524948
0.0235313 0.0793216 0.0187156 0.179434 9.9991E-05 0.405082 0.0359125 0.0034279 0.254475
0.145844 0.0845245 0.175697 0.133902 9.9991E-05 0.221593 0.0491549 0.0642575 0.124927
0.183541 0.010965 0.115399 9.9982E-05 0.0240164 0.546899 0.0751459 0.0438336 9.9982E-05
0.171849 0.05964 0.0624173 9.9973E-05 9.9973E-05 0.619871 0.0115138 9.9973E-05 0.0744083
0.318378 0.00191821 0.492408 9.9973E-05 9.9973E-05 9.9973E-05 0.0556263 0.02785 0.10352
0.206016 0.0605431 0.026248 0.0284699 9.9982E-05 0.467372 0.0479516 9.9982E-05 0.163199
0.144593 0.0114584 0.148293 9.9982E-05 9.9982E-05 0.577899 0.0057823 0.0279437 0.0838304
0.0859753 0.0772417 0.0153019 9.9982E-05 9.9982E-05 0.615147 0.154848 0.00719491 0.0440914
0.168333 9.9964E-05 0.126007 0.0221021 9.9964E-05 0.612224 9.9964E-05 9.9964E-05 0.0709343
0.114542 9.9982E-05 0.019084 0.139956 0.0312198 0.498594 0.0470573 9.9982E-05 0.149348
0.0245843 0.40441 9.9991E-05 0.0128896 0.0436187 0.457851 0.0213846 0.0327053 0.00245672
0.0935545 0.207587 9.9964E-05 0.149989 9.9964E-05 0.419921 9.9964E-05 9.9964E-05 0.128548
9.9946E-05 0.740752 9.9946E-05 0.149029 9.9946E-05 9.9946E-05 9.9946E-05 0.10962 9.9946E-05
0.0167581 0.876841 9.9955E-05 0.0972063 0.00869507 9.9955E-05 9.9955E-05 9.9955E-05 9.9955E-05
0.00824372 0.302047 0.0690643 0.0760664 9.9982E-05 0.352846 9.9982E-05 0.0649112 0.126621
0.0851894 0.0751144 0.136563 0.0536217 9.9982E-05 0.430369 0.00670759 9.9982E-05 0.212235
0.0415361 0.149505 0.232961 9.9964E-05 9.9964E-05 0.329836 9.9964E-05 9.9964E-05 0.245762
0.0728958 0.1364 0.338732 0.0251669 9.9982E-05 0.198905 0.0129176 9.9982E-05 0.214783
0.113638 0.140415 0.187322 9.9964E-05 9.9964E-05 0.363562 9.9964E-05 9.9964E-05 0.194664
0.0102068 0.642419 0.219059 9.9982E-05 0.00944074 0.0633172 0.0174483 9.9982E-05 0.0379089
0.0267856 0.567263 0.243804 9.9964E-05 9.9964E-05 0.150715 9.9964E-05 9.9964E-05 0.0110328
0.0432008 0.368785 0.0295576 9.9973E-05 0.0016286 0.492688 9.9973E-05 9.9973E-05 0.0638394
0.0587111 0.419303 9.9955E-05 9.9955E-05 9.9955E-05 0.4379 9.9955E-05 9.9955E-05 0.0835858
0.00859033 0.631845 0.06989 9.9964E-05 9.9964E-05 0.187169 9.9964E-05 9.9964E-05 0.102106
0.0401328 0.236964 0.0587863 0.0971422 9.9973E-05 0.490435 9.9973E-05 9.9973E-05 0.0762395
9.9964E-05 0.380394 0.0117502 9.9964E-05 9.9964E-05 0.427283 0.0183597 9.9964E-05 0.161813
0.00581155 0.195538 0.102882 0.0638845 9.9991E-05 0.375305 0.0826565 0.0788191 0.095003
9.9964E-05 0.579748 0.0189554 0.0757142 0.0240842 0.301098 9.9964E-05 9.9964E-05 9.9964E-05
9.9973E-05 0.486462 9.9973E-05 0.0395806 9.9973E-05 0.310727 0.0339238 0.12451 0.00449717
0.0209149 0.313971 9.9964E-05 0.0693936 9.9964E-05 0.488221 0.107099 9.9964E-05 9.9964E-05
0.023937 0.456119 9.9973E-05 0.121412 0.0445017 0.291679 9.9973E-05 9.9973E-05 0.0620513
0.0181356 0.196528 0.0480849 0.083016 0.0482662 0.379139 0.0613242 0.105948 0.0595573
9.9964E-05 0.42589 0.0232479 9.9964E-05 9.9964E-05 0.3867 0.0957947 0.0679677 9.9964E-05
9.9964E-05 0.73101 9.9964E-05 0.00117135 0.0714214 0.159538 0.0364602 9.9964E-05 9.9964E-05
0.0398013 0.27638 9.9955E-05 9.9955E-05 9.9955E-05 0.5682 9.9955E-05 0.115119 9.9955E-05
9.9955E-05 0.759929 9.9955E-05 9.9955E-05 0.0212803 0.208203 9.9955E-05 0.0100874 9.9955E-05
0.0192863 0.533652 9.9982E-05 0.0247084 0.00863696 0.348726 0.0559177 0.00887282 9.9982E-05
0.0317871 0.312533 9.9973E-05 9.9973E-05 0.0318781 0.547015 9.9973E-05 0.0189966 0.057491
9.9964E-05 0.424894 9.9964E-05 0.0459388 9.9964E-05 0.485897 0.0286459 0.0142246 9.9964E-05
0.139025 0.031205 9.9982E-05 0.0913504 9.9982E-05 0.380198 0.12812 0.0207754 0.209126
9.9982E-05 0.135138 0.249597 0.131137 0.0164659 0.405238 0.0054594 9.9982E-05 0.0567644
0.0760274 0.0368905 0.112402 0.0418602 0.0548981 0.281149 0.140001 9.9991E-05 0.256672
0.0738018 0.108577 0.0961896 0.109764 0.075515 0.275809 0.0827687 9.9991E-05 0.177476
0.169018 0.0414031 9.9973E-05 0.0536685 9.9973E-05 0.464942 0.120116 9.9973E-05 0.150553
0.109663 0.143023 0.0183654 0.0968814 0.0782369 0.468317 9.9982E-05 9.9982E-05 0.0853128
0.107814 0.56535 0.137283 9.9964E-05 0.0544838 9.9964E-05 9.9964E-05 9.9964E-05 0.13467
0.0614414 0.0193598 0.0508825 9.9973E-05 0.13008 0.521517 9.9973E-05 9.9973E-05 0.216419
0.295304 0.38683 0.235026 9.9955E-05 9.9955E-05 9.9955E-05 9.9955E-05 9.9955E-05 0.0823405
0.0300465 0.27976 0.00738355 9.9964E-05 9.9964E-05 0.540723 9.9964E-05 9.9964E-05 0.141687
9.9955E-05 0.790813 0.000266979 9.9955E-05 9.9955E-05 0.0630242 9.9955E-05 0.145396 9.9955E-05
9.9937E-05 0.991851 9.9937E-05 9.9937E-05 9.9937E-05 9.9937E-05 9.9937E-05 0.00744955 9.9937E-05
9.9955E-05 0.509322 9.9955E-05 0.0797245 9.9955E-05 0.400584 9.9955E-05 0.00987027 9.9955E-05
0.0447143 0.338346 9.9955E-05 9.9955E-05 9.9955E-05 0.583446 9.9955E-05 0.0329938 9.9955E-05
9.9964E-05 0.547525 9.9964E-05 0.0416445 9.9964E-05 0.323903 0.0219384 0.0645892 9.9964E-05
9.9955E-05 0.442685 9.9955E-05 9.9955E-05 0.000645076 0.474952 9.9955E-05 0.0812186 9.9955E-05
9.9937E-05 0.497623 9.9937E-05 9.9937E-05 9.9937E-05 0.501678 9.9937E-05 9.9937E-05 9.9937E-05
0.759326 0.0814643 9.9973E-05 9.9973E-05 9.9973E-05 0.00650745 0.0433762 0.0403455 0.068681
0.687999 0.0236502 9.9982E-05 0.123856 0.0122185 9.9982E-05 0.0389093 0.00689696 0.10627
0.890928 9.9955E-05 9.9955E-05 0.00216875 0.0131553 9.9955E-05 9.9955E-05 9.9955E-05 0.0932484
0.89276 0.00167664 0.0348937 9.9955E-05 9.9955E-05 0.0701702 9.9955E-05 9.9955E-05 9.9955E-05
0.0672628 9.9964E-05 9.9964E-05 0.116761 0.0161642 0.4656 9.9964E-05 0.333812 9.9964E-05
0.0967567 9.9964E-05 0.0664856 9.9964E-05 9.9964E-05 0.446365 9.9964E-05 0.389326 0.000666943
0.0126719 9.9955E-05 9.9955E-05 0.0275432 9.9955E-05 0.442395 9.9955E-05 0.51689 9.9955E-05
0.0292312 9.9991E-05 0.0214336 0.0700011 0.085672 0.521937 0.0174355 0.214458 0.039731
0.106116 0.0414252 9.9982E-05 9.9982E-05 0.0774183 0.372141 0.122916 0.274725 0.00505877
0.0470884 9.9973E-05 0.0129567 0.182974 9.9973E-05 0.185346 0.0603518 0.510983 9.9973E-05
0.00568056 9.9964E-05 0.0128823 9.9964E-05 9.9964E-05 0.642906 0.00354126 0.33459 9.9964E-05
9.9955E-05 0.16781 9.9955E-05 9.9955E-05 9.9955E-05 0.247462 0.213857 0.370371 9.9955E-05
0.191921 0.0719797 0.00847269 9.9982E-05 9.9982E-05 0.461898 0.105598 0.00400451 0.155926
9.9973E-05 0.121693 0.0837696 0.0345144 0.0491585 0.374167 9.9973E-05 0.336397 9.9973E-05
0.00961088 9.9955E-05 9.9955E-05 0.214548 9.9955E-05 0.294197 9.9955E-05 0.481144 9.9955E-05
9.9964E-05 0.0354312 9.9964E-05 0.0713904 0.00627089 0.555577 9.9964E-05 0.330931 9.9964E-05
0.0149969 0.0719558 9.9973E-05 0.0624476 0.000231686 0.355513 9.9973E-05 0.494555 9.9973E-05
9.9955E-05 0.0963015 9.9955E-05 9.9955E-05 9.9955E-05 0.497499 0.0479004 0.357799 9.9955E-05
0.0593472 0.019558 9.9973E-05 9.9973E-05 0.0640943 0.533655 9.9973E-05 0.305618 0.0174275
9.9955E-05 0.0479809 9.9955E-05 9.9955E-05 9.9955E-05 0.0260342 0.10055 0.824935 9.9955E-05
9.9982E-05 9.9982E-05 0.0224682 0.0909494 0.0489635 0.190752 0.107935 0.510733 0.0279992
9.9973E-05 0.0145662 0.0704269 0.0152476 0.0200222 0.297601 9.9973E-05 0.581836 9.9973E-05
9.9955E-05 0.0733616 0.0198931 9.9955E-05 9.9955E-05 9.9955E-05 0.0658879 0.840358 9.9955E-05
9.9982E-05 0.00547158 0.0394249 0.0669249 0.0896116 0.431663 9.9982E-05 0.332122 0.0345816
9.9964E-05 0.0925695 0.099498 9.9964E-05 9.9964E-05 0.0541242 0.11698 0.636429 9.9964E-05
9.9955E-05 0.0521658 0.156606 9.9955E-05 0.0308703 9.9955E-05 9.9955E-05 0.759858 9.9955E-05
9.9964E-05 0.0886625 0.0657251 9.9964E-05 9.9964E-05 0.537176 9.9964E-05 0.288458 0.0195785
0.0366904 0.0147101 9.9973E-05 0.149123 9.9973E-05 0.16596 0.0203969 0.612819 9.9973E-05
9.9973E-05 9.9973E-05 9.9973E-05 0.161918 0.0198504 0.250615 0.124658 0.34743 0.0952301
0.081477 9.9982E-05 0.0874078 9.9982E-05 0.0910278 0.623105 0.00456263 0.0891737 0.0230463
9.9973E-05 9.9973E-05 0.0396097 0.0407719 0.0312861 0.535301 9.9973E-05 0.351323 0.00140942
9.9991E-05 0.0978807 0.0049575 0.265546 0.121837 0.260787 0.132872 0.0553524 0.0606667
9.9973E-05 0.0227793 9.9973E-05 0.0741125 9.9973E-05 0.434405 0.0122327 0.411907 0.0442643
0.0470662 9.9973E-05 0.0075282 0.0909649 0.0053747 0.427123 9.9973E-05 0.421643 9.9973E-05
9.9964E-05 9.9964E-05 0.0172066 0.0221641 9.9964E-05 0.295568 0.0519654 0.612696 9.9964E-05
0.0230101 0.0715135 9.9973E-05 9.9973E-05 0.0913627 0.41247 9.9973E-05 0.351657 0.0496863
0.611925 9.9955E-05 9.9955E-05 0.173631 0.0705441 9.9955E-05 0.143401 9.9955E-05 9.9955E-05
0.735299 9.9982E-05 0.0481861 0.0799964 0.0187749 0.0321887 9.9982E-05 0.0744061 0.0109487
0.77064 0.0137464 0.056438 0.0591816 0.0468381 9.9982E-05 0.0453715 0.00758483 9.9982E-05
0.744072 0.0361743 0.0328239 9.9973E-05 0.153447 9.9973E-05 0.02884 0.00434309 9.9973E-05
0.710239 9.9964E-05 9.9964E-05 0.0697604 0.159661 0.000939541 0.0590003 9.9964E-05 9.9964E-05
0.00597004 9.9964E-05 9.9964E-05 0.178711 9.9964E-05 0.0896892 9.9964E-05 0.711273 0.013957
