9.9964E-05 0.875878 0.0513304 9.9964E-05 9.9964E-05 0.00262737 9.9964E-05 0.0570057 0.0127588
9.9955E-05 0.901676 0.0408852 9.9955E-05 9.9955E-05 9.9955E-05 0.0256817 0.0312573 9.9955E-05
0.15463 0.762406 0.0367243 9.9964E-05 9.9964E-05 0.0373511 9.9964E-05 0.00848846 9.9964E-05
0.037464 0.725979 9.9964E-05 9.9964E-05 0.0973475 0.0873441 0.0514656 9.9964E-05 9.9964E-05
0.100308 0.820934 9.9964E-05 9.9964E-05 0.0107106 0.044468 0.0231794 9.9964E-05 9.9964E-05
0.0040063 0.548614 9.9973E-05 0.374684 0.051519 0.0151471 9.9973E-05 0.00572995 9.9973E-05
9.9937E-05 0.740272 9.9937E-05 0.259029 9.9937E-05 9.9937E-05 9.9937E-05 9.9937E-05 9.9937E-05
9.9946E-05 0.689206 9.9946E-05 0.277547 9.9946E-05 0.0326474 9.9946E-05 9.9946E-05 9.9946E-05
9.99549E-05 0.744773 0.114416 9.99549E-05 9.99549E-05 0.0973807 9.99549E-05 0.0429303 9.99549E-05
0.0248373 0.672461 9.9964E-05 0.22719 0.0437031 9.9964E-05 9.9964E-05 9.9964E-05 0.0314084
9.9946E-05 0.692154 9.9946E-05 0.267403 9.9946E-05 0.0398438 9.9946E-05 9.9946E-05 9.9946E-05
0.118646 0.00785864 9.9973E-05 9.9973E-05 0.073901 0.00377406 9.9973E-05 0.0897033 0.705817
0.421518 0.0408303 9.9973E-05 9.9973E-05 0.0735756 9.9973E-05 0.0388953 0.0570867 0.367795
0.0933826 0.0807795 0.0102933 9.9973E-05 0.078579 9.9973E-05 0.0378427 9.9973E-05 0.698823
0.193798 0.0480039 0.0337797 9.9964E-05 0.122252 9.9964E-05 9.9964E-05 9.9964E-05 0.601767
0.293078 0.0585176 0.0491651 0.0961529 0.147655 9.9973E-05 9.9973E-05 9.9973E-05 0.355132
0.508781 0.054417 0.0283274 9.9973E-05 0.0775487 9.9973E-05 0.063156 9.9973E-05 0.26747
0.256935 9.9964E-05 9.9964E-05 0.153171 0.149103 9.9964E-05 9.9964E-05 0.0651997 0.375191
0.238981 0.0893834 0.0880121 9.9964E-05 9.9964E-05 9.9964E-05 9.9964E-05 0.0116295 0.571595
9.9955E-05 0.0625774 9.9955E-05 0.192758 9.9955E-05 0.0133401 9.9955E-05 9.9955E-05 0.730825
0.331889 0.0522292 0.00416205 0.0228046 0.0585475 0.0283073 0.0161707 0.132151 0.353738
0.361666 0.0062999 0.132652 0.0925241 9.9973E-05 9.9973E-05 0.0432799 9.9973E-05 0.363278
0.452195 0.056261 0.000335888 0.0735228 9.9982E-05 0.0114575 9.9982E-05 0.140925 0.265103
0.112974 9.9955E-05 9.9955E-05 0.0823127 0.122241 9.9955E-05 9.9955E-05 9.9955E-05 0.681972
0.558453 0.0750298 0.0385259 0.0642037 0.0962045 9.9982E-05 0.0251291 9.9982E-05 0.142254
0.347984 9.9955E-05 9.9955E-05 0.155235 0.0914561 9.9955E-05 9.9955E-05 9.9955E-05 0.404825
9.9964E-05 0.0233938 9.9964E-05 0.00162608 0.180268 9.9964E-05 9.9964E-05 0.0578198 0.736492
9.9937E-05 9.9937E-05 9.9937E-05 9.9937E-05 0.220888 9.9937E-05 9.9937E-05 9.9937E-05 0.778413
0.11289 0.0301906 0.00201944 0.0618435 0.00656392 9.9982E-05 0.0530082 9.9982E-05 0.733285
0.0538797 0.779459 9.9955E-05 9.9955E-05 0.10714 9.9955E-05 9.9955E-05 9.9955E-05 0.0590212
0.0849225 0.7823 9.9955E-05 9.9955E-05 0.0505846 9.9955E-05 9.9955E-05 9.9955E-05 0.0816931
0.182222 0.794022 9.9955E-05 9.9955E-05 0.0112062 9.9955E-05 9.9955E-05 0.0120491 9.9955E-05
0.128377 0.708031 0.00271565 9.9973E-05 0.086338 9.9973E-05 0.00504862 0.0691893 9.9973E-05
0.465823 0.040705 9.9982E-05 0.116371 9.9982E-05 0.0695189 0.0337396 0.216226 0.0574171
0.494526 0.0948543 9.9982E-05 0.00931211 0.00991012 0.00355086 9.9982E-05 0.281853 0.105793
0.559578 0.0242558 9.9964E-05 9.9964E-05 9.9964E-05 0.0369209 0.0611652 0.31768 9.9964E-05
0.0757461 0.101592 9.9964E-05 0.0956204 9.9964E-05 0.134783 9.9964E-05 9.9964E-05 0.591859
0.240102 9.9964E-05 0.0881571 0.0556783 9.9964E-05 9.9964E-05 9.9964E-05 0.518103 0.0975599
0.448148 0.0679118 9.9973E-05 9.9973E-05 0.0953576 9.9973E-05 0.0281752 0.17691 0.183197
0.681893 0.0104264 0.0699647 9.9964E-05 9.9964E-05 0.0311742 9.9964E-05 0.206142 9.9964E-05
0.496918 0.0660585 9.9964E-05 0.330076 9.9964E-05 9.9964E-05 9.9964E-05 0.0541156 0.0524318
0.575601 0.0329762 0.0103838 0.140417 0.0290658 0.104966 9.9982E-05 0.10639 9.9982E-05
0.0417147 0.00598068 0.0691769 9.9973E-05 0.0276845 9.9973E-05 9.9973E-05 0.629518 0.225625
0.496639 9.9964E-05 9.9964E-05 0.295306 0.106705 9.9964E-05 9.9964E-05 0.0246094 0.076341
0.507551 0.0229439 0.00684511 0.124613 0.0646653 9.9991E-05 0.062518 0.139496 0.0712682
0.474129 0.00846915 0.0713698 0.0432551 0.0745861 9.9982E-05 9.9982E-05 0.165706 0.162286
0.303581 9.9946E-05 9.9946E-05 9.9946E-05 9.9946E-05 9.9946E-05 0.0755433 0.620276 9.9946E-05
0.686274 0.0347262 9.9964E-05 0.00785208 9.9964E-05 0.0161888 9.9964E-05 0.254559 9.9964E-05
0.47997 0.03573 9.9991E-05 0.0454964 0.0666212 0.0472446 0.0459701 0.225101 0.0537666
9.9973E-05 0.0204303 0.168806 0.0963884 9.9973E-05 0.0174092 0.0798475 0.616818 9.9973E-05
0.110164 9.9982E-05 0.00786352 0.107239 9.9982E-05 0.176057 0.0645857 0.17302 0.360871
9.9964E-05 9.9964E-05 0.186201 0.158985 9.9964E-05 9.9964E-05 0.108155 0.202021 0.344239
0.501383 0.0457463 0.0105704 0.112303 0.0293963 0.0119434 0.0362676 0.0853505 0.167039
0.524316 0.145023 9.9973E-05 0.0639744 9.9973E-05 9.9973E-05 0.0421392 0.0633664 0.160882
0.437268 0.0675973 0.089668 0.0279512 0.0522462 0.024045 0.12078 0.109057 0.0713879
0.0891341 0.111944 0.0625309 0.00517359 9.9991E-05 0.149248 0.108086 0.220915 0.252868
0.524977 9.9964E-05 0.0935669 0.0313761 9.9964E-05 0.108781 9.9964E-05 9.9964E-05 0.240899
0.414378 9.9964E-05 0.111601 0.123281 0.141097 9.9964E-05 9.9964E-05 9.9964E-05 0.209243
0.313237 0.083779 0.0426896 0.126641 9.9982E-05 9.9982E-05 0.0526548 0.104951 0.275847
9.999E-05 0.197302 0.139997 0.0216602 0.00867548 0.0149043 0.0440018 0.085262 0.488097
0.522973 9.9973E-05 0.141587 9.9973E-05 9.9973E-05 0.0399302 0.00913885 0.12807 0.158
0.428831 0.0237204 0.0996482 9.9973E-05 9.9973E-05 0.109042 0.0292419 9.9973E-05 0.309217
9.9982E-05 0.0168096 0.0694748 0.0577618 9.9982E-05 0.166554 0.0104503 0.0852916 0.593458
0.483658 9.9964E-05 0.0463253 9.9964E-05 9.9964E-05 9.9964E-05 0.10464 0.0361086 0.328868
0.535513 9.9991E-05 0.0677046 0.082775 0.0353003 0.0245479 0.0648897 0.150534 0.0386359
0.456912 9.9973E-05 0.072446 9.9973E-05 0.0800377 0.0448309 0.101269 9.9973E-05 0.244204
0.244735 0.0136294 0.15281 9.9973E-05 0.00425256 9.9973E-05 9.9973E-05 0.158281 0.425993
0.408117 9.9973E-05 0.0768387 0.143292 9.9973E-05 9.9973E-05 0.00846519 0.0692657 0.293722
0.509484 0.146124 0.0313342 9.9991E-05 0.0165816 0.0768293 0.00719026 0.0712922 0.141064
0.0823504 9.9982E-05 0.0895142 0.0304 9.9982E-05 0.0899191 0.0705152 0.0532909 0.58381
0.446362 9.9964E-05 9.9964E-05 0.0239468 9.9964E-05 0.0826505 0.00349565 0.443146 9.9964E-05
0.160526 0.00173365 9.9964E-05 9.9964E-05 9.9964E-05 0.00135322 9.9964E-05 0.615911 0.220077
0.518832 9.9973E-05 0.111615 0.118756 0.0717822 0.120123 9.9973E-05 0.0585922 9.9973E-05
9.9946E-05 9.9946E-05 0.0746832 9.9946E-05 9.9946E-05 9.9946E-05 0.0642243 0.860493 9.9946E-05
9.9973E-05 9.9973E-05 0.0241768 0.0393733 9.9973E-05 0.0154092 0.0533197 0.847781 0.0196399
0.235433 9.9946E-05 9.9946E-05 9.9946E-05 0.0208137 9.9946E-05 9.9946E-05 0.743153 9.9946E-05
0.474305 9.9955E-05 9.9955E-05 9.9955E-05 9.9955E-05 0.0536078 9.9955E-05 0.468742 0.00284533
0.463931 0.105403 0.152735 9.9982E-05 9.9982E-05 0.0148195 0.0728331 0.169129 0.020949
0.370569 9.9964E-05 0.0146945 9.9964E-05 9.9964E-05 0.0780829 9.9964E-05 0.500115 0.0361386
0.13117 0.00651064 9.9973E-05 9.9973E-05 0.0465692 0.135602 9.9973E-05 0.569873 0.109976
0.206573 0.0455848 9.9964E-05 9.9964E-05 9.9964E-05 0.175188 9.9964E-05 0.509502 0.0627533
0.536199 0.0651249 0.00216807 9.9982E-05 0.0225317 9.9982E-05 0.0782499 0.212257 0.0832699
0.157695 0.00706563 9.9973E-05 0.118645 0.090081 9.9973E-05 9.9973E-05 0.511593 0.114619
0.39145 0.0624883 9.9973E-05 0.0417783 9.9973E-05 0.0193559 9.9973E-05 0.407096 0.0775312
0.34004 9.9964E-05 0.0324258 0.0487875 9.9964E-05 9.9964E-05 0.00320133 0.575146 9.9964E-05
9.9955E-05 9.9955E-05 0.142397 9.9955E-05 9.9955E-05 0.0125671 0.0872559 0.75728 9.9955E-05
0.6036 9.9982E-05 0.0363218 0.11604 0.0411512 0.0034235 9.9982E-05 0.105134 0.0941286
0.0533981 0.778433 9.9964E-05 9.9964E-05 0.0713226 0.0531944 9.9964E-05 9.9964E-05 0.0432515
0.0987549 0.900546 9.99371E-05 9.99371E-05 9.99371E-05 9.99371E-05 9.99371E-05 9.99371E-05 9.99371E-05
0.0867144 0.841455 0.0344435 9.9955E-05 0.0368876 9.9955E-05 9.9955E-05 9.9955E-05 9.9955E-05
0.0671514 0.824349 0.1079 9.9946E-05 9.9946E-05 9.9946E-05 9.9946E-05 9.9946E-05 9.9946E-05
0.0633381 0.833023 0.00577417 0.0276019 0.0466908 9.9982E-05 0.00641967 0.0169521 9.9982E-05
9.9964E-05 0.811159 0.0486058 9.9964E-05 0.0710934 0.00986833 0.0588734 9.9964E-05 9.9964E-05
0.039761 0.881675 0.0273906 0.00493526 0.0190428 9.9973E-05 0.0268952 9.9973E-05 9.9973E-05
0.551711 0.0689602 9.9973E-05 0.0102095 0.0236398 0.0732322 9.9973E-05 0.271948 9.9973E-05
0.460302 0.0298581 9.9982E-05 0.0253613 0.177961 0.0211453 9.9982E-05 0.115436 0.169736
0.0164652 0.0152851 0.0309144 9.9964E-05 9.9964E-05 9.9964E-05 9.9964E-05 0.740824 0.196111
0.569452 9.9991E-05 0.124321 0.0326225 0.0419926 0.0998671 0.0181027 0.0831967 0.0303461
0.370038 0.0159183 9.9982E-05 0.0626615 0.0383039 0.0260031 9.9982E-05 0.351298 0.135577
0.602411 0.0608064 0.0121978 0.105284 0.00493483 9.9991E-05 0.0480286 0.134819 0.0314183
0.493435 0.00517147 9.9973E-05 0.110852 9.9973E-05 9.9973E-05 0.0992784 0.243131 0.0478317
0.547319 0.00664668 9.9955E-05 9.9955E-05 9.9955E-05 0.00254531 9.9955E-05 0.442989 9.9955E-05
9.9955E-05 0.0697319 9.9955E-05 9.9955E-05 9.9955E-05 0.0213885 9.9955E-05 0.701873 0.206507
0.530831 0.0961567 0.0237081 9.9982E-05 9.9982E-05 0.0898228 0.0452067 0.163569 0.0505065
0.521696 0.0890882 9.9982E-05 0.0317409 0.0142191 9.9982E-05 0.0299219 0.147803 0.165332
0.520265 0.0830799 0.0460951 0.0738553 0.0695395 0.0346465 9.9991E-05 0.0291953 0.143223
0.264756 9.9973E-05 0.10643 0.00725096 0.00693798 9.9973E-05 0.0587977 0.555527 9.9973E-05
0.496802 9.9955E-05 9.9955E-05 9.9955E-05 0.00849782 9.9955E-05 0.0536981 0.440502 9.9955E-05
0.425915 0.000579923 0.040139 0.0211319 9.9991E-05 0.01914 0.043186 0.380286 0.0695216
0.261665 9.9955E-05 9.9955E-05 9.9955E-05 0.100384 0.011947 9.9955E-05 0.625504 9.9955E-05
0.461516 0.0215052 9.9955E-05 9.9955E-05 9.9955E-05 9.9955E-05 9.9955E-05 0.43769 0.0787887
0.566514 0.130783 9.9982E-05 0.0543611 9.9982E-05 0.0181573 0.049712 0.0895439 0.0907284
0.206064 9.9964E-05 0.0696217 9.9964E-05 9.9964E-05 0.10088 0.19995 9.9964E-05 0.423084
0.366014 0.0877099 0.0657154 0.0936931 0.0248761 0.057475 9.9991E-05 0.0218229 0.282593
0.458516 0.10354 0.0509098 0.0330675 0.0661212 0.0568903 9.9991E-05 0.00247688 0.228379
0.593313 0.110752 0.0218627 0.0767561 0.0243711 0.0508928 0.0163194 9.9991E-05 0.105633
0.486672 0.0366195 0.0244196 9.9982E-05 9.9982E-05 0.0227666 0.00804326 0.0286615 0.392617
0.564102 0.0120304 0.0312031 9.9982E-05 0.00997552 0.091047 0.0171267 9.9982E-05 0.274315
0.418561 9.9955E-05 9.9955E-05 9.9955E-05 9.9955E-05 0.203699 0.0100558 9.9955E-05 0.367184
0.538633 0.0616193 0.052142 0.0164911 9.9982E-05 0.187853 0.0398195 0.103242 9.9982E-05
0.572935 0.000876488 0.0500359 0.0410361 0.0673643 0.114557 0.0177534 0.111019 0.024423
0.527919 0.00963023 0.0750759 9.9982E-05 0.0096068 9.9982E-05 0.0875671 0.153396 0.136605
0.508005 9.9964E-05 9.9964E-05 9.9964E-05 9.9964E-05 0.119928 0.0258942 0.0402967 0.305476
0.637061 9.9982E-05 0.0019989 0.0684642 0.00607143 0.18115 0.0531398 0.0519155 9.9982E-05
0.535469 0.0785902 0.0439026 9.9991E-05 0.0238321 0.0666978 0.109971 0.0275673 0.11387
0.543231 9.9964E-05 9.9964E-05 9.9964E-05 9.9964E-05 0.0444601 0.0234839 0.101942 0.286483
0.514852 9.9982E-05 0.0468038 0.0223343 0.109527 0.0730713 0.127643 9.9982E-05 0.105569
0.488195 9.9973E-05 9.9973E-05 0.0286043 0.0526898 0.110282 0.0764458 9.9973E-05 0.243484
0.373908 0.0510817 0.0534547 0.0552826 0.00863906 9.9982E-05 0.0944624 9.9982E-05 0.362972
0.653869 9.9955E-05 9.9955E-05 9.9955E-05 0.0127584 0.026849 9.9955E-05 9.9955E-05 0.306024
0.658139 9.9964E-05 0.0590859 9.9964E-05 9.9964E-05 0.14367 0.137817 9.9964E-05 0.000887643
0.177415 9.9991E-05 0.0412846 0.0169459 0.0465931 0.165298 0.0714453 0.0826468 0.398271
0.0994581 9.9973E-05 0.159802 0.100235 9.9973E-05 0.00603778 0.224965 9.9973E-05 0.409201
0.476847 0.0263439 0.106805 0.111356 9.9991E-05 0.0988003 0.00502009 0.0744901 0.100238
0.0351204 9.9982E-05 0.0745946 9.9982E-05 0.0497482 0.148498 0.327498 0.141604 0.222737
0.165985 0.0348693 9.9982E-05 0.0154788 9.9982E-05 0.110627 0.0493787 0.0817695 0.541692
0.404506 0.0162905 9.9964E-05 9.9964E-05 9.9964E-05 0.100865 9.9964E-05 0.103834 0.374104
0.289498 0.0026163 9.9973E-05 9.9973E-05 9.9973E-05 0.139645 0.0358292 0.108002 0.424109
0.211871 9.9964E-05 9.9964E-05 0.100484 9.9964E-05 0.11774 0.0565199 9.9964E-05 0.512985
0.593997 0.0326427 0.0497182 0.112777 0.00575594 0.0365521 0.00738331 0.0242666 0.136908
0.530966 0.0786723 0.0694563 9.9982E-05 0.0281622 0.0705981 9.9982E-05 0.0814741 0.140471
0.463788 0.12519 9.9982E-05 9.9982E-05 0.00493286 0.0721089 0.0542593 0.140411 0.13911
0.173803 9.9991E-05 0.136263 0.0253665 0.00559077 0.110504 0.186369 0.0636302 0.298374
0.50336 0.135834 9.9973E-05 0.260301 9.9973E-05 0.0197135 0.00872182 0.0717695 9.9973E-05
0.377519 0.013804 0.114723 0.102943 0.0286183 9.9991E-05 0.0748175 0.188374 0.0991008
9.9982E-05 0.0376637 0.238404 0.306801 9.9982E-05 0.0607404 0.158548 0.043495 0.154148
0.603547 0.0856997 0.0365261 0.109383 0.0284353 9.9982E-05 0.107616 0.0285925 9.9982E-05
0.351861 9.9973E-05 0.28203 9.9973E-05 0.00716766 0.0466133 0.131776 0.180252 9.9973E-05
0.528539 0.0316475 0.207845 9.9982E-05 9.9982E-05 0.0569509 0.119614 0.0109312 0.0442721
0.203156 9.9964E-05 0.303998 0.239807 9.9964E-05 0.0932629 9.9964E-05 0.159376 9.9964E-05
0.119651 9.9982E-05 0.129537 0.301948 9.9982E-05 0.0686112 0.147846 0.0740552 0.158151
0.403561 0.0271811 0.0795444 0.108224 9.9991E-05 0.0626142 0.136197 0.118291 0.0642873
0.394449 0.0266021 0.0319104 0.0891143 0.0626341 0.0452646 0.122398 0.0725047 0.155122
0.381358 0.127164 0.0279092 0.193815 0.00268984 0.120704 9.9991E-05 0.111269 0.0349911
9.9973E-05 9.9973E-05 0.27369 0.11788 0.0928681 9.9973E-05 0.0895677 0.244819 0.180876
0.463723 0.13061 9.9991E-05 0.034242 0.0624634 0.0691446 0.0947642 0.0676023 0.0773504
0.323283 9.9973E-05 0.0888182 0.298616 9.9973E-05 9.9973E-05 0.0430997 0.100969 0.144915
0.385421 9.9973E-05 0.0792644 0.167865 9.9973E-05 9.9973E-05 0.0949215 0.127375 0.144853
0.555303 0.0334693 0.0639375 0.0786927 0.0446872 0.0812808 9.9991E-05 0.106305 0.0362251
0.0802906 0.240435 0.122867 0.202648 0.256272 9.9982E-05 0.00976318 9.9982E-05 0.0875244
9.9955E-05 0.387026 0.367922 0.140609 0.103943 9.9955E-05 9.9955E-05 9.9955E-05 9.9955E-05
9.9964E-05 0.28233 0.413571 0.156429 0.112764 9.9964E-05 0.034506 9.9964E-05 9.9964E-05
0.114171 0.274134 0.276261 0.0729212 0.224687 9.9973E-05 9.9973E-05 9.9973E-05 0.0375257
0.572899 9.9964E-05 0.0222423 0.277854 0.0160802 9.9964E-05 9.9964E-05 0.110525 9.9964E-05
0.626169 0.0474541 9.9982E-05 0.123985 0.0254231 0.100231 0.0714325 0.00510543 9.9982E-05
0.208701 9.9946E-05 9.9946E-05 9.9946E-05 0.646281 9.9946E-05 9.9946E-05 9.9946E-05 0.144418
0.273124 0.0396532 0.00906042 9.9982E-05 0.408262 0.0867857 9.9982E-05 0.0575328 0.125382
0.299128 0.0925849 0.0064624 0.0424211 0.374014 0.00962744 0.102936 9.9991E-05 0.0727262
0.258798 9.9973E-05 9.9973E-05 0.397153 0.0168829 9.9973E-05 0.27504 0.0290699 0.0227563
0.50066 0.0062434 0.0528901 0.14394 9.9982E-05 0.0405029 0.157635 0.0979284 9.9982E-05
0.0786277 9.9973E-05 0.0761731 0.502016 9.9973E-05 9.9973E-05 0.207276 0.0251516 0.110456
0.555195 9.9973E-05 0.061911 0.289195 0.0235908 9.9973E-05 9.9973E-05 0.0318318 0.0379765
0.410288 9.9973E-05 0.0701776 0.326248 9.9973E-05 9.9973E-05 0.147372 0.0370975 0.008518
0.528578 9.9991E-05 0.0522027 0.224756 0.0138779 0.0184019 0.0708039 0.060233 0.0310464
0.122349 9.9973E-05 0.0890185 0.421314 9.9973E-05 9.9973E-05 0.163096 0.0579877 0.145935
0.548402 0.0241645 0.0755194 0.0348067 0.0624447 0.071758 0.00354889 0.117917 0.0614389
0.510048 0.0342107 0.0330514 0.203383 0.0676105 0.0449343 0.0932362 0.0134263 9.9991E-05
9.9937E-05 9.9937E-05 9.9937E-05 9.9937E-05 0.971005 9.9937E-05 0.0282955 9.9937E-05 9.9937E-05
0.0975863 9.9955E-05 9.9955E-05 9.9955E-05 0.857981 0.014972 9.9955E-05 0.0289606 9.9955E-05
0.211065 0.0421974 9.9982E-05 0.0173002 0.579754 0.00624209 9.9982E-05 0.0561374 0.0871046
0.309948 0.00302232 9.9964E-05 9.9964E-05 0.633982 0.0158865 0.0367615 9.9964E-05 9.9964E-05
0.11692 9.9955E-05 9.9955E-05 9.9955E-05 0.808076 0.00102335 9.9955E-05 0.0734818 9.9955E-05
9.9937E-05 9.9937E-05 0.0377464 9.9937E-05 0.961554 9.9937E-05 9.9937E-05 9.9937E-05 9.9937E-05
9.9955E-05 9.9955E-05 0.020473 9.9955E-05 0.925661 0.0203216 0.0330442 9.9955E-05 9.9955E-05
0.144236 9.9937E-05 9.9937E-05 9.9937E-05 0.855064 9.9937E-05 9.9937E-05 9.9937E-05 9.9937E-05
9.9946E-05 9.9946E-05 9.9946E-05 9.9946E-05 0.936823 0.0444445 9.9946E-05 0.0181325 9.9946E-05
9.993E-05 9.993E-05 9.993E-05 9.993E-05 0.999201 9.993E-05 9.993E-05 9.993E-05 9.993E-05
9.993E-05 9.993E-05 9.993E-05 9.993E-05 0.999201 9.993E-05 9.993E-05 9.993E-05 9.993E-05
0.15653 0.0312041 9.9964E-05 9.9964E-05 0.76575 0.0226862 9.9964E-05 9.9964E-05 0.0234296
0.0527561 0.0310443 9.9973E-05 9.9973E-05 0.823938 0.0490449 9.9973E-05 0.0391378 0.00377947
9.9946E-05 9.9946E-05 9.9946E-05 9.9946E-05 0.961625 0.0087474 9.9946E-05 0.0290276 9.9946E-05
0.308248 0.0454064 0.0313705 0.0471752 0.359767 9.9991E-05 0.0534013 0.15122 0.00331107
0.216259 0.0608093 0.00800076 0.014962 0.585529 0.0248834 9.9991E-05 0.0771696 0.0122869
0.111091 0.0516809 0.0541221 0.0482518 0.727856 0.00669806 9.9973E-05 9.9973E-05 9.9973E-05
0.111111 9.9955E-05 0.00250312 9.9955E-05 0.825861 9.9955E-05 9.9955E-05 9.9955E-05 0.0600244
0.0252793 9.9946E-05 0.0372717 9.9946E-05 0.936849 9.9946E-05 9.9946E-05 9.9946E-05 9.9946E-05
0.0493704 9.9964E-05 0.035342 9.9964E-05 0.881422 0.0238406 9.9964E-05 0.00962523 9.9964E-05
9.993E-05 9.993E-05 9.993E-05 9.993E-05 0.999201 9.993E-05 9.993E-05 9.993E-05 9.993E-05
0.305657 9.9955E-05 9.9955E-05 9.9955E-05 0.576568 0.0843412 9.9955E-05 0.0329337 9.9955E-05
9.9973E-05 9.9973E-05 0.00141086 0.0250606 0.916129 9.9973E-05 0.0138317 0.0220242 0.0212438
9.9964E-05 0.21289 0.260748 0.508505 0.0162853 9.9964E-05 0.00117213 9.9964E-05 9.9964E-05
0.415677 0.108902 0.15028 0.0790652 0.0696135 0.0927208 0.0345582 0.0168123 0.0323715
0.303234 0.1422 0.138427 0.246002 0.0580642 0.0266986 9.9982E-05 0.0851755 9.9982E-05
0.0841995 0.158256 0.268222 0.296815 0.103821 0.0349448 9.9982E-05 0.0535419 9.9982E-05
0.39541 0.097365 0.115392 0.16753 0.10103 9.9991E-05 0.0555622 0.00275077 0.0648602
0.143345 0.148323 0.263543 0.239864 0.0844079 9.9982E-05 0.00320365 0.117113 9.9982E-05
0.315143 0.293069 9.9982E-05 0.0984145 0.0478513 9.9982E-05 0.12801 0.0552147 0.0620974
0.235167 0.0756918 0.0933747 0.363511 0.20255 9.9973E-05 9.9973E-05 0.0294052 9.9973E-05
0.426176 0.0323943 0.148745 0.118323 0.134053 0.0256547 0.0598071 9.9991E-05 0.0547464
0.325808 0.108124 0.191245 0.203085 0.143661 9.9973E-05 0.0277765 9.9973E-05 9.9973E-05
0.426484 0.108943 0.032187 0.221013 0.0937778 9.9982E-05 9.9982E-05 0.0981063 0.0192879
0.0611371 0.778805 0.0284372 9.9973E-05 0.00214782 0.114112 0.0150614 9.9973E-05 9.9973E-05
0.00564358 0.838795 0.0872235 9.9955E-05 0.0678377 9.9955E-05 9.9955E-05 9.9955E-05 9.9955E-05
9.9946E-05 0.888239 0.0716029 9.9946E-05 9.9946E-05 0.0395586 9.9946E-05 9.9946E-05 9.9946E-05
0.00500327 0.866091 0.0595908 9.9955E-05 9.9955E-05 0.0688146 9.9955E-05 9.9955E-05 9.9955E-05
9.9955E-05 0.832654 0.0562902 9.9955E-05 0.0302556 9.9955E-05 9.9955E-05 9.9955E-05 0.0803008
9.9955E-05 0.80431 0.107426 9.9955E-05 0.0749733 9.9955E-05 0.0127914 9.9955E-05 9.9955E-05
9.9955E-05 0.872064 9.9955E-05 9.9955E-05 0.0840983 0.00973921 9.9955E-05 0.0335991 9.9955E-05
9.9964E-05 0.829933 0.122205 0.0168479 9.9964E-05 0.0202083 0.0104051 9.9964E-05 9.9964E-05
0.0722388 0.805445 0.0868109 9.9973E-05 0.00311045 9.9973E-05 0.0190848 0.0130098 9.9973E-05
0.0134191 0.78594 0.108954 9.9955E-05 0.0911875 9.9955E-05 9.9955E-05 9.9955E-05 9.9955E-05
9.9964E-05 0.620601 9.9964E-05 9.9964E-05 9.9964E-05 0.0828654 0.0165065 0.0644048 0.215222
9.9964E-05 0.549309 0.0636469 9.9964E-05 9.9964E-05 0.211929 9.9964E-05 0.0497058 0.125009
9.9982E-05 0.485123 0.0712649 0.0268038 9.9982E-05 0.114898 0.0268319 0.00293756 0.271941
9.9964E-05 0.495641 9.9964E-05 0.0398166 9.9964E-05 0.0584902 9.9964E-05 0.0391305 0.366521
0.484072 0.0502824 9.9973E-05 9.9973E-05 9.9973E-05 0.0649664 0.00587992 0.15244 0.24206
0.547558 0.061591 9.9964E-05 9.9964E-05 9.9964E-05 0.0588989 0.0574869 0.274065 9.9964E-05
0.585666 0.0126068 9.9982E-05 0.012067 9.9982E-05 0.150476 0.0656816 0.166394 0.00690829
0.348234 0.0204822 0.0633838 0.0257241 9.9982E-05 0.0591634 9.9982E-05 0.153053 0.32976
0.0985894 9.9982E-05 9.9982E-05 0.0247954 0.00913485 0.268185 0.0244568 0.0626187 0.51202
0.555232 0.0487401 9.9973E-05 0.0430264 0.0404122 9.9973E-05 0.0205678 0.291722 9.9973E-05
0.608211 9.9982E-05 0.036007 9.9982E-05 0.00142974 0.0202148 0.00843587 0.244293 0.0812083
0.501737 9.9973E-05 0.0470014 9.9973E-05 9.9973E-05 0.0487838 0.0161469 0.332955 0.0530763
0.399294 9.9955E-05 9.9955E-05 0.0300832 9.9955E-05 9.9955E-05 0.0649045 0.505218 9.9955E-05
0.539856 0.0426941 0.0377228 9.9973E-05 9.9973E-05 0.0908971 9.9973E-05 0.219685 0.0688446
0.329993 0.0254365 9.9973E-05 9.9973E-05 0.0351687 0.120908 9.9973E-05 0.371138 0.117055
9.9964E-05 9.9964E-05 9.9964E-05 9.9964E-05 0.0111006 0.0817578 0.217449 0.670168 0.0191239
0.561791 0.0579841 0.074409 9.9982E-05 9.9982E-05 0.0964825 0.0864856 0.059169 0.063479
0.207432 9.9955E-05 0.199728 9.9955E-05 9.9955E-05 9.9955E-05 0.0354693 0.556871 9.9955E-05
0.494198 0.0323714 0.00281822 9.9982E-05 9.9982E-05 0.011884 0.0873204 0.371056 0.000152217
0.0525231 0.0033226 0.0428469 9.9982E-05 9.9982E-05 0.0845023 0.00955374 0.645867 0.161184
9.9946E-05 9.9946E-05 0.112629 0.0350924 9.9946E-05 0.851679 9.9946E-05 9.9946E-05 9.9946E-05
0.0591874 0.0351593 9.9955E-05 0.100765 9.9955E-05 0.804389 9.9955E-05 9.9955E-05 9.9955E-05
9.9946E-05 9.9946E-05 9.9946E-05 0.0198351 9.9946E-05 0.950679 0.028886 9.9946E-05 9.9946E-05
9.9964E-05 0.0338048 9.9964E-05 0.0650806 9.9964E-05 0.869172 0.0156856 0.0158576 9.9964E-05
9.9973E-05 9.9973E-05 0.00659089 0.0237702 0.0565132 0.854464 0.0272804 9.9973E-05 0.0310813
0.0808965 9.9955E-05 0.0394555 9.9955E-05 0.0306339 0.848514 9.9955E-05 9.9955E-05 9.9955E-05
0.091663 0.808058 0.0639598 9.9955E-05 9.9955E-05 9.9955E-05 9.9955E-05 0.0358199 9.9955E-05
0.0790363 0.764414 0.0508598 9.9964E-05 9.9964E-05 0.0352963 9.9964E-05 9.9964E-05 0.0699939
0.142278 0.696149 0.0706987 9.9964E-05 0.0851549 9.9964E-05 9.9964E-05 9.9964E-05 0.0053202
0.0028119 0.745406 0.0140403 9.9973E-05 0.114749 0.0147373 9.9973E-05 9.9973E-05 0.107956
0.0783499 0.767314 0.0513885 0.0251941 0.0528581 9.9973E-05 9.9973E-05 9.9973E-05 0.0245951
9.9973E-05 0.3345 0.0287456 0.0897181 9.9973E-05 0.483154 9.9973E-05 0.00717848 0.0564029
9.9973E-05 0.40287 0.057416 0.0254131 9.9973E-05 0.402006 0.040414 0.071581 9.9973E-05
9.9964E-05 0.447893 9.9964E-05 9.9964E-05 9.9964E-05 0.392762 0.0727255 0.0778135 0.00840566
0.0471772 0.788989 9.9955E-05 9.9955E-05 0.0660678 9.9955E-05 9.9955E-05 9.9955E-05 0.0972659
9.9973E-05 0.323805 0.0419393 9.9973E-05 9.9973E-05 0.432938 0.013351 0.100551 0.0871166
0.337724 0.122047 0.252094 9.9973E-05 0.256914 0.0142228 0.0166979 9.9973E-05 9.9973E-05
0.591664 0.109864 0.0224007 9.9982E-05 0.121628 0.0158831 9.9982E-05 0.0204625 0.117897
0.602336 0.208182 0.0209791 9.9955E-05 0.168003 9.9955E-05 9.9955E-05 9.9955E-05 9.9955E-05
0.340112 0.25388 0.0259357 0.0620169 0.197098 0.044887 0.0722527 0.00371702 9.9991E-05
0.54728 0.186485 9.9973E-05 0.0541848 0.0444157 0.110765 0.0565706 9.9973E-05 9.9973E-05
9.9955E-05 0.346874 0.300075 0.109232 0.243319 9.9955E-05 9.9955E-05 9.9955E-05 9.9955E-05
0.449643 9.9973E-05 0.0550117 0.0632923 9.9973E-05 0.13506 9.9973E-05 0.0530519 0.243641
0.330493 9.9973E-05 0.202209 9.9973E-05 9.9973E-05 0.0331667 0.0892027 0.0928354 0.251793
0.170573 0.123804 9.9973E-05 0.0305412 9.9973E-05 0.0521003 0.027426 9.9973E-05 0.595256
0.414862 9.9973E-05 0.038352 9.9973E-05 9.9973E-05 0.154128 0.185779 0.0369568 0.169621
9.9964E-05 9.9964E-05 0.178744 9.9964E-05 9.9964E-05 0.0291976 0.445853 0.16977 0.176036
0.569288 0.078769 0.0871548 9.9973E-05 9.9973E-05 0.019696 0.127619 9.9973E-05 0.117173
0.391126 0.0685686 9.9973E-05 9.9973E-05 9.9973E-05 0.0441125 0.246735 0.0271265 0.222031
0.272587 0.0376105 0.0074757 9.9973E-05 9.9973E-05 0.113558 0.0565629 9.9973E-05 0.511905
0.431596 0.058647 0.0157026 0.0810356 0.008142 0.0249408 0.0613728 0.145362 0.173201
9.9964E-05 9.9964E-05 0.177319 0.0618852 9.9964E-05 9.9964E-05 0.103676 0.169507 0.487213
0.409662 9.9973E-05 9.9973E-05 0.118021 9.9973E-05 0.00494718 0.169896 0.0340067 0.263167
0.496551 9.9973E-05 0.0103014 9.9973E-05 9.9973E-05 0.160907 0.0186546 0.0850823 0.228203
0.388207 0.0766069 0.0908828 0.0616203 0.168892 0.0253298 0.0134863 0.172621 0.00235428
0.283613 9.9973E-05 9.9973E-05 0.0415631 9.9973E-05 0.0449906 0.218045 0.072278 0.33921
0.422341 9.9973E-05 0.0798712 9.9973E-05 9.9973E-05 0.160091 0.0836878 0.0628201 0.190889
0.379363 9.9982E-05 0.0446816 0.150832 0.0750011 9.9982E-05 0.176888 0.0393105 0.133723
0.525698 9.9973E-05 0.0730643 9.9973E-05 9.9973E-05 0.0764976 0.0563217 0.112071 0.156047
0.645625 0.0708291 9.9982E-05 0.0531883 0.00350762 0.118773 9.9982E-05 0.0212181 0.0866588
0.435307 0.088917 0.0147344 0.00900891 0.0945639 0.164282 9.9991E-05 0.120757 0.0723304
0.514752 9.9964E-05 0.17037 9.9964E-05 9.9964E-05 0.129669 9.9964E-05 0.0626567 0.122153
0.21082 0.77891 9.9955E-05 0.00199619 0.00777341 9.9955E-05 9.9955E-05 9.9955E-05 9.9955E-05
0.0916331 0.817382 9.9973E-05 0.0156863 0.0134834 9.9973E-05 0.0504799 0.0110354 9.9973E-05
0.0674946 0.744307 0.052114 0.0518614 9.9973E-05 0.0299931 9.9973E-05 9.9973E-05 0.0539296
0.0208921 0.796584 9.9973E-05 9.9973E-05 0.0394597 0.0209537 0.0984816 0.023329 9.9973E-05
0.108136 0.83356 9.9973E-05 0.0334999 9.9973E-05 0.0146243 0.00532495 9.9973E-05 0.00455522
0.101908 9.9955E-05 0.0836892 9.9955E-05 9.9955E-05 0.12249 9.9955E-05 9.9955E-05 0.691413
0.446066 9.9982E-05 0.0823366 9.9982E-05 0.0613217 0.0661916 0.0670421 0.0510329 0.225809
0.495607 0.121526 0.22598 9.9982E-05 0.0370739 0.0310466 9.9982E-05 0.0511687 0.0373969
0.64644 9.9964E-05 0.0762684 9.9964E-05 9.9964E-05 0.0234052 9.9964E-05 0.0554896 0.197997
0.504902 0.0717635 9.9964E-05 9.9964E-05 9.9964E-05 0.110391 9.9964E-05 0.0669407 0.245603
0.25147 9.9964E-05 0.167627 9.9964E-05 9.9964E-05 0.135677 0.16303 9.9964E-05 0.281797
9.9955E-05 0.0736507 0.167114 9.9955E-05 9.9955E-05 0.227674 9.9955E-05 9.9955E-05 0.531061
0.520579 9.9964E-05 9.9964E-05 0.0108506 9.9964E-05 0.208103 9.9964E-05 0.0453279 0.21474
0.111076 0.0683135 9.9982E-05 0.0138873 0.0531406 0.206969 0.190919 9.9982E-05 0.355495
0.402933 9.9982E-05 0.129566 9.9982E-05 0.0207212 0.142975 0.113986 0.0924584 0.0971607
0.0311204 0.167131 9.9973E-05 9.9973E-05 9.9973E-05 0.160736 0.119702 0.00314113 0.517869
0.553915 0.032124 0.0437009 0.0129428 0.0409488 0.102948 9.9991E-05 0.128119 0.085202
0.13808 0.108482 9.9982E-05 0.00867876 9.9982E-05 0.0590608 0.057033 0.0608493 0.567617
0.311883 0.028293 0.0813081 9.9991E-05 0.038564 0.0476575 0.11786 0.0225078 0.351826
0.410357 0.0324081 0.0157925 0.248244 0.0344712 9.9991E-05 0.0755349 0.0581897 0.124903
0.154723 9.9973E-05 0.0337563 0.5521 9.9973E-05 0.107513 0.135071 9.9973E-05 0.0165374
0.417279 0.0900076 9.9973E-05 0.245519 0.0356099 9.9973E-05 9.9973E-05 0.110484 0.100801
0.538605 0.0552798 0.0529582 0.209503 9.9982E-05 9.9982E-05 0.0182861 0.061777 0.0633913
0.291095 9.9982E-05 0.0354898 0.477232 9.9982E-05 0.0797647 0.0738794 0.00820512 0.0341338
0.389544 0.0705282 9.9991E-05 0.22652 0.0516258 0.070106 0.0846516 0.0954389 0.0114857
0.507111 0.0474886 0.0276989 0.251796 9.9982E-05 0.00637324 0.127936 0.0313963 9.9982E-05
9.9973E-05 9.9973E-05 0.0453434 0.614342 9.9973E-05 0.0194415 0.118069 0.130025 0.0724794
0.150483 9.9964E-05 0.131308 0.587531 9.9964E-05 9.9964E-05 0.0648059 0.0654719 9.9964E-05
0.44638 9.9955E-05 9.9955E-05 0.323283 9.9955E-05 0.050664 0.179174 9.9955E-05 9.9955E-05
0.0458148 9.9982E-05 0.0800967 0.509533 9.9982E-05 0.0107698 0.101347 0.155242 0.0969966
0.379613 9.9964E-05 9.9964E-05 0.352407 9.9964E-05 0.0179862 9.9964E-05 0.0398099 0.209783
9.9964E-05 9.9964E-05 0.074124 9.9964E-05 0.051608 0.177706 9.9964E-05 0.120646 0.575516
0.207949 9.9973E-05 0.0613405 9.9973E-05 9.9973E-05 0.171381 0.23956 0.0504681 0.269002
0.236245 9.9973E-05 9.9973E-05 9.9973E-05 0.0731783 0.111886 0.117435 0.118391 0.342566
0.582615 9.9973E-05 0.0964676 0.00356459 0.0156194 0.00360986 9.9973E-05 9.9973E-05 0.297823
0.168636 9.9973E-05 9.9973E-05 0.0135422 0.016222 0.124625 9.9973E-05 0.162795 0.513879
0.497214 0.00204196 0.0712976 9.9982E-05 0.0435628 0.145456 0.139497 9.9982E-05 0.100732
0.467208 9.9982E-05 0.0647851 0.0901266 0.0559219 0.137719 9.9982E-05 0.107883 0.0761557
0.500599 0.00130509 0.0793228 0.0337344 0.00814052 0.121789 9.9991E-05 0.0700964 0.184913
0.427573 9.9973E-05 9.9973E-05 9.9973E-05 0.0446282 0.132907 0.0437747 0.0895139 0.261304
0.329019 9.9964E-05 9.9964E-05 9.9964E-05 0.100369 0.181562 9.9964E-05 0.156685 0.231965
0.10187 9.9973E-05 9.9973E-05 9.9973E-05 0.12023 0.164872 0.0156635 0.119645 0.47742
0.31426 9.9973E-05 9.9973E-05 0.0154683 0.0466318 0.193977 0.110802 9.9973E-05 0.318562
0.603454 9.9964E-05 9.9964E-05 9.9964E-05 9.9964E-05 0.0726883 0.122866 0.000524311 0.200067
0.508109 0.0990126 0.138329 9.9973E-05 0.00743966 9.9973E-05 0.0440396 9.9973E-05 0.20277
0.394467 9.9973E-05 0.139854 9.9973E-05 9.9973E-05 0.0621677 0.154821 0.00961193 0.238778
0.536217 9.9973E-05 0.0997108 9.9973E-05 0.0129504 0.114632 0.141199 9.9973E-05 0.0949915
0.347597 0.034518 0.0817858 0.0706464 0.0481573 0.181619 9.9991E-05 0.000584056 0.234993
0.573507 9.9964E-05 9.9964E-05 9.9964E-05 9.9964E-05 0.0603984 0.0308663 0.13899 0.195838
0.403191 0.0405397 9.9982E-05 9.9982E-05 0.144612 0.105403 0.0211538 0.100866 0.184034
0.379413 0.0318041 0.0789109 0.100645 0.115982 0.0638329 0.0390927 9.9991E-05 0.190219
0.364241 0.274769 0.118932 0.0928554 0.0968367 9.9982E-05 9.9982E-05 0.000870904 0.0512948
0.485968 0.0367591 0.202134 0.0131016 0.143299 9.9973E-05 9.9973E-05 9.9973E-05 0.118439
0.422961 0.0201869 0.153971 0.0513692 0.151754 0.0651255 0.0141957 0.00810597 0.112331
0.606999 0.0574915 0.119627 9.9982E-05 0.067538 9.9982E-05 0.0319019 0.0121784 0.104064
0.368579 0.195174 0.0266883 9.9982E-05 0.214565 9.9982E-05 0.0418981 0.0564478 0.096448
0.475754 9.9973E-05 9.9973E-05 0.12424 9.9973E-05 0.0326278 0.101834 0.00687164 0.258373
0.488054 0.192707 0.00593099 0.00075195 0.115742 0.0413765 0.0767172 0.0348748 0.0438451
0.0771873 0.125572 0.400509 0.0630875 9.9973E-05 9.9973E-05 9.9973E-05 0.176525 0.15682
0.538104 9.9982E-05 0.0194907 0.0549999 0.160836 0.0399567 0.0160393 9.9982E-05 0.170373
0.558268 0.104766 0.103335 9.9982E-05 0.0871421 0.0580149 0.0554155 9.9982E-05 0.0328586
0.516155 0.055317 0.0882158 9.9973E-05 0.169528 9.9973E-05 0.0953801 9.9973E-05 0.075104
0.306213 0.0965853 0.192049 9.9973E-05 0.0981189 9.9973E-05 9.9973E-05 0.089707 0.217026
0.566908 0.123469 0.181448 9.9964E-05 9.9964E-05 9.9964E-05 9.9964E-05 0.0373553 0.0904202
0.58375 0.131321 0.0415964 0.0670912 0.126436 9.9973E-05 0.0495062 9.9973E-05 9.9973E-05
9.9955E-05 0.34138 0.466405 9.9955E-05 0.128745 9.9955E-05 9.9955E-05 0.0629701 9.9955E-05
0.552371 0.139344 0.0633622 9.9973E-05 0.14632 9.9973E-05 9.9973E-05 0.0686748 0.0296281
0.560392 0.125058 0.154071 9.9964E-05 0.107877 9.9964E-05 9.9964E-05 0.0522015 9.9964E-05
0.50113 0.0570061 0.0799303 0.0383272 0.103005 9.9991E-05 0.00629969 0.147161 0.0670406
0.541032 0.200145 0.0732262 9.9982E-05 0.0942533 0.0136976 0.0750088 9.9982E-05 0.00243685
0.499272 0.069205 0.181887 9.9982E-05 0.0782185 0.0638598 9.9982E-05 0.0114652 0.0958924
0.354601 0.0132643 9.9982E-05 0.00297029 0.127615 0.056534 0.443295 0.00152079 9.9982E-05
0.454931 0.113275 0.00479646 0.0154619 9.9973E-05 0.107599 0.303637 9.9973E-05 9.9973E-05
9.9955E-05 9.9955E-05 9.9955E-05 0.0120416 9.9955E-05 9.9955E-05 0.766611 0.094005 0.126843
9.99549E-05 0.0371241 9.99549E-05 9.99549E-05 9.99549E-05 9.99549E-05 0.903763 0.0320109 0.0266018
0.427617 0.0258503 0.0782571 0.0427573 0.0922639 9.9991E-05 0.226526 0.00255208 0.104075
0.485725 0.0559385 0.224794 0.0334045 0.179038 0.00108298 0.0198175 9.9982E-05 9.9982E-05
0.278492 0.0579424 0.147642 9.9964E-05 0.319209 9.9964E-05 0.196315 9.9964E-05 9.9964E-05
0.225295 0.0623121 0.239168 0.00313981 0.278863 9.9991E-05 0.151736 0.0209006 0.0184853
0.366405 0.165417 0.0829118 9.9973E-05 0.183016 9.9973E-05 0.181829 9.9973E-05 0.0201212
0.107916 0.00150527 0.221486 0.0209366 0.0608903 9.9973E-05 0.586966 9.9973E-05 9.9973E-05
0.186488 9.9955E-05 0.223951 9.9955E-05 0.064323 9.9955E-05 0.524737 9.9955E-05 9.9955E-05
0.542626 9.9964E-05 0.058676 9.9964E-05 0.053296 9.9964E-05 0.331932 0.0130707 9.9964E-05
0.482918 0.0319211 9.9955E-05 9.9955E-05 0.0565057 9.9955E-05 0.428156 9.9955E-05 9.9955E-05
0.211382 0.0394719 0.116153 9.9964E-05 0.0462381 9.9964E-05 0.586356 9.9964E-05 9.9964E-05
0.451235 0.0312929 0.0657592 9.9973E-05 0.0944549 0.0632467 0.293711 9.9973E-05 9.9973E-05
0.521724 9.9964E-05 0.0459523 9.9964E-05 0.0460054 0.0301947 0.355724 9.9964E-05 9.9964E-05
0.445336 0.0511808 9.9982E-05 0.0350229 0.103714 0.018793 0.327717 0.0180355 9.9982E-05
0.30213 0.00425037 9.9973E-05 9.9973E-05 9.9973E-05 0.0530321 0.566188 0.035262 0.0388379
0.239294 9.9964E-05 9.9964E-05 9.9964E-05 0.0579876 9.9964E-05 0.526275 0.0368317 0.139211
0.552596 9.9964E-05 0.101112 9.9964E-05 9.9964E-05 0.135983 0.184716 0.0251939 9.9964E-05
0.238247 0.0813151 9.9991E-05 0.0962025 0.0909291 0.0851537 0.357017 0.0187646 0.032271
0.537284 0.0399421 0.07208 0.0176231 0.0502815 9.9991E-05 0.14274 0.101421 0.0385278
0.379318 9.9955E-05 9.9955E-05 0.111377 9.9955E-05 9.9955E-05 0.425204 9.9955E-05 0.0836011
0.189489 9.9955E-05 9.9955E-05 0.0159286 9.9955E-05 0.0601028 0.73398 9.9955E-05 9.9955E-05
0.454833 0.0709286 9.9964E-05 9.9964E-05 0.0437347 9.9964E-05 0.326948 0.103155 9.9964E-05
0.184832 9.9964E-05 9.9964E-05 9.9964E-05 9.9964E-05 0.0238104 0.713232 0.00364726 0.0740779
0.378398 0.0484894 9.9973E-05 0.0289552 0.00094739 9.9973E-05 0.497733 0.0451769 9.9973E-05
0.483143 0.00756712 0.0121324 0.0788043 0.0723613 0.0528843 0.248522 0.0444863 9.9991E-05
0.4569 0.00856233 9.9982E-05 0.0334749 0.0270809 0.0327505 0.391069 0.0499622 9.9982E-05
0.415717 0.141656 0.0588148 0.0204429 0.148165 9.9991E-05 0.113488 0.0448868 0.0567297
0.437084 0.0328827 0.117867 0.00946755 0.0817702 0.139863 0.0908832 9.9991E-05 0.0900824
0.265797 0.0917719 0.0718056 0.128624 0.267872 0.0456034 0.0962081 0.0201917 0.0121254
0.279584 0.180319 0.0372497 0.106348 0.218361 0.0145503 9.9982E-05 9.9982E-05 0.163388
0.468451 0.146023 0.0738754 9.9973E-05 0.187916 0.105183 0.0182516 9.9973E-05 9.9973E-05
0.42233 0.15838 9.9964E-05 9.9964E-05 0.17163 0.122374 0.124886 9.9964E-05 9.9964E-05
9.9964E-05 0.221517 0.0304839 0.00963155 0.126996 9.9964E-05 0.610972 9.9964E-05 9.9964E-05
0.55219 0.0504428 9.9973E-05 0.0163954 0.196136 0.0582813 0.126255 9.9973E-05 9.9973E-05
9.9955E-05 0.338576 0.181108 9.9955E-05 0.0631693 9.9955E-05 0.416647 9.9955E-05 9.9955E-05
0.456275 0.0334218 9.9955E-05 9.9955E-05 0.160525 9.9955E-05 0.349279 9.9955E-05 9.9955E-05
0.0439251 9.9955E-05 9.9955E-05 0.0232084 9.9955E-05 9.9955E-05 0.807115 0.125252 9.9955E-05
9.9955E-05 0.0188067 9.9955E-05 9.9955E-05 9.9955E-05 9.9955E-05 0.89348 0.058235 0.0289781
0.444245 9.9964E-05 9.9964E-05 0.0578411 9.9964E-05 9.9964E-05 0.403008 0.0430601 0.0514461
0.553264 0.0491083 9.9964E-05 9.9964E-05 9.9964E-05 9.9964E-05 0.376867 0.0022954 0.0180653
0.298631 9.9955E-05 9.9955E-05 0.0408683 9.9955E-05 9.9955E-05 0.619783 9.9955E-05 0.0402178
0.459764 0.0607324 9.9955E-05 9.9955E-05 9.9955E-05 9.9955E-05 0.430441 0.048563 9.9955E-05
0.441927 9.9946E-05 9.9946E-05 9.9946E-05 9.9946E-05 9.9946E-05 0.539776 0.0176973 9.9946E-05
0.12529 0.77565 0.0543548 9.9955E-05 9.9955E-05 9.9955E-05 0.0442048 9.9955E-05 9.9955E-05
9.9964E-05 0.668402 9.9964E-05 0.0807252 0.118643 0.0841544 0.0476758 9.9964E-05 9.9964E-05
9.9955E-05 0.883575 9.9955E-05 9.9955E-05 0.0697463 0.0212584 9.9955E-05 9.9955E-05 0.0249209
0.0767584 0.922542 9.9937E-05 9.9937E-05 9.9937E-05 9.9937E-05 9.9937E-05 9.9937E-05 9.9937E-05
0.416387 9.9973E-05 0.0441789 9.9973E-05 0.0256646 0.0462428 9.9973E-05 0.373059 0.0941677
0.370428 0.0748395 0.045755 9.9973E-05 0.0521292 9.9973E-05 9.9973E-05 0.370804 0.0857443
0.409141 0.0415105 9.9955E-05 9.9955E-05 9.9955E-05 9.9955E-05 9.9955E-05 0.427528 0.12132
0.601895 0.107301 9.9955E-05 0.145689 9.9955E-05 9.9955E-05 9.9955E-05 0.144615 9.9955E-05
0.410553 0.0410257 9.9973E-05 0.128489 0.0664207 0.132892 9.9973E-05 0.22032 9.9973E-05
0.168553 0.0514294 9.9991E-05 0.049385 0.0157185 0.0534232 0.0245534 0.605175 0.0316623
0.530914 0.0455583 9.9964E-05 9.9964E-05 9.9964E-05 9.9964E-05 0.0144492 0.383655 0.0250238
0.254879 0.0277016 9.9964E-05 0.177422 9.9964E-05 9.9964E-05 0.0823626 0.457235 9.9964E-05
0.498407 0.195399 0.0925722 0.0403908 0.07577 0.0348661 0.0335458 9.9991E-05 0.0289495
0.453032 9.9991E-05 0.0641963 0.00194204 0.0154217 0.00421593 0.0656508 0.327621 0.0678205
0.288395 0.0197235 0.0112007 9.9973E-05 9.9973E-05 0.116322 9.9973E-05 0.537594 0.0264651
0.504004 9.9964E-05 9.9964E-05 9.9964E-05 9.9964E-05 0.000789456 0.0641375 0.359054 0.0716155
0.394742 9.9973E-05 9.9973E-05 0.00122684 9.9973E-05 0.0762958 0.0424099 0.437901 0.0471248
0.547014 9.9955E-05 0.0026229 9.9955E-05 9.9955E-05 9.9955E-05 0.107236 0.342628 9.9955E-05
0.558989 0.0328836 9.9973E-05 9.9973E-05 0.0178418 0.0112489 9.9973E-05 0.313787 0.0649499
0.06028 9.9955E-05 9.9955E-05 0.0254839 9.9955E-05 9.9955E-05 0.0970835 0.816653 9.9955E-05
0.21466 9.9964E-05 0.0730122 0.063589 0.00745468 9.9964E-05 9.9964E-05 0.640884 9.9964E-05
0.271409 9.9964E-05 0.06369 9.9964E-05 9.9964E-05 0.0263333 0.0103946 0.627773 9.9964E-05
9.9946E-05 9.9946E-05 0.0711386 9.9946E-05 9.9946E-05 9.9946E-05 0.120508 0.807754 9.9946E-05
0.422736 9.9964E-05 9.9964E-05 9.9964E-05 9.9964E-05 0.116299 0.0476439 0.338571 0.0743499
0.0427212 9.9964E-05 0.127694 0.127194 9.9964E-05 9.9964E-05 0.0512016 0.65079 9.9964E-05
9.9946E-05 9.9946E-05 0.199537 9.9946E-05 9.9946E-05 9.9946E-05 0.0568772 0.742986 9.9946E-05
0.517714 0.0282459 9.9964E-05 9.9964E-05 9.9964E-05 0.01599 0.0972491 0.340401 9.9964E-05
0.160671 0.0824882 9.9982E-05 0.0240501 9.9982E-05 0.0173807 0.042232 0.566035 0.106942
0.399189 9.9973E-05 9.9973E-05 0.00965548 0.0249723 0.0336537 9.9973E-05 0.461991 0.0702394
0.45172 0.142964 9.9982E-05 0.113927 0.0243841 9.9982E-05 0.0420892 0.181516 0.0432
0.484478 0.0392277 0.0284191 9.9982E-05 0.0117203 0.0234527 9.9982E-05 0.340801 0.0717007
0.3073 9.9982E-05 0.0832895 0.0113519 9.9982E-05 0.0644228 0.186631 0.0198504 0.326954
0.542437 9.9964E-05 9.9964E-05 9.9964E-05 9.9964E-05 0.019106 0.0265336 0.363781 0.0477423
0.380919 0.0318735 9.9973E-05 9.9973E-05 0.0339848 0.0830081 9.9973E-05 0.342909 0.127006
0.268277 9.9946E-05 0.0631905 9.9946E-05 9.9946E-05 9.9946E-05 9.9946E-05 0.667933 9.9946E-05
0.550283 0.0771309 9.9982E-05 9.9982E-05 0.0114072 0.0134719 0.0861109 0.237046 0.0243495
9.9964E-05 0.607187 0.0119026 0.0530742 9.9964E-05 0.189108 9.9964E-05 9.9964E-05 0.138328
0.0104107 0.724455 0.0597423 9.9991E-05 0.0351432 0.0451525 0.0262998 0.0487234 0.0499736
9.9955E-05 0.79304 0.0255366 9.9955E-05 9.9955E-05 0.121143 9.9955E-05 9.9955E-05 0.0597811
9.9964E-05 0.777751 0.0679016 9.9964E-05 9.9964E-05 0.131339 0.00399822 0.0186107 9.9964E-05
0.0115346 0.718697 9.9964E-05 0.129281 9.9964E-05 0.136408 9.9964E-05 9.9964E-05 0.00367988
0.0470724 0.0696138 9.9964E-05 9.9964E-05 0.0317749 9.9964E-05 9.9964E-05 0.699417 0.151722
