9.9955E-05 9.9955E-05 9.9955E-05 0.00776627 0.295605 0.00737946 0.00665752 0.682092 9.9955E-05 9.9955E-05
0.0538808 9.9946E-05 9.9946E-05 9.9946E-05 0.358118 9.9946E-05 9.9946E-05 0.579395 0.0080073 9.9946E-05
9.9973E-05 0.063867 0.00402125 0.0585615 0.266623 0.0175815 0.0218509 0.567195 9.9973E-05 9.9973E-05
9.9964E-05 0.0369083 0.0803317 0.0422154 0.125957 0.0724759 9.9964E-05 0.641712 9.9964E-05 9.9964E-05
9.9955E-05 0.0879802 0.0165888 9.9955E-05 0.219685 0.00981404 9.9955E-05 0.665432 9.9955E-05 9.9955E-05
9.9973E-05 0.117692 0.102648 9.9973E-05 0.0848435 0.0162793 9.9973E-05 0.544039 0.0434826 0.0907161
9.9955E-05 0.0237532 0.00203115 9.9955E-05 9.9955E-05 9.9955E-05 9.9955E-05 0.847044 0.0799732 0.0466988
0.0499767 0.0602689 0.122979 9.9955E-05 9.9955E-05 9.9955E-05 9.9955E-05 0.744365 9.9955E-05 0.0219105
0.081727 9.99639E-05 0.0521145 9.99639E-05 0.251497 9.99639E-05 9.99639E-05 0.574696 0.017085 0.0224808
0.0433938 0.151225 0.0105378 9.9964E-05 9.9964E-05 0.017761 9.9964E-05 0.709593 9.9964E-05 0.0670897
9.9964E-05 0.0500317 0.0883009 9.9964E-05 9.9964E-05 9.9964E-05 0.017532 0.745965 0.051253 0.0465179
9.9937E-05 0.184842 9.9937E-05 9.9937E-05 9.9937E-05 0.0401686 9.9937E-05 9.9937E-05 0.774289 9.9937E-05
9.9964E-05 0.434683 9.9964E-05 0.112764 0.0267015 0.0126417 0.00330594 9.9964E-05 0.409505 9.9964E-05
9.9955E-05 0.209013 9.9955E-05 9.9955E-05 0.00298413 0.027739 9.9955E-05 0.0188477 0.740917 9.9955E-05
9.9946E-05 0.263358 9.9946E-05 9.9946E-05 9.9946E-05 0.0756999 9.9946E-05 0.0452977 0.615045 9.9946E-05
9.9955E-05 0.441182 9.9955E-05 9.9955E-05 9.9955E-05 0.0366595 0.00956361 0.0751847 0.43691 9.9955E-05
9.9964E-05 0.498988 9.9964E-05 0.0783416 9.9964E-05 0.0696134 0.0146034 0.00394901 0.334105 9.9964E-05
0.0120037 0.410024 9.9955E-05 9.9955E-05 9.9955E-05 0.0748441 0.130246 9.9955E-05 0.372383 9.9955E-05
9.9955E-05 0.295188 9.9955E-05 0.00115006 9.9955E-05 0.0448837 9.9955E-05 0.0874408 0.570838 9.9955E-05
9.9955E-05 9.9955E-05 0.0735075 9.9955E-05 9.9955E-05 0.0512021 9.9955E-05 0.00625973 0.850216 0.0183152
9.9973E-05 0.406422 0.00862829 0.0730527 0.00181657 9.9973E-05 0.0137066 9.9973E-05 0.447621 0.0484535
0.0397353 0.451158 9.9982E-05 0.129767 0.0264192 0.0424579 0.00763163 9.9982E-05 0.230515 0.0721161
9.9964E-05 0.52397 0.130303 0.0463546 9.9964E-05 9.9964E-05 0.0458723 0.0067065 0.246394 9.9964E-05
9.9937E-05 0.256649 9.9937E-05 9.9937E-05 9.9937E-05 0.0594468 9.9937E-05 9.9937E-05 0.683205 9.9937E-05
0.0808689 0.669169 9.9973E-05 0.0368798 0.0158722 9.9973E-05 9.9973E-05 0.0141286 0.127721 0.0550602
9.9964E-05 0.480987 9.9964E-05 0.0183306 0.00207847 0.059296 0.0109129 9.9964E-05 0.427995 9.9964E-05
9.9946E-05 0.12171 9.9946E-05 9.9946E-05 0.00801305 0.045316 9.9946E-05 9.9946E-05 0.824361 9.9946E-05
9.9937E-05 0.138782 9.9937E-05 9.9937E-05 9.9937E-05 0.156783 9.9937E-05 9.9937E-05 0.703736 9.9937E-05
0.00849296 0.202608 0.0326848 9.9955E-05 9.9955E-05 0.0427718 9.9955E-05 9.9955E-05 0.712943 9.9955E-05
9.99201E-05 9.99201E-05 9.99201E-05 9.99201E-05 0.999101 9.99201E-05 9.99201E-05 9.99201E-05 9.99201E-05 9.99201E-05
9.99201E-05 9.99201E-05 9.99201E-05 9.99201E-05 0.999101 9.99201E-05 9.99201E-05 9.99201E-05 9.99201E-05 9.99201E-05
9.9955E-05 0.0407739 9.9955E-05 9.9955E-05 0.67743 0.0342353 0.048925 0.198136 9.9955E-05 9.9955E-05
9.9955E-05 0.0949505 9.9955E-05 9.9955E-05 0.501069 0.0355106 0.0781443 0.289826 9.9955E-05 9.9955E-05
0.0258272 0.438922 0.078805 9.9973E-05 0.0391137 9.9973E-05 0.248515 9.9973E-05 0.110178 0.0583383
0.0215505 0.348894 0.0282423 0.112514 0.063364 0.0688495 0.25396 9.9982E-05 0.102426 9.9982E-05
0.0873676 0.43313 9.9955E-05 9.9955E-05 9.9955E-05 9.9955E-05 0.436837 0.0251133 9.9955E-05 0.0170531
0.00981275 0.0141824 0.102517 0.352636 9.9964E-05 9.9964E-05 9.9964E-05 0.117696 0.402757 9.9964E-05
0.080579 0.0409147 9.9973E-05 0.102328 0.0595857 0.0428829 0.599477 9.9973E-05 9.9973E-05 0.0739329
9.9964E-05 0.35302 9.9964E-05 0.170415 9.9964E-05 0.000656054 0.25532 0.122748 0.0974411 9.9964E-05
9.9973E-05 0.49461 9.9973E-05 0.00173372 0.0199772 0.0637916 0.324153 9.9973E-05 0.0131566 0.0822779
9.9982E-05 0.350666 0.0269158 0.0313052 0.0637224 0.0332271 0.342549 0.0165053 9.9982E-05 0.13491
9.9973E-05 0.397696 0.054711 0.120691 0.0217372 9.9973E-05 0.300518 0.0256091 9.9973E-05 0.0787371
0.0159973 9.9973E-05 0.00404179 0.0441967 0.00580152 9.9973E-05 0.524137 9.9973E-05 0.3023 0.103225
9.9964E-05 0.554788 0.0586097 9.9964E-05 9.9964E-05 9.9964E-05 0.186973 0.0079253 0.0585222 0.132782
0.0470187 0.471613 0.0151497 0.0156289 9.9973E-05 0.0405118 0.325387 0.0843913 9.9973E-05 9.9973E-05
0.029049 0.448008 0.00701929 0.107671 0.0552916 0.00720409 0.213367 0.0638554 0.0519811 0.0165535
0.112504 0.0422945 9.9964E-05 0.0867517 9.9964E-05 9.9964E-05 0.708916 0.0402718 9.9964E-05 0.00886165
0.0058303 0.379858 0.00382564 0.0106736 0.0541882 0.00702564 0.530962 0.00743618 9.9982E-05 9.9982E-05
0.0386584 0.490176 0.0653975 0.0126276 0.0141482 0.0536067 0.251741 9.9982E-05 9.9982E-05 0.0734438
0.287026 9.9955E-05 9.9955E-05 9.9955E-05 9.9955E-05 9.9955E-05 0.344995 0.0330326 0.0999337 0.234513
0.0493257 0.00251816 0.148459 0.240379 9.9973E-05 9.9973E-05 0.198504 9.9973E-05 0.305953 0.0545613
0.145903 0.0166631 9.9982E-05 0.206744 0.0166372 0.0087284 0.0447234 9.9982E-05 0.306727 0.253674
9.9991E-05 0.442906 0.0839359 0.14096 0.000823368 0.0739511 0.0140532 0.0869015 0.112612 0.0437564
9.9973E-05 0.485544 0.03322 0.187309 9.9973E-05 0.00621605 0.0736257 0.117389 0.096397 9.9973E-05
9.9973E-05 0.446875 9.9973E-05 0.244011 0.000421681 0.0358594 0.117983 0.116189 9.9973E-05 0.0383612
0.025285 9.9991E-05 0.167456 0.254357 0.0302257 0.000508167 0.185476 0.0811737 0.140495 0.114923
9.9973E-05 0.423259 0.0427511 0.154194 0.0235822 0.0200719 0.110402 9.9973E-05 0.22544 9.9973E-05
0.00774459 0.4739 0.0695942 0.0567316 0.0197517 0.0604876 0.0224407 0.0266543 0.140827 0.121869
0.00847926 0.334627 0.0792402 0.030302 0.0835417 9.9982E-05 0.123644 9.9982E-05 0.236496 0.10347
9.999E-05 0.0129401 0.0587908 0.00192081 0.112817 0.0485139 0.0875378 0.0959426 0.462413 0.119024
9.9973E-05 0.439644 0.00497398 9.9973E-05 0.02503 0.016393 0.156393 9.9973E-05 0.282112 0.0751543
0.0754644 0.406106 0.0308057 0.2035 9.9964E-05 9.9964E-05 9.9964E-05 0.0880793 0.195644 9.9964E-05
0.00956975 0.0346044 0.106054 9.9955E-05 9.9955E-05 9.9955E-05 9.9955E-05 9.9955E-05 0.748814 0.100458
9.9955E-05 0.419236 9.9955E-05 0.089538 9.9955E-05 9.9955E-05 0.0823841 9.9955E-05 0.401306 0.00703547
0.121426 0.65924 0.0287966 0.0544328 9.9973E-05 9.9973E-05 0.0501024 9.9973E-05 0.0593571 0.0263452
0.0647613 0.516426 0.0290247 0.12972 0.033099 0.057976 9.9973E-05 9.9973E-05 0.168693 9.9973E-05
0.0179193 0.25434 0.00529086 0.0070463 0.0740314 9.9982E-05 0.112773 9.9982E-05 0.417184 0.111214
9.9964E-05 0.417948 9.9964E-05 0.0531321 9.9964E-05 0.0365893 0.12931 9.9964E-05 0.30246 0.0601605
0.0869366 0.530115 0.143561 0.0376638 9.9973E-05 0.020316 0.106025 9.9973E-05 0.0750833 9.9973E-05
0.0249661 0.140148 0.0722352 0.0673159 0.0245747 9.9982E-05 0.0447878 9.9982E-05 0.540671 0.085101
9.9955E-05 0.234846 0.0220002 0.173449 9.9955E-05 9.9955E-05 0.513758 9.9955E-05 0.0554479 9.9955E-05
9.9946E-05 9.9946E-05 9.9946E-05 0.0286871 0.020095 9.9946E-05 0.664448 9.9946E-05 0.286171 9.9946E-05
0.0940572 0.399502 0.039627 0.161298 9.99838E-05 0.0343872 0.173193 0.0386212 9.99838E-05 0.0591139
0.242226 9.9946E-05 9.9946E-05 9.9946E-05 9.9946E-05 9.9946E-05 0.572555 9.9946E-05 0.115106 0.0695139
0.276676 9.9946E-05 9.9946E-05 9.9946E-05 9.9946E-05 9.9946E-05 0.573538 9.9946E-05 0.114852 0.0343343
0.120845 0.00431537 9.9955E-05 0.120658 9.9955E-05 9.9955E-05 0.736579 9.9955E-05 9.9955E-05 0.0171022
9.9973E-05 0.114344 0.0196305 0.145721 0.0369055 0.0149976 0.644174 9.9973E-05 0.0239278 9.9973E-05
0.0503572 0.291 0.0696273 9.9982E-05 0.128302 0.0469951 0.343963 0.069397 0.000158521 9.9982E-05
0.0111582 0.13231 0.0699773 0.0718963 9.9982E-05 0.0783805 0.537682 9.9982E-05 0.0921346 0.00626147
9.9973E-05 0.0108166 0.0823483 9.9973E-05 0.0216403 0.0276017 0.565701 0.00148723 0.290105 9.9973E-05
0.0459337 0.0458816 0.147903 9.9973E-05 0.034164 9.9973E-05 0.50046 0.006296 0.219062 9.9973E-05
0.0664021 0.365213 0.0169494 0.0403314 9.9973E-05 0.11496 0.286506 0.109338 9.9973E-05 9.9973E-05
0.0614104 9.9955E-05 9.9955E-05 0.0545285 9.9955E-05 0.08537 0.628668 9.9955E-05 0.169523 9.9955E-05
0.0110974 0.205228 0.0429152 9.9982E-05 0.0514065 9.9982E-05 0.514559 0.00938474 0.126799 0.0384106
0.0647823 0.124991 9.9955E-05 9.9955E-05 9.9955E-05 9.9955E-05 0.65756 9.9955E-05 0.0751502 0.0770161
0.295287 9.9946E-05 9.9946E-05 9.9946E-05 9.9946E-05 9.9946E-05 0.424623 9.9946E-05 0.145485 0.134005
9.9964E-05 0.325976 9.9964E-05 0.0961511 0.010401 0.0455269 0.466771 0.0547747 9.9964E-05 9.9964E-05
9.9973E-05 0.0712122 0.0289069 0.0392614 0.191001 0.0295314 9.9973E-05 0.628586 0.0112014 9.9973E-05
9.9937E-05 0.0419632 9.9937E-05 9.9937E-05 0.531153 9.9937E-05 9.9937E-05 0.426184 9.9937E-05 9.9937E-05
9.9955E-05 0.0518615 0.00467251 9.9955E-05 0.521865 0.0205965 9.9955E-05 0.400505 9.9955E-05 9.9955E-05
9.9937E-05 9.9937E-05 9.9937E-05 9.9937E-05 0.599497 9.9937E-05 9.9937E-05 0.337968 9.9937E-05 0.0618351
9.9964E-05 0.0567422 9.9964E-05 9.9964E-05 0.330422 0.0193525 0.0166958 0.561117 0.0152708 9.9964E-05
9.9955E-05 0.0286976 0.0443023 9.9955E-05 0.386498 0.0181883 9.9955E-05 0.521814 9.9955E-05 9.9955E-05
9.99371E-05 0.0627302 9.99371E-05 9.99371E-05 0.321101 9.99371E-05 9.99371E-05 0.61547 9.99371E-05 9.99371E-05
0.00770846 0.216128 0.0298286 0.106034 0.0809994 0.108834 0.301612 0.0282819 0.0809208 0.0396523
9.9982E-05 0.502009 9.9982E-05 0.14478 0.0405575 0.0020542 0.171473 0.0277583 0.0920895 0.0190775
0.153606 9.9955E-05 9.9955E-05 9.9955E-05 0.00469886 9.9955E-05 0.506215 9.9955E-05 0.29644 0.038541
9.999E-05 0.409999 0.0394784 0.0904173 0.0602594 0.00445053 0.217393 0.0728601 0.0778025 0.0272392
9.9946E-05 0.263354 9.9946E-05 9.9946E-05 9.9946E-05 9.9946E-05 0.497535 0.0194949 0.219016 9.9946E-05
0.097478 0.53444 0.0166534 9.9964E-05 0.0377131 9.9964E-05 0.303348 0.0099681 9.9964E-05 9.9964E-05
0.116357 0.402462 9.9973E-05 0.00865323 9.9973E-05 9.9973E-05 0.294761 0.0428881 0.0577365 0.0768427
0.0543663 0.250833 9.9955E-05 9.9955E-05 9.9955E-05 0.111498 0.557949 9.9955E-05 0.0248541 9.9955E-05
0.15562 9.9946E-05 0.0359294 9.9946E-05 9.9946E-05 9.9946E-05 0.417463 9.9946E-05 0.390388 9.9946E-05
0.0272791 0.176253 0.013326 0.101936 0.209357 0.10181 0.319242 9.9991E-05 0.0256107 0.0250852
9.9982E-05 0.481264 9.9982E-05 0.0841446 0.01107 0.0702839 0.209018 0.00931258 0.111343 0.0233645
9.9982E-05 0.465359 0.0129483 0.0278358 0.034782 0.120377 0.205006 0.0651606 0.0683313 9.9982E-05
0.0972488 9.9973E-05 9.9973E-05 0.053304 0.0161132 0.103176 0.589013 9.9973E-05 0.00806632 0.132779
0.121501 0.351577 9.9955E-05 0.0830563 0.0399992 9.9955E-05 0.403366 9.9955E-05 9.9955E-05 9.9955E-05
0.0560538 0.291631 0.0547086 9.9973E-05 9.9973E-05 9.9973E-05 0.445878 0.00175799 0.118154 0.0315171
0.114569 0.0942127 0.0144036 9.9964E-05 9.9964E-05 0.0717106 0.696205 9.9964E-05 0.00849908 9.9964E-05
0.00599107 0.206954 0.101681 9.9964E-05 9.9964E-05 9.9964E-05 0.574348 0.071155 0.0394717 9.9964E-05
0.100434 0.443045 0.0360438 0.129198 0.0682784 9.9973E-05 0.146259 0.0764409 9.9973E-05 9.9973E-05
0.0602832 0.05203 9.99815E-05 0.484738 9.99815E-05 9.99815E-05 0.000672371 0.0765709 0.215057 0.110348
9.9991E-05 0.183068 0.10037 0.278213 0.0158839 0.0835272 0.121098 0.0779348 0.0992738 0.0405316
9.9973E-05 0.266334 0.032679 0.393396 9.9973E-05 0.044469 0.113504 0.120167 9.9973E-05 0.0291503
9.9982E-05 0.379984 0.0264226 0.271691 0.0546627 0.021621 0.114737 0.0375736 9.9982E-05 0.0931085
9.99496E-05 0.237975 9.99496E-05 0.484663 0.0608717 9.99496E-05 9.99496E-05 9.99496E-05 0.215891 9.99496E-05
0.00635254 0.452249 0.0588772 0.360801 9.9964E-05 9.9964E-05 9.9964E-05 0.0215477 0.099773 9.9964E-05
0.0164208 0.296363 0.06982 0.376539 9.9982E-05 0.00439966 0.0740413 0.0457181 0.116498 9.9982E-05
0.00879673 0.353531 0.0836808 0.284194 0.0470598 0.0283881 0.141652 0.0524975 9.9982E-05 9.9982E-05
9.9973E-05 0.351883 9.9973E-05 0.284819 0.0473595 0.0475578 0.154964 9.9973E-05 0.0404126 0.0727043
0.0469952 0.373111 9.9982E-05 0.299935 0.0430453 0.00085814 0.0457956 0.00976527 0.180294 9.9982E-05
9.9964E-05 0.222522 0.0913339 0.527408 0.0127416 9.9964E-05 0.102945 9.9964E-05 0.0426494 9.9964E-05
0.0445485 0.503885 0.143814 0.063598 0.0367198 0.065414 0.0860638 9.9991E-05 0.00019866 0.0556577
0.0292044 0.53833 0.0564652 0.0965542 9.9991E-05 0.00518589 0.0306618 0.0844469 0.0196416 0.13941
0.0490232 0.472844 0.0377478 0.275323 0.0321658 9.9973E-05 0.0389488 9.9973E-05 0.0936468 9.9973E-05
9.9964E-05 0.626731 0.0988286 0.13886 0.0400337 0.0453124 9.9964E-05 9.9964E-05 9.9964E-05 0.0498348
0.0609826 0.364907 9.9973E-05 0.358415 9.9973E-05 0.0725916 0.0967348 9.9973E-05 0.00699546 0.0390736
0.0464245 0.214399 9.9973E-05 0.43501 0.113635 9.9973E-05 9.9973E-05 0.0158627 0.110222 0.0641462
9.9964E-05 0.396539 0.0305722 0.356849 9.9964E-05 9.9964E-05 0.106364 0.0732017 9.9964E-05 0.0360752
9.9946E-05 0.599127 0.0367639 0.337401 0.0261089 9.9946E-05 9.9946E-05 9.9946E-05 9.9946E-05 9.9946E-05
0.0258005 0.0755022 0.0895714 0.232682 9.9991E-05 0.0378711 0.212207 0.0397015 0.273327 0.0132365
0.158109 9.9964E-05 0.00445327 0.534722 0.0151986 9.9964E-05 9.9964E-05 9.9964E-05 0.115569 0.171548
9.9973E-05 0.345106 0.052814 0.309821 0.0279051 0.0599763 0.0787135 9.9973E-05 0.125364 9.9973E-05
0.207383 9.9955E-05 0.119837 0.443514 9.9955E-05 9.9955E-05 0.0791999 9.9955E-05 9.9955E-05 0.149567
0.0143485 0.111958 0.0847318 0.319905 9.9973E-05 9.9973E-05 0.0953085 0.0652922 0.308156 9.9973E-05
0.0304993 0.213071 0.0354645 0.24995 9.9973E-05 9.9973E-05 0.204366 0.065858 0.200491 9.9973E-05
9.9973E-05 0.095031 0.0542333 0.311905 0.0301678 9.9973E-05 0.211405 0.0391454 0.257812 9.9973E-05
0.0343896 0.0777848 0.0532251 0.342895 9.9991E-05 0.021904 0.110556 0.0104613 0.314507 0.0341776
0.0310057 0.46517 0.00806971 0.270268 0.100457 9.9973E-05 0.0619624 9.9973E-05 0.0627677 9.9973E-05
9.9973E-05 0.417847 0.17334 0.0265316 0.030361 0.120803 0.112849 9.9973E-05 9.9973E-05 0.117968
0.0118626 0.257637 0.0981151 0.251527 0.0151431 0.121143 0.139131 0.00213823 0.103202 9.9991E-05
0.0739744 9.9964E-05 9.9964E-05 0.685933 9.9964E-05 0.017865 0.0617311 0.0448587 9.9964E-05 0.115238
0.0415614 0.421297 0.021583 0.255467 0.0332599 0.00970277 0.0473988 0.0343169 0.116406 0.0190078
0.0685197 0.398802 9.9982E-05 0.0115879 0.0252881 0.0714601 0.201697 9.9982E-05 0.0748895 0.147556
0.155987 9.9982E-05 0.101545 0.11471 0.0253079 9.9982E-05 0.05631 0.0814702 0.0640716 0.400397
0.0507252 0.60916 0.053835 0.00262861 0.0945095 0.0161741 0.172667 9.9973E-05 9.9973E-05 9.9973E-05
0.112884 0.149784 9.9982E-05 0.162562 0.0227735 0.0429391 0.215612 0.119662 9.9982E-05 0.173584
0.0393404 0.501859 0.0540972 9.9991E-05 0.123603 0.00381474 0.0667804 0.0209193 0.0530251 0.136461
0.0735712 0.119694 9.9982E-05 0.0550375 9.9982E-05 0.0220848 0.226886 0.0934548 0.108808 0.300264
0.112622 0.243179 0.109495 9.9964E-05 9.9964E-05 9.9964E-05 0.0340168 9.9964E-05 0.182009 0.318278
0.140163 0.378498 0.080451 0.0611915 9.9991E-05 0.00648737 0.136244 0.033186 0.0306819 0.132997
0.106475 0.487506 9.9973E-05 0.112996 0.0800479 9.9973E-05 0.0246559 9.9973E-05 0.107432 0.0805874
9.9982E-05 0.303579 0.0551128 0.258073 9.9982E-05 0.0340476 0.0665043 0.13196 0.0371722 0.113351
0.0895713 9.9964E-05 9.9964E-05 9.9964E-05 9.9964E-05 0.150456 0.116724 0.00720603 0.302114 0.333528
0.108093 0.452689 0.0256174 0.0694158 0.00047876 9.9991E-05 0.15938 0.056892 0.0355476 0.0917861
9.9955E-05 0.10167 9.9955E-05 0.186147 9.9955E-05 9.9955E-05 0.285771 9.9955E-05 0.134714 0.291197
0.127086 0.266651 0.00788393 0.192441 9.9973E-05 9.9973E-05 0.1913 9.9973E-05 0.0507991 0.163539
9.9973E-05 0.362794 0.155956 0.0729741 0.0507602 0.0499791 0.163455 9.9973E-05 9.9973E-05 0.143782
9.9964E-05 0.0625365 9.9964E-05 0.11005 0.195655 0.239678 9.9964E-05 0.138731 9.9964E-05 0.252948
9.9946E-05 9.9946E-05 9.9946E-05 9.9946E-05 0.0960676 0.131227 9.9946E-05 0.422299 9.9946E-05 0.349807
0.0311043 9.9955E-05 9.9955E-05 9.9955E-05 0.131466 0.136496 9.9955E-05 0.249284 9.9955E-05 0.45115
9.9955E-05 9.9955E-05 9.9955E-05 0.169615 0.170195 0.305147 9.9955E-05 0.211994 9.9955E-05 0.14255
9.9946E-05 0.44749 9.9946E-05 0.0456403 9.9946E-05 9.9946E-05 0.299644 9.9946E-05 9.9946E-05 0.206626
0.00341398 0.470297 0.0204882 0.102292 0.0598184 0.0124146 0.146739 9.9991E-05 0.0260917 0.158346
9.9946E-05 0.193137 9.9946E-05 0.068521 9.9946E-05 0.659583 0.0781584 9.9946E-05 9.9946E-05 9.9946E-05
0.101165 0.161245 0.00425387 0.073638 0.0756326 0.459408 0.0736005 9.9982E-05 0.0508565 9.9982E-05
0.0567269 0.232482 9.9982E-05 0.122489 0.0877272 0.369938 0.0984892 0.00885317 9.9982E-05 0.0230941
0.182893 0.107141 9.9964E-05 0.179537 9.9964E-05 0.0352788 0.205489 9.9964E-05 9.9964E-05 0.289261
0.0403549 0.52556 9.9982E-05 0.0120545 0.0319106 0.00250686 0.134925 0.048978 9.9982E-05 0.20351
0.150868 0.0910389 9.9964E-05 0.158059 9.9964E-05 9.9964E-05 0.104801 9.9964E-05 0.00974249 0.48509
0.00122893 0.428866 9.9964E-05 0.15378 9.9964E-05 9.9964E-05 0.233876 9.9964E-05 0.0345994 0.14725
0.0607155 0.280434 0.00469136 0.0517835 9.9982E-05 0.0380554 0.168962 9.9982E-05 0.134236 0.260923
9.9973E-05 0.554402 0.0345992 0.0390797 9.9973E-05 0.0200459 0.143122 9.9973E-05 0.0445759 0.163875
0.0944978 0.0805871 9.9964E-05 0.193623 9.9964E-05 9.9964E-05 0.135867 9.9964E-05 0.0154634 0.479562
0.0324988 0.315102 0.00190039 0.273865 0.00984038 0.126149 0.189993 9.9982E-05 9.9982E-05 0.0504511
9.9964E-05 0.471582 0.141036 0.024465 9.9964E-05 9.9964E-05 0.19716 0.045638 9.9964E-05 0.11972
9.9937E-05 9.9937E-05 9.9937E-05 0.0301986 9.9937E-05 0.956966 0.0121354 9.9937E-05 9.9937E-05 9.9937E-05
9.9955E-05 0.0866323 0.0216537 9.9955E-05 9.9955E-05 0.853302 0.0201973 9.9955E-05 9.9955E-05 0.0177145
0.033863 0.241045 9.9946E-05 9.9946E-05 9.9946E-05 0.610486 9.9946E-05 9.9946E-05 0.114006 9.9946E-05
0.0235991 0.293787 0.00240516 0.0346661 9.9955E-05 0.645043 9.9955E-05 9.9955E-05 9.9955E-05 9.9955E-05
9.9955E-05 0.106978 0.0016418 9.9955E-05 9.9955E-05 0.809633 0.0479349 0.0333129 9.9955E-05 9.9955E-05
9.99201E-05 9.99201E-05 9.99201E-05 9.99201E-05 9.99201E-05 0.999101 9.99201E-05 9.99201E-05 9.99201E-05 9.99201E-05
0.0285452 9.9946E-05 0.0182917 9.9946E-05 0.0289856 0.923578 9.9946E-05 9.9946E-05 9.9946E-05 9.9946E-05
9.9946E-05 0.145761 0.0143662 9.9946E-05 0.00404656 0.835227 9.9946E-05 9.9946E-05 9.9946E-05 9.9946E-05
9.9955E-05 9.9955E-05 0.0210326 0.000753341 9.9955E-05 0.955114 0.000163457 9.9955E-05 0.0224372 9.9955E-05
9.99201E-05 9.99201E-05 9.99201E-05 9.99201E-05 9.99201E-05 0.999101 9.99201E-05 9.99201E-05 9.99201E-05 9.99201E-05
9.99201E-05 9.99201E-05 9.99201E-05 9.99201E-05 9.99201E-05 0.999101 9.99201E-05 9.99201E-05 9.99201E-05 9.99201E-05
9.9946E-05 0.104662 9.9946E-05 0.0931185 0.0678756 0.733744 9.9946E-05 9.9946E-05 9.9946E-05 9.9946E-05
9.9955E-05 0.066949 0.0297759 9.9955E-05 9.9955E-05 0.819053 9.9955E-05 0.0710499 0.0126723 9.9955E-05
9.9937E-05 9.9937E-05 9.9937E-05 0.0150645 9.9937E-05 0.935848 0.0483884 9.9937E-05 9.9937E-05 9.9937E-05
9.9973E-05 0.295615 0.0216115 0.129831 0.0346911 0.333783 0.141928 0.0422396 9.9973E-05 9.9973E-05
9.9964E-05 0.197669 0.0285545 0.0932762 9.9964E-05 0.608129 0.024921 0.0470503 9.9964E-05 9.9964E-05
9.9955E-05 0.201132 0.0313816 9.9955E-05 0.0192451 0.700306 9.9955E-05 9.9955E-05 9.9955E-05 0.0474358
9.9955E-05 0.0366856 0.00210044 9.9955E-05 9.9955E-05 0.850199 9.9955E-05 0.0505905 0.0599247 9.9955E-05
9.9937E-05 0.0264211 9.9937E-05 9.9937E-05 9.9937E-05 0.95746 0.0154197 9.9937E-05 9.9937E-05 9.9937E-05
9.9946E-05 0.144958 9.9946E-05 9.9946E-05 0.0232854 0.80111 9.9946E-05 9.9946E-05 9.9946E-05 0.0300468
9.9928E-05 9.9928E-05 9.9928E-05 9.9928E-05 0.00249516 0.996705 9.9928E-05 9.9928E-05 9.9928E-05 9.9928E-05
0.0640273 0.27968 0.0131752 9.9964E-05 9.9964E-05 0.594918 0.000302215 0.0474972 9.9964E-05 9.9964E-05
0.0244042 0.0469058 9.9955E-05 9.9955E-05 9.9955E-05 0.836434 9.9955E-05 0.043124 0.048632 9.9955E-05
0.100284 9.9964E-05 9.9964E-05 9.9964E-05 0.00725275 0.0402028 0.00219801 0.290379 9.9964E-05 0.559283
0.0127238 0.403639 0.0590287 0.146017 9.9982E-05 0.0217869 9.9982E-05 0.162314 0.0216139 0.172677
0.0258796 0.453877 0.0381704 9.9982E-05 9.9982E-05 0.0168644 0.0224528 0.18242 0.062968 0.197168
9.9973E-05 0.158878 0.0895248 9.9973E-05 0.0387941 0.0771884 0.0422948 0.142571 9.9973E-05 0.450449
9.9982E-05 0.503694 0.0333307 9.9982E-05 0.00247263 0.0155766 0.0679845 0.105192 0.14513 0.12642
0.0841881 0.216666 9.9973E-05 9.9973E-05 0.0936574 0.0496273 0.097026 0.147765 9.9973E-05 0.310771
0.0439667 0.446304 0.0412018 9.9991E-05 0.0375553 0.0281202 0.0392096 0.132705 0.0817598 0.149077
9.9964E-05 0.222194 9.9964E-05 0.0717459 9.9964E-05 0.154743 0.0982274 0.11682 9.9964E-05 0.33587
0.016322 0.400413 9.9991E-05 0.00228714 0.0728056 0.115408 0.114958 0.101139 0.0440808 0.132486
0.0294834 0.371351 9.9973E-05 9.9973E-05 0.144999 0.118496 9.9973E-05 0.0147217 0.0194331 0.301216
0.0479412 0.491458 9.9982E-05 0.138028 0.0320776 0.0227072 9.9982E-05 0.0654678 0.0810997 0.121021
9.9964E-05 0.0435156 0.0818428 9.9964E-05 0.142545 9.9964E-05 0.0127513 0.693365 9.9964E-05 0.025581
0.0378179 9.9946E-05 9.9946E-05 9.9946E-05 0.282872 0.0469864 9.9946E-05 0.631724 9.9946E-05 9.9946E-05
9.9955E-05 9.9955E-05 0.00164334 0.024111 0.190176 9.9955E-05 0.00609253 0.777477 9.9955E-05 9.9955E-05
9.9946E-05 9.9946E-05 0.0195838 9.9946E-05 0.187942 9.9946E-05 0.0105256 0.781349 9.9946E-05 9.9946E-05
9.9946E-05 9.9946E-05 9.9946E-05 0.0795665 0.19988 9.9946E-05 9.9946E-05 0.706379 9.9946E-05 0.0135753
0.0494987 9.9946E-05 9.9946E-05 9.9946E-05 0.338539 0.073951 9.9946E-05 0.537411 9.9946E-05 9.9946E-05
9.9964E-05 0.00147497 0.00917546 9.9964E-05 0.388564 0.0584508 0.00107821 0.540857 9.9964E-05 9.9964E-05
0.0637288 0.00142094 9.9955E-05 9.9955E-05 0.28865 9.9955E-05 9.9955E-05 0.604319 9.9955E-05 0.0413815
0.00299204 0.0667017 9.9955E-05 9.9955E-05 0.207347 9.9955E-05 9.9955E-05 0.692597 0.0298624 9.9955E-05
9.9955E-05 0.0469282 9.9955E-05 9.9955E-05 0.266419 0.0720285 9.9955E-05 0.597132 9.9955E-05 0.0169921
0.0297509 9.9955E-05 0.0316408 9.9955E-05 0.201739 9.9955E-05 9.9955E-05 0.412393 0.323977 9.9955E-05
9.9964E-05 9.9964E-05 0.212487 9.9964E-05 0.136459 0.0118342 0.00728309 0.444383 0.187154 9.9964E-05
0.0109639 9.9964E-05 0.0522538 9.9964E-05 0.219461 9.9964E-05 9.9964E-05 0.329956 0.375988 0.0109782
0.0088173 9.9964E-05 0.0996399 9.9964E-05 0.0350484 9.9964E-05 9.9964E-05 0.45952 0.381518 0.015057
9.9964E-05 0.362012 9.9964E-05 0.178626 0.0205411 9.9964E-05 0.245593 0.0307056 0.162122 9.9964E-05
0.0287959 0.383097 0.0564636 0.00783339 9.9964E-05 9.9964E-05 0.346533 9.9964E-05 0.176878 9.9964E-05
0.0631233 0.44436 0.0486692 0.072049 9.9973E-05 9.9973E-05 0.278966 0.0101914 0.0823405 9.9973E-05
9.9973E-05 0.089496 0.0319588 0.339234 0.0937361 9.9973E-05 0.281452 9.9973E-05 0.149624 0.0141991
9.9964E-05 9.9964E-05 0.197184 0.355008 9.9964E-05 0.0184131 0.0618009 0.00715422 0.36004 9.9964E-05
0.0650777 0.445344 0.00459407 0.0678334 0.0471513 0.024762 0.333289 0.0117486 9.9982E-05 9.9982E-05
9.9946E-05 0.216671 9.9946E-05 0.311328 9.9946E-05 0.0571995 0.414202 9.9946E-05 9.9946E-05 9.9946E-05
0.00275854 0.328363 0.0368272 0.206288 9.9973E-05 9.9973E-05 0.344067 9.9973E-05 0.0624227 0.0189731
0.0876833 0.0832639 9.9964E-05 0.0665108 9.9964E-05 0.0542418 0.683799 9.9964E-05 9.9964E-05 0.0241011
9.9982E-05 0.357466 0.0397562 0.258576 0.0169675 0.0840967 0.173564 0.00354559 9.9982E-05 0.0658281
0.0828852 0.216522 0.0833821 9.9964E-05 0.0192732 9.9964E-05 0.406398 9.9964E-05 0.19114 9.9964E-05
0.368052 9.9955E-05 0.0193377 0.0772517 9.9955E-05 9.9955E-05 0.429004 9.9955E-05 0.105855 9.9955E-05
9.9982E-05 0.358777 0.00538608 0.250842 0.0847585 9.9982E-05 0.210179 0.00725728 0.0356584 0.0469424
0.137044 0.026299 9.9982E-05 0.127538 9.9982E-05 0.0032645 0.501773 0.0242425 0.00728139 0.172357
0.168454 0.300527 9.9955E-05 0.229943 0.00540929 9.9955E-05 0.295166 9.9955E-05 9.9955E-05 9.9955E-05
0.0971763 9.9955E-05 0.104558 9.9955E-05 9.9955E-05 9.9955E-05 0.50647 0.0314459 0.25985 9.9955E-05
9.9946E-05 9.9946E-05 0.810707 9.9946E-05 9.9946E-05 0.000340644 9.9946E-05 0.0630623 9.9946E-05 0.12529
9.9955E-05 0.0444836 0.808313 9.9955E-05 9.9955E-05 0.0175443 9.9955E-05 0.0299196 9.9955E-05 0.0992393
0.0747357 9.9928E-05 0.924465 9.9928E-05 9.9928E-05 9.9928E-05 9.9928E-05 9.9928E-05 9.9928E-05 9.9928E-05
0.0453781 9.9946E-05 0.827549 9.9946E-05 9.9946E-05 9.9946E-05 0.0443462 0.0821272 9.9946E-05 9.9946E-05
0.0487322 0.0150082 0.782911 9.9973E-05 9.9973E-05 0.021722 0.0102561 9.9973E-05 0.0392932 0.0817774
0.0116841 0.070027 0.861773 9.9946E-05 9.9946E-05 0.0559164 9.9946E-05 9.9946E-05 9.9946E-05 9.9946E-05
9.9946E-05 0.101145 0.00874443 9.9946E-05 0.146854 9.9946E-05 9.9946E-05 0.742657 9.9946E-05 9.9946E-05
9.9937E-05 0.0637649 9.9937E-05 0.0872571 9.9937E-05 9.9937E-05 9.9937E-05 0.848279 9.9937E-05 9.9937E-05
9.9946E-05 0.159613 9.9946E-05 9.9946E-05 0.145491 0.0540351 9.9946E-05 0.640262 9.9946E-05 9.9946E-05
9.9955E-05 0.0438987 0.00157898 9.9955E-05 9.9955E-05 0.106428 9.9955E-05 0.776729 0.0708654 9.9955E-05
9.9964E-05 0.0873665 9.9964E-05 0.0335156 0.00381672 0.0464943 0.0417589 0.786648 9.9964E-05 9.9964E-05
9.9955E-05 9.9955E-05 0.467307 9.9955E-05 0.134293 9.9955E-05 9.9955E-05 0.212326 0.0934856 0.0920891
0.156559 9.9955E-05 0.346288 9.9955E-05 0.0232314 9.9955E-05 9.9955E-05 0.421171 0.0522498 9.9955E-05
0.0920084 9.9964E-05 0.444772 9.9964E-05 0.147669 9.9964E-05 0.02192 0.266139 0.0270915 9.9964E-05
9.99201E-05 9.99201E-05 9.99201E-05 9.99201E-05 0.999101 9.99201E-05 9.99201E-05 9.99201E-05 9.99201E-05 9.99201E-05
0.0695391 9.9964E-05 0.442483 9.9964E-05 0.145816 9.9964E-05 9.9964E-05 0.174329 0.123239 0.0441941
0.02131 0.300399 9.9982E-05 9.9982E-05 0.168506 0.330007 0.0407765 0.0661467 0.0124915 0.0601628
9.9973E-05 0.596737 0.0631393 9.9973E-05 0.0415168 0.123391 9.9973E-05 0.0651509 0.0725684 0.0371966
9.9973E-05 0.405861 9.9973E-05 9.9973E-05 0.094644 0.258721 0.145137 0.0662083 0.00423262 0.0248964
9.9973E-05 0.309876 0.022967 9.9973E-05 0.0835603 0.143937 0.145129 0.185898 9.9973E-05 0.108331
0.0060779 0.540341 0.00337855 9.9982E-05 0.0788165 0.0404264 0.0701872 0.133678 0.126894 9.9982E-05
9.9955E-05 9.9955E-05 9.9955E-05 0.0146223 0.139518 0.295198 9.9955E-05 0.290728 9.9955E-05 0.259433
9.9964E-05 0.309787 0.134507 0.342007 9.9964E-05 9.9964E-05 0.0815488 9.9964E-05 0.0893906 0.0423596
0.112149 0.231366 0.094913 0.304271 9.9973E-05 9.9973E-05 0.105756 9.9973E-05 0.0160704 0.135174
9.9964E-05 0.183964 0.124876 0.14468 0.00487613 9.9964E-05 9.9964E-05 0.0814289 0.459775 9.9964E-05
0.187143 0.232635 0.0330408 0.352746 9.9973E-05 0.0415256 0.130644 9.9973E-05 0.0219658 9.9973E-05
0.445423 9.9955E-05 0.0462444 0.0959904 9.9955E-05 9.9955E-05 9.9955E-05 9.9955E-05 0.179602 0.23224
0.053669 0.469521 9.9982E-05 0.0316251 0.104605 9.9982E-05 0.0798738 0.0157321 0.20342 0.0413539
0.123756 0.484592 0.151928 0.0411659 0.0487931 9.9973E-05 9.9973E-05 0.000176735 0.149288 9.9973E-05
0.00902909 0.22447 0.0669098 0.240991 0.0421001 9.9982E-05 0.0948507 9.9982E-05 0.318315 0.00313505
9.9973E-05 0.401859 0.0350784 0.124166 0.025368 9.9973E-05 0.196056 0.137266 0.0799071 9.9973E-05
0.110476 9.9946E-05 9.9946E-05 0.292389 9.9946E-05 9.9946E-05 9.9946E-05 9.9946E-05 0.393306 0.203229
0.124113 0.396169 0.0648689 0.133416 9.9973E-05 9.9973E-05 0.00294349 9.9973E-05 0.182633 0.0955579
9.9973E-05 0.316209 0.143201 0.272269 0.0708242 9.9973E-05 0.110921 9.9973E-05 0.0397507 0.0465254
9.9982E-05 0.31027 0.0253585 9.9982E-05 0.0620213 0.202361 0.162181 0.0562217 0.121572 0.0598144
0.126121 0.261796 0.0126818 0.312334 9.9964E-05 9.9964E-05 9.9964E-05 9.9964E-05 0.24793 0.0387364
0.0570978 0.303181 0.0508973 0.207601 9.9982E-05 9.9982E-05 0.141568 0.0529587 0.175585 0.0109111
0.108974 0.431764 0.0783082 0.0978898 9.9982E-05 0.0170349 0.108824 9.9982E-05 0.0943387 0.0626659
0.0847926 0.344879 0.0223091 0.28507 0.00778617 9.9973E-05 0.218523 9.9973E-05 0.0363405 9.9973E-05
0.00774226 0.476542 0.0388502 0.200824 9.9982E-05 0.00285615 0.190993 0.0137079 0.0682836 9.9982E-05
0.0468305 0.429823 0.119576 0.0830731 0.0462925 0.0521561 0.155019 9.9991E-05 0.0624266 0.00470317
9.9982E-05 0.371422 0.0545055 0.271976 0.00897379 9.9982E-05 0.114454 0.0390603 0.0837761 0.0556333
9.9955E-05 0.0559272 0.00131023 9.9955E-05 0.841958 0.0797926 9.9955E-05 9.9955E-05 9.9955E-05 0.0205123
0.0558378 0.0168209 9.9964E-05 9.9964E-05 0.791169 0.00678424 0.00349886 0.125489 9.9964E-05 9.9964E-05
0.044598 0.0314939 0.059881 9.9973E-05 0.409325 9.9973E-05 0.0304082 0.411641 9.9973E-05 0.0123526
0.0291261 9.9946E-05 0.0740261 9.9946E-05 0.833322 9.9946E-05 9.9946E-05 0.0629265 9.9946E-05 9.9946E-05
9.9955E-05 0.0688922 9.9955E-05 9.9955E-05 0.711049 9.9955E-05 0.00991707 0.196939 9.9955E-05 0.0127034
9.9946E-05 9.9946E-05 0.056563 0.507153 0.0304239 9.9946E-05 9.9946E-05 9.9946E-05 0.405261 9.9946E-05
0.112886 0.432948 9.9973E-05 0.235997 0.0423146 0.0119877 9.9973E-05 0.0240523 0.139515 9.9973E-05
0.0420273 0.557867 0.0230445 0.039951 0.0729535 0.0751012 9.9982E-05 0.111831 9.9982E-05 0.0770242
0.0487877 0.512912 0.0017951 0.301476 0.044353 9.9973E-05 0.0371394 9.9973E-05 0.0532367 9.9973E-05
0.0720465 0.311922 0.0534944 0.278505 0.0958292 9.9973E-05 0.163666 9.9973E-05 0.0242366 9.9973E-05
0.0049354 0.00548217 9.9964E-05 0.738879 9.9964E-05 9.9964E-05 9.9964E-05 0.0491563 0.0598538 0.141294
9.9955E-05 9.9955E-05 0.0851105 0.37049 0.203815 9.9955E-05 9.9955E-05 9.9955E-05 0.323994 0.0160903
9.9964E-05 0.384075 0.174801 0.227182 9.9964E-05 0.0238178 0.0670052 9.9964E-05 0.122719 9.9964E-05
0.153619 0.0180762 0.152893 0.303661 9.9973E-05 0.0252373 9.9973E-05 0.0979022 0.248312 9.9973E-05
0.0109951 0.298905 0.056539 0.3975 0.0470111 9.9973E-05 0.0863399 9.9973E-05 9.9973E-05 0.10241
0.0193765 9.9964E-05 0.0516739 0.491715 0.0712726 9.9964E-05 9.9964E-05 0.0926456 0.272917 9.9964E-05
9.9955E-05 0.486127 0.0262142 0.374393 0.102851 9.9955E-05 9.9955E-05 9.9955E-05 0.0099144 9.9955E-05
0.0179742 0.0101442 0.0191187 0.452908 0.0325876 9.9982E-05 0.0050552 0.0835512 0.378461 9.9982E-05
9.9991E-05 0.146328 0.0203942 0.428872 0.0045913 0.0300716 0.137545 0.0685919 0.0910881 0.0724179
0.100796 0.433139 0.10367 0.00790497 9.9982E-05 0.0476766 0.100316 9.9982E-05 0.0713852 0.134913
0.0116625 0.239715 0.0701139 0.0797767 9.9973E-05 9.9973E-05 0.0901563 9.9973E-05 0.0806295 0.427647
9.9964E-05 0.510167 0.00343832 0.0750018 9.9964E-05 9.9964E-05 0.127555 9.9964E-05 0.0614941 0.221944
0.0631189 0.521249 0.0699909 0.0626408 0.00407594 0.0269629 0.111679 0.0332358 0.0376559 0.0693912
0.0390197 0.335693 0.0734333 9.9955E-05 9.9955E-05 9.9955E-05 0.121309 9.9955E-05 9.9955E-05 0.430045
0.0504485 0.531358 0.130798 9.9982E-05 0.0160259 9.9982E-05 0.0382205 0.0054979 0.0905361 0.136915
0.026982 0.489857 0.0771842 9.9964E-05 0.0532108 9.9964E-05 0.158017 9.9964E-05 9.9964E-05 0.194349
0.110423 9.9955E-05 0.143277 0.0736093 9.9955E-05 9.9955E-05 0.109345 9.9955E-05 9.9955E-05 0.562847
0.0256329 0.173479 0.0164026 9.9964E-05 9.9964E-05 9.9964E-05 0.147952 9.9964E-05 0.0475239 0.58861
0.0238205 0.432605 0.113947 0.0671616 9.9973E-05 9.9973E-05 0.0795345 9.9973E-05 0.0197886 0.262843
0.0877492 0.0892567 0.09486 9.9964E-05 9.9964E-05 9.9964E-05 0.277423 9.9964E-05 0.0241199 0.426192
9.9955E-05 0.348231 0.0240558 9.9955E-05 9.9955E-05 9.9955E-05 0.157289 9.9955E-05 0.236413 0.233512
9.9955E-05 9.9955E-05 0.0783125 0.479502 9.9955E-05 9.9955E-05 0.0641347 0.069261 0.30829 9.9955E-05
0.220626 0.0156799 0.0260518 0.695138 9.9964E-05 0.00830146 9.9964E-05 9.9964E-05 9.9964E-05 0.0338023
9.9964E-05 0.147997 0.0995581 0.463069 0.118053 9.9964E-05 0.0957288 9.9964E-05 0.0751951 9.9964E-05
9.9973E-05 0.49992 0.0232047 0.296612 9.9973E-05 0.0215846 0.0303041 9.9973E-05 0.0639779 0.0640971
9.9955E-05 0.0836355 0.160276 0.419061 9.9955E-05 9.9955E-05 0.0667904 9.9955E-05 0.269738 9.9955E-05
0.0716863 0.443724 9.9973E-05 0.263779 0.0594491 0.0475613 0.0630724 0.0504284 9.9973E-05 9.9973E-05
9.9973E-05 0.36753 0.0388596 0.350916 0.119238 0.0702243 0.0194133 9.9973E-05 9.9973E-05 0.0335187
0.0591899 0.361358 0.0512218 0.315032 9.9982E-05 0.0295478 0.0633101 0.0612764 0.0588635 9.9982E-05
0.04364 0.203277 0.0204443 0.478895 9.9982E-05 0.0764008 0.0909212 9.9982E-05 0.0688957 0.0173261
9.9982E-05 0.108034 0.0698375 0.377294 0.0233541 0.0348181 0.318947 0.0530002 0.0145153 9.9982E-05
0.0115012 9.9964E-05 0.136995 0.491494 9.9964E-05 0.0807473 0.09633 9.9964E-05 0.182532 9.9964E-05
0.0274793 0.0267229 0.144535 0.483629 9.9982E-05 0.14518 0.0681496 0.0293481 0.0747561 9.9982E-05
0.00290657 0.480412 0.0263246 0.391807 9.9973E-05 0.0324422 0.0106363 9.9973E-05 0.0551715 9.9973E-05
9.9964E-05 0.415259 9.9964E-05 0.366411 0.0194372 0.0389326 0.112409 9.9964E-05 0.0471505 9.9964E-05
0.0536543 0.247947 0.0419271 0.48454 0.0735605 9.9973E-05 9.9973E-05 0.00171854 9.9973E-05 0.0963525
0.0377896 0.308033 0.00215218 0.556048 9.9964E-05 0.0454387 9.9964E-05 0.0501386 9.9964E-05 9.9964E-05
9.9973E-05 0.22368 0.133948 0.332121 0.0990169 9.9973E-05 0.0386846 9.9973E-05 0.135699 0.0365503
0.020163 0.401686 0.0340102 0.327739 9.9982E-05 0.0488236 0.0876417 0.0313886 0.0483479 9.9982E-05
9.9982E-05 0.357767 0.0296583 0.228338 0.0300063 0.0293225 0.182392 0.00609744 0.136219 9.9982E-05
9.9973E-05 0.324647 0.00732677 0.425014 0.0657611 0.0976676 0.0611115 0.0181718 9.9973E-05 9.9973E-05
9.9973E-05 0.430524 9.9973E-05 9.9973E-05 0.158711 0.0922714 0.0265866 0.093381 0.11688 0.0813457
0.0500671 0.386194 9.9991E-05 0.136323 0.0351172 0.180692 0.0276726 0.027802 0.1464 0.00963192
0.0058534 0.409307 0.00235109 0.15393 0.0282859 0.112913 0.0975654 0.0890293 9.9991E-05 0.100664
0.122784 0.491655 0.0392606 0.0679312 9.9991E-05 0.100887 0.0155446 0.0523654 0.0483792 0.061093
0.0109334 0.450408 9.9991E-05 0.0171125 0.130728 0.149336 0.087466 0.0721575 0.0775195 0.00423923
0.108357 0.286938 9.9964E-05 0.500032 9.9964E-05 9.9964E-05 0.0166452 9.9964E-05 0.00889622 0.0787314
9.9973E-05 0.414411 0.0852447 9.9973E-05 0.079975 0.149759 0.0537364 0.0668548 0.149719 9.9973E-05
9.9973E-05 0.136341 9.9973E-05 0.00690453 9.9973E-05 0.0356853 0.0376091 0.160907 0.114883 0.50737
9.9991E-05 0.41116 0.0139504 0.247937 0.0350558 0.129536 0.00905374 0.0263622 0.0602015 0.0666435
0.0976232 0.509006 9.9973E-05 0.122235 0.0932887 0.0852862 0.0873792 0.00488167 9.9973E-05 9.9973E-05
0.028672 0.315361 9.9982E-05 0.222291 0.028619 0.236997 0.0831528 0.0740099 0.0106976 9.9982E-05
9.9973E-05 0.282343 9.9973E-05 0.0928748 0.140794 0.106847 0.00232228 9.9973E-05 0.219263 0.155256
0.0700269 0.520578 9.9982E-05 9.9982E-05 0.118622 0.0393972 0.0621941 0.0752142 0.0580768 0.0556904
9.9982E-05 0.517139 0.0213379 0.0859821 0.131558 0.104244 9.9982E-05 0.048169 0.0277358 0.0636345
0.0595144 9.9955E-05 9.9955E-05 9.9955E-05 0.157005 0.164002 9.9955E-05 0.277848 9.9955E-05 0.341131
9.9964E-05 0.265867 9.9964E-05 9.9964E-05 0.209294 0.185088 0.176903 9.9964E-05 0.110104 0.0523447
9.9982E-05 0.492974 0.0824453 0.0788082 0.0177642 0.128958 0.0317403 0.121983 9.9982E-05 0.0451267
9.9973E-05 0.502807 0.00068545 0.100829 9.9973E-05 0.119647 0.0841378 9.9973E-05 0.106518 0.0850761
9.9964E-05 0.556005 9.9964E-05 0.0843286 0.0786828 0.0997025 9.9964E-05 0.127346 9.9964E-05 0.0535345
9.9982E-05 0.427003 0.0330285 9.9982E-05 0.0931511 0.111355 0.159714 0.0489296 0.0394553 0.0871634
0.311388 0.471231 0.0406688 0.0109713 0.0636672 9.9964E-05 0.101674 9.9964E-05 9.9964E-05 9.9964E-05
0.141223 0.30727 9.9973E-05 0.0712354 9.9973E-05 0.0746966 0.250853 0.126508 9.9973E-05 0.027914
0.740948 0.0537273 0.00281772 9.9955E-05 9.9955E-05 9.9955E-05 0.0469208 9.9955E-05 0.155086 9.9955E-05
0.881585 0.0957301 0.014109 9.99549E-05 0.00736132 9.99549E-05 9.99549E-05 0.00071495 9.99549E-05 9.99549E-05
0.334411 0.475096 0.0174611 0.0652077 0.0845319 9.9964E-05 9.9964E-05 9.9964E-05 0.0228918 9.9964E-05
0.0854071 0.537999 9.9955E-05 9.9955E-05 9.9955E-05 0.173745 9.9955E-05 0.0898095 9.9955E-05 0.11254
0.18067 0.297479 9.9973E-05 0.020466 0.0444175 0.346809 9.9973E-05 0.0446597 9.9973E-05 0.0651983
0.10097 0.203902 9.9955E-05 9.9955E-05 9.9955E-05 0.275768 9.9955E-05 0.174129 9.9955E-05 0.244731
0.0951873 0.420831 9.9973E-05 0.0382731 0.0401684 0.198895 9.9973E-05 0.115643 9.9973E-05 0.0907019
0.581112 0.140102 9.9964E-05 9.9964E-05 0.0361039 0.0773621 9.9964E-05 0.0374759 9.9964E-05 0.127444
0.546373 0.223973 9.9955E-05 9.9955E-05 0.101957 0.0483606 9.9955E-05 9.9955E-05 9.9955E-05 0.0788366
0.286764 0.518872 9.9955E-05 9.9955E-05 9.9955E-05 0.0849058 0.0938146 0.0151436 9.9955E-05 9.9955E-05
0.304206 0.650938 9.9946E-05 9.9946E-05 9.9946E-05 9.9946E-05 9.9946E-05 0.0328708 0.011386 9.9946E-05
0.585795 0.309055 9.9937E-05 9.9937E-05 0.10445 9.9937E-05 9.9937E-05 9.9937E-05 9.9937E-05 9.9937E-05
0.215515 0.619743 0.000877123 9.9973E-05 9.9973E-05 0.0491487 9.9973E-05 0.0822023 0.00958852 0.0226252
0.310788 0.543867 0.0732504 9.9964E-05 0.0011752 0.0233735 0.0471467 9.9964E-05 9.9964E-05 9.9964E-05
0.0762406 0.506799 0.0636632 9.9991E-05 0.110568 0.0652972 0.0947958 0.00360858 0.0392255 0.0397021
0.545072 0.339389 0.0603874 0.017812 9.9955E-05 9.9955E-05 9.9955E-05 9.9955E-05 0.0368395 9.9955E-05
0.449747 0.458622 9.9964E-05 9.9964E-05 9.9964E-05 0.0128998 0.0128656 0.0279161 0.0375496 9.9964E-05
0.240077 0.611941 0.0310741 9.9964E-05 0.0344981 9.9964E-05 0.0556474 9.9964E-05 0.0263623 9.9964E-05
0.352599 0.455379 0.064722 9.9982E-05 9.9982E-05 0.013523 0.00260828 0.0310293 0.0763923 0.00354694
0.158675 0.269909 0.0218448 0.149477 0.0939733 0.0909528 0.10264 0.00635124 0.00220621 0.103971
0.336753 0.472515 9.9946E-05 0.0795019 9.9946E-05 9.9946E-05 9.9946E-05 9.9946E-05 9.9946E-05 0.11063
0.684508 0.27536 0.0394317 9.9937E-05 9.9937E-05 9.9937E-05 9.9937E-05 9.9937E-05 9.9937E-05 9.9937E-05
0.312438 0.607236 9.9946E-05 9.9946E-05 9.9946E-05 9.9946E-05 0.0242436 0.0554829 9.9946E-05 9.9946E-05
0.610511 0.188232 9.99459E-05 0.173349 9.99459E-05 9.99459E-05 0.027308 9.99459E-05 9.99459E-05 9.99459E-05
0.439173 0.475374 0.0582761 9.9955E-05 0.00675362 9.9955E-05 9.9955E-05 9.9955E-05 9.9955E-05 0.0199237
0.198131 0.525638 0.0617949 9.9982E-05 0.00895885 0.0540684 0.124839 9.9982E-05 0.0219134 0.00445726
0.359993 0.40921 0.0581608 0.034456 9.9964E-05 9.9964E-05 0.135698 9.9964E-05 9.9964E-05 0.00208258
0.0278394 0.426242 9.9991E-05 0.044304 0.0475617 0.112738 0.133386 0.110888 0.0672743 0.0296665
0.148967 0.427722 0.00570716 0.0104084 9.9991E-05 0.0921289 0.0409737 0.106158 0.108937 0.0588973
0.0615366 0.334224 0.0590514 0.0120411 0.183861 0.198438 0.037685 9.9991E-05 0.00266806 0.110394
9.9982E-05 0.370607 0.101505 0.0424465 0.0795003 0.157916 9.9982E-05 0.112394 0.0945007 0.0409316
0.000566157 0.365882 0.000305839 0.0938453 9.9991E-05 0.114365 0.13575 0.158379 0.0689651 0.0618406
0.16974 0.461146 0.0222936 9.9982E-05 0.137785 0.135707 0.0122981 9.9982E-05 0.0283617 0.032468
0.550833 9.9964E-05 0.0184002 9.9964E-05 0.033138 0.178346 9.9964E-05 0.140364 9.9964E-05 0.0785186
0.0549616 0.66318 0.109157 9.9955E-05 9.9955E-05 0.126684 9.9955E-05 9.9955E-05 9.9955E-05 0.0455172
0.290093 9.9946E-05 9.9946E-05 9.9946E-05 9.9946E-05 0.107333 9.9946E-05 0.381818 9.9946E-05 0.220156
0.313558 0.497546 9.9946E-05 9.9946E-05 9.9946E-05 0.178045 9.9946E-05 0.0102512 9.9946E-05 9.9946E-05
0.794432 0.192469 9.9946E-05 9.9946E-05 9.9946E-05 9.9946E-05 0.00569069 9.9946E-05 9.9946E-05 0.00680887
0.934867 9.9946E-05 9.9946E-05 9.9946E-05 9.9946E-05 0.00431491 9.9946E-05 0.0204724 0.0397461 9.9946E-05
0.429808 0.472428 9.9937E-05 9.9937E-05 9.9937E-05 9.9937E-05 9.9937E-05 9.9937E-05 0.0970653 9.9937E-05
