9.9991E-05 0.948839 0.0510613
0.0282605 0.940048 0.0316915
0.0140932 0.787354 0.198553
0.0233125 0.823811 0.152876
9.9991E-05 0.885003 0.114897
0.216267 0.684275 0.0994573
0.0497197 0.889234 0.0610463
0.13564 0.778498 0.0858625
0.0898209 0.910079 9.9991E-05
0.0435945 0.714126 0.242279
0.16694 0.784045 0.0490148
0.727808 0.0904573 0.181734
0.582339 0.0518045 0.365857
0.708729 0.119093 0.172178
0.563086 0.121382 0.315532
0.503245 0.116726 0.380029
0.510344 9.9991E-05 0.489556
0.601574 0.0377785 0.360648
0.555367 0.196853 0.24778
0.776305 0.223595 9.9991E-05
0.645561 0.0542447 0.300194
0.668571 0.0488239 0.282605
0.622437 0.0157015 0.361861
0.667631 0.118401 0.213968
0.43035 0.110925 0.458725
0.501453 0.0710234 0.427524
0.697065 0.190659 0.112276
0.607486 0.111551 0.280962
0.798508 0.0813843 0.120108
9.9991E-05 0.805766 0.194134
9.9991E-05 0.802424 0.197476
0.0273364 0.78104 0.191624
0.0463191 0.708891 0.24479
0.596756 0.0315691 0.371675
0.568502 0.0929457 0.338552
0.590914 9.9991E-05 0.408986
0.723895 0.275756 0.000349219
0.719447 9.9991E-05 0.280453
0.559887 0.00609956 0.434014
0.540297 9.9991E-05 0.459603
0.527487 0.0804658 0.392047
0.498156 0.0924066 0.409437
0.89725 0.0404708 0.0622796
0.554169 0.00661947 0.439212
0.590824 9.9991E-05 0.409076
0.568315 9.9991E-05 0.431585
0.821705 9.9991E-05 0.178195
0.559123 9.9991E-05 0.440777
0.592837 0.0538847 0.353278
0.797709 0.202191 9.9991E-05
0.873352 0.0744455 0.0522021
0.856694 0.143206 9.9991E-05
0.536634 0.0169176 0.446448
0.415049 0.0262449 0.558706
0.497789 0.0602085 0.442003
0.752102 0.194715 0.0531831
0.625976 9.9991E-05 0.373924
0.561747 0.0184853 0.419768
0.636678 0.166871 0.19645
0.620285 0.344744 0.0349707
0.57795 0.0856291 0.33642
0.643689 0.0866544 0.269656
0.785426 0.214474 9.9991E-05
0.676327 9.9991E-05 0.323573
0.596538 9.9991E-05 0.403362
0.548889 0.0726332 0.378478
0.665546 0.142636 0.191818
0.615704 9.9991E-05 0.384196
0.53549 0.0577823 0.406727
0.79352 0.145926 0.0605542
0.7295 9.9991E-05 0.2704
0.863092 0.0392587 0.0976492
0.601264 0.0674944 0.331241
0.950524 0.0493764 9.9991E-05
0.965935 0.0339653 9.9991E-05
0.837468 9.9991E-05 0.162432
0.743517 0.0201951 0.236288
0.5581 0.0187767 0.423123
0.672129 9.9991E-05 0.327771
0.853988 0.0355239 0.110488
0.818032 0.0884973 0.0934708
0.581807 0.033297 0.384896
0.791542 9.9991E-05 0.208358
0.726192 9.9991E-05 0.273708
0.748627 9.9991E-05 0.251273
0.900418 0.0994823 9.9991E-05
0.589859 9.9991E-05 0.410041
0.0351069 0.797513 0.16738
9.9991E-05 0.908831 0.0910693
9.9991E-05 0.856103 0.143797
9.9991E-05 0.888706 0.111194
9.9991E-05 0.863716 0.136184
9.9991E-05 0.902259 0.0976413
9.9991E-05 0.900746 0.099154
0.552456 0.142874 0.30467
0.45622 0.123655 0.420126
0.93879 0.0611097 9.9991E-05
0.66449 9.9991E-05 0.33541
0.713094 0.00445404 0.282452
0.597062 9.9991E-05 0.402838
0.672925 9.9991E-05 0.326975
0.60606 9.9991E-05 0.39384
0.882685 0.117215 9.9991E-05
0.549574 0.0745169 0.375909
0.558412 0.0521457 0.389443
0.489112 0.0993436 0.411544
0.744501 0.0227372 0.232762
0.676672 9.9991E-05 0.323228
0.692985 9.9991E-05 0.306915
0.712983 9.9991E-05 0.286917
0.717961 0.0110061 0.271032
0.586245 0.0258394 0.387916
0.752453 0.148063 0.0994843
0.5527 0.184761 0.262538
0.557881 0.0527274 0.389391
0.452685 0.0277971 0.519518
0.696543 0.0632614 0.240196
0.599866 0.011911 0.388223
0.673859 0.0612723 0.264869
0.640906 0.0286342 0.33046
0.558345 0.0311321 0.410523
0.631699 0.00689254 0.361409
0.716787 0.0265948 0.256618
0.525096 0.0054097 0.469495
0.54001 0.00389784 0.456093
0.575542 9.9991E-05 0.424358
0.496516 0.0985185 0.404966
0.619747 9.9991E-05 0.380153
0.599437 0.143293 0.25727
0.54068 9.9991E-05 0.45922
0.56823 9.9991E-05 0.43167
0.739474 0.118532 0.141995
0.761074 0.149294 0.0896325
0.58249 0.0310667 0.386443
0.888788 0.09819 0.0130223
0.742115 0.137922 0.119964
0.744547 0.054095 0.201358
0.763252 0.0909552 0.145793
0.771804 0.0638272 0.164369
0.519121 0.0314017 0.449478
0.543167 0.0373224 0.419511
0.630463 0.0321907 0.337346
0.781886 0.0986856 0.119428
0.523288 0.0986744 0.378038
0.568843 0.0787377 0.352419
0.688725 0.311175 9.9991E-05
0.552808 0.0317552 0.415437
0.645151 0.110497 0.244352
0.548586 0.0585841 0.39283
0.621496 0.200947 0.177557
0.736342 0.210581 0.0530776
0.698106 0.066414 0.23548
0.450817 0.136463 0.41272
0.576985 0.200811 0.222203
0.663226 0.209877 0.126897
0.483224 0.0971098 0.419666
0.829333 9.9991E-05 0.170567
0.706358 9.9991E-05 0.293542
0.484141 0.0550792 0.46078
0.248226 0.399345 0.352429
0.0741581 0.770462 0.15538
0.176063 0.687004 0.136933
0.115206 0.483228 0.401566
0.63264 9.9991E-05 0.36726
0.441689 0.109746 0.448564
0.0950575 9.9991E-05 0.904842
0.325301 0.095083 0.579616
0.344303 0.0499477 0.605749
0.770915 0.0191001 0.209985
0.511453 0.116132 0.372415
0.832361 0.106722 0.0609172
0.590296 9.9991E-05 0.409604
0.664043 0.0269299 0.309027
0.560389 9.9991E-05 0.439511
0.845849 0.0616394 0.0925118
0.533879 0.0533598 0.412761
0.539169 0.0373963 0.423435
9.9991E-05 0.0771356 0.922764
9.9991E-05 0.0495103 0.95039
0.155805 0.0896829 0.754512
0.012854 0.0622715 0.924874
9.9991E-05 0.0844799 0.91542
9.9991E-05 0.0403136 0.959586
9.9991E-05 0.104476 0.895424
9.9991E-05 0.0588147 0.941085
9.9991E-05 0.0162414 0.983659
9.9991E-05 0.0366341 0.963266
9.9991E-05 0.0465918 0.953308
0.0678808 0.0796425 0.852477
9.9991E-05 0.128878 0.871022
9.9991E-05 0.0720002 0.9279
0.234789 0.101003 0.664208
0.0961929 0.0757158 0.828091
0.00739213 0.144729 0.847878
9.9991E-05 0.0805151 0.919385
9.9991E-05 0.0489844 0.950916
9.9991E-05 0.0970084 0.902892
9.9991E-05 0.0499952 0.949905
0.0646331 0.125034 0.810333
9.9991E-05 0.0934153 0.906485
0.418951 0.520973 0.0600763
0.504666 0.160464 0.334869
0.409126 0.265319 0.325555
0.439916 0.361817 0.198267
0.422646 0.149478 0.427877
0.429486 0.295401 0.275113
0.491596 0.181712 0.326692
0.450185 0.168674 0.381141
0.437327 0.144518 0.418155
0.363742 0.205839 0.430419
0.397645 0.214401 0.387954
0.0638464 0.889778 0.0463758
9.9991E-05 0.914019 0.0858814
9.9991E-05 0.997544 0.00235612
9.9991E-05 0.951573 0.0483267
9.9991E-05 0.902694 0.0972064
9.9991E-05 0.891136 0.108764
9.9991E-05 0.883931 0.115969
0.000694149 0.913224 0.0860817
9.9991E-05 0.924849 0.075051
9.9991E-05 0.855837 0.144063
0.307324 0.692576 9.9991E-05
0.278722 0.721178 9.9991E-05
0.327363 0.672537 9.9991E-05
0.39339 0.60651 9.9991E-05
0.66746 0.0222071 0.310333
0.627291 9.9991E-05 0.372609
0.609798 9.9991E-05 0.390102
0.807107 9.9991E-05 0.192793
0.773818 0.163191 0.0629913
0.600677 9.9991E-05 0.399223
0.666813 9.9991E-05 0.333087
0.752459 9.9991E-05 0.247441
0.765847 9.9991E-05 0.234053
0.576977 9.9991E-05 0.422923
0.775639 9.9991E-05 0.224261
0.980697 0.0192033 9.9991E-05
0.66844 0.0422674 0.289293
0.860093 9.9991E-05 0.139807
0.70974 9.9991E-05 0.29016
0.927331 0.0725691 9.9991E-05
0.668836 0.331064 9.9991E-05
0.707034 0.292866 9.9991E-05
0.741595 0.258305 9.9991E-05
0.704047 0.295853 9.9991E-05
0.725943 0.273957 9.9991E-05
0.697165 0.302735 9.9991E-05
9.9991E-05 0.824896 0.175004
9.9991E-05 0.841468 0.158432
9.9991E-05 0.761065 0.238835
9.9991E-05 0.785286 0.214614
0.0152465 0.800067 0.184686
0.443819 0.556081 9.9991E-05
0.372488 0.627412 9.9991E-05
0.415012 0.584888 9.9991E-05
9.9991E-05 0.811817 0.188083
0.449401 0.550499 9.9991E-05
0.122106 0.279677 0.598217
0.286061 0.139191 0.574748
0.185429 0.189377 0.625195
0.298855 0.235095 0.46605
0.392118 0.139674 0.468209
0.0655902 0.596714 0.337696
0.703172 0.0384173 0.258411
0.765184 0.0600256 0.17479
0.700551 0.154974 0.144475
0.727093 9.9991E-05 0.272807
0.90323 0.0966699 9.9991E-05
0.496816 0.0869413 0.416243
0.698321 0.0400005 0.261679
0.723944 0.107889 0.168167
0.527571 0.0898692 0.382559
0.860718 0.121457 0.0178252
0.695787 0.0184704 0.285742
0.608487 0.0279957 0.363517
0.420984 0.142031 0.436985
0.780717 0.0136172 0.205666
0.688946 0.00913847 0.301916
0.635908 9.9991E-05 0.363992
0.706539 9.9991E-05 0.293361
0.480294 0.0181913 0.501515
0.459638 0.114011 0.426352
0.614126 0.0709868 0.314887
9.9991E-05 0.753722 0.246178
9.9991E-05 0.85758 0.14232
0.0746051 0.817216 0.108179
0.0294992 0.834893 0.135608
9.9991E-05 0.824487 0.175413
0.758427 0.143173 0.0984
0.57631 0.00809896 0.415591
0.369979 0.203752 0.426269
0.557005 0.0293811 0.413614
0.668686 0.0792045 0.25211
0.694875 0.0906859 0.214439
0.700048 0.299852 9.9991E-05
0.632799 0.0341562 0.333044
0.736539 0.192123 0.0713372
0.667615 0.0169052 0.31548
0.701723 0.271728 0.0265485
0.528823 0.00985415 0.461323
0.767964 0.176893 0.0551438
0.641018 0.152046 0.206936
0.668332 0.023128 0.30854
0.785427 0.115021 0.0995521
0.613197 0.0337414 0.353061
0.567438 0.0772621 0.355299
0.771544 0.0795909 0.148865
0.546363 0.0606994 0.392937
0.649276 0.0326263 0.318097
0.929334 0.0705663 9.9991E-05
0.811321 0.0719223 0.116757
0.698246 0.0495607 0.252193
0.830485 0.122448 0.0470673
0.798488 9.9991E-05 0.201412
0.776242 0.195731 0.0280263
0.867455 9.9991E-05 0.132445
0.691699 0.0540337 0.254268
0.52674 0.0110912 0.462169
0.871886 0.0242636 0.10385
0.49302 0.14248 0.3645
0.535853 0.00750716 0.45664
0.672549 0.00757838 0.319873
0.608966 9.9991E-05 0.390934
0.655926 0.0553643 0.28871
0.726846 0.0732595 0.199894
0.67657 0.0746688 0.248762
0.613747 9.9991E-05 0.386153
0.553478 0.0443814 0.40214
0.569993 0.0969647 0.333042
0.63173 9.9991E-05 0.36817
0.674446 0.0939272 0.231627
0.540845 0.0330091 0.426146
0.587634 0.0701695 0.342197
0.518219 0.112481 0.369301
0.272678 0.326486 0.400836
0.411317 0.0752665 0.513417
0.344608 0.216544 0.438848
0.445098 9.9991E-05 0.554802
0.322983 0.159764 0.517253
0.667198 9.9991E-05 0.332702
0.439585 0.17362 0.386795
0.447676 0.380296 0.172029
0.448273 0.0530631 0.498664
0.396778 0.0757963 0.527426
0.487808 0.0121324 0.50006
0.413851 0.23785 0.348299
0.355777 0.126562 0.517661
0.353322 0.126029 0.520649
0.149483 0.676444 0.174073
0.332182 0.100935 0.566883
0.271445 0.115162 0.613393
0.44668 0.0590565 0.494263
0.253114 0.164801 0.582085
0.411741 0.138228 0.45003
0.651311 0.00691383 0.341775
0.556471 0.0635498 0.379979
0.96948 0.03042 9.9991E-05
0.920706 0.0791939 9.9991E-05
0.502521 0.0999224 0.397556
0.364111 0.09569 0.540199
0.282108 0.144401 0.573491
0.343306 0.237268 0.419426
0.301373 0.190271 0.508356
0.682433 0.191232 0.126335
0.659737 0.15942 0.180843
0.563013 9.9991E-05 0.436887
0.516741 0.036449 0.44681
0.592312 0.147972 0.259716
0.541927 0.048965 0.409108
0.557766 9.9991E-05 0.442134
0.480245 0.0611458 0.45861
0.833298 0.0350935 0.131608
0.784676 0.0264949 0.18883
0.66926 0.0235374 0.307202
0.63972 0.0420598 0.318221
0.52594 0.0314339 0.442626
0.718726 9.9991E-05 0.281174
0.865055 0.0498068 0.0851381
0.620878 9.9991E-05 0.379022
0.84295 0.0260479 0.131003
0.684133 0.028611 0.287256
0.559282 0.0519142 0.388804
0.62521 0.00374171 0.371048
0.372565 0.0710092 0.556425
0.378034 0.201232 0.420735
0.341748 0.146664 0.511588
0.372291 0.182244 0.445464
0.34048 0.19528 0.46424
0.396553 0.137364 0.466083
0.499281 0.349123 0.151596
0.39519 0.0400272 0.564782
0.337098 0.55623 0.106672
0.403218 0.0564776 0.540304
0.933549 0.00904799 0.057403
0.898209 0.101691 9.9991E-05
0.747168 9.9991E-05 0.252732
0.634282 9.9991E-05 0.365618
0.789029 9.9991E-05 0.210871
0.629167 9.9991E-05 0.370733
0.709436 9.9991E-05 0.290464
0.0647293 0.802463 0.132808
0.0615541 0.790246 0.1482
9.9991E-05 0.909713 0.0901872
9.9991E-05 0.914334 0.0855664
0.593969 9.9991E-05 0.405931
0.638546 0.0448289 0.316626
0.680876 9.9991E-05 0.319024
0.540893 0.0850048 0.374102
0.571652 0.0123183 0.41603
0.82998 0.0311067 0.138914
0.611773 9.9991E-05 0.388127
0.79729 0.010888 0.191822
0.302084 0.223331 0.474586
0.682053 9.9991E-05 0.317847
0.813035 9.9991E-05 0.186865
0.700513 9.9991E-05 0.299387
0.740967 9.9991E-05 0.258933
0.684858 9.9991E-05 0.315042
0.607401 9.9991E-05 0.392499
0.954587 9.9991E-05 0.0453129
0.816312 0.0275461 0.156142
0.754502 0.0300262 0.215472
0.974624 0.0252756 9.9991E-05
0.699679 0.0419914 0.258329
0.899134 0.0367494 0.0641171
0.925743 0.0741572 9.9991E-05
0.603414 0.0474963 0.34909
0.849365 0.0622768 0.0883583
0.713695 9.9991E-05 0.286205
0.502079 0.00995031 0.487971
0.676848 9.9991E-05 0.323052
0.732958 9.9991E-05 0.266942
0.638532 9.9991E-05 0.361368
0.692852 0.0181485 0.288999
0.861189 9.9991E-05 0.138711
0.557752 0.0954969 0.346752
0.235658 0.755407 0.00893476
0.121282 0.815164 0.0635542
0.098799 0.901101 9.9991E-05
0.091255 0.908645 9.9991E-05
0.203122 0.790502 0.00637628
0.827629 0.105984 0.0663872
0.821141 0.140171 0.0386873
0.908956 9.9991E-05 0.0909437
0.56086 0.0941416 0.344998
0.510624 0.0520467 0.43733
0.769305 0.0162429 0.214452
0.606393 9.9991E-05 0.393507
0.663607 0.0113854 0.325008
0.680809 0.0302567 0.288934
0.542325 0.0300135 0.427662
0.841845 0.00791939 0.150236
0.835545 9.9991E-05 0.164355
0.775642 9.9991E-05 0.224258
0.538372 0.0397094 0.421919
0.780412 9.9991E-05 0.219488
0.718385 9.9991E-05 0.281515
0.278613 0.0336176 0.687769
0.156645 0.142138 0.701217
0.135082 0.101318 0.7636
0.100876 0.159219 0.739905
0.218013 0.18016 0.601827
0.650468 0.0169991 0.332533
9.9991E-05 0.318934 0.680966
0.134945 0.189488 0.675567
0.480282 0.0960007 0.423717
0.51476 0.117587 0.367654
0.607778 0.130467 0.261755
0.511283 0.105854 0.382863
0.51486 0.0920079 0.393132
0.0732104 0.165967 0.760822
0.200539 0.168305 0.631156
0.115811 0.0725282 0.811661
0.366693 0.0869422 0.546365
0.11959 0.150344 0.730066
0.24204 0.113951 0.644009
0.126879 0.161803 0.711318
0.204341 0.132072 0.663587
0.539031 0.04024 0.420729
0.275553 0.191677 0.53277
9.9991E-05 0.215424 0.784476
0.192498 0.235396 0.572106
0.670123 0.28187 0.0480068
0.542429 9.9991E-05 0.457471
0.255223 0.164083 0.580695
0.461275 0.063375 0.47535
0.525508 0.161046 0.313446
0.335396 0.211151 0.453453
0.263923 0.24296 0.493116
0.504335 9.9991E-05 0.495565
0.253319 0.113244 0.633437
0.151943 0.116183 0.731875
9.9991E-05 0.267402 0.732498
0.554328 0.0764465 0.369226
0.641787 0.0966929 0.26152
0.657525 0.23407 0.108405
0.471719 0.08241 0.445871
0.587671 0.163304 0.249025
0.289076 0.207422 0.503502
0.469369 0.108853 0.421778
0.271386 0.497096 0.231518
0.327898 0.541717 0.130386
0.463249 0.273355 0.263396
0.261486 0.495043 0.243472
0.142633 0.588273 0.269094
0.484208 0.132908 0.382884
0.378417 0.248666 0.372917
0.424644 0.305594 0.269762
0.376518 0.38229 0.241192
0.374177 0.116626 0.509196
0.457152 0.30625 0.236598
0.267268 0.662544 0.070188
0.368062 0.139497 0.492441
0.38492 0.144431 0.470648
0.235218 0.294609 0.470174
0.192292 0.116693 0.691015
0.335628 0.13183 0.532542
0.298607 0.115436 0.585958
0.159295 0.320446 0.520259
0.292243 0.179821 0.527936
0.194249 0.206727 0.599024
0.286025 0.269485 0.444489
0.498387 0.193599 0.308014
0.423823 0.0907726 0.485405
0.381687 0.0932232 0.52509
0.480315 0.0470378 0.472647
0.222387 0.248736 0.528877
0.300281 0.206354 0.493365
0.227146 0.459969 0.312885
0.330507 0.116935 0.552558
0.17201 0.33257 0.49542
0.106683 0.868426 0.0248905
0.743205 0.256695 9.9991E-05
0.74515 0.25475 9.9991E-05
0.724573 0.275327 9.9991E-05
0.738714 0.261186 9.9991E-05
0.750133 0.249767 9.9991E-05
0.797959 0.201942 9.9991E-05
0.6995 0.3004 9.9991E-05
0.594028 0.405872 9.9991E-05
9.9991E-05 0.892007 0.107893
0.0586804 0.863522 0.0777981
9.9991E-05 0.886206 0.113694
0.0762407 0.865546 0.0582129
9.9991E-05 0.855215 0.144685
0.0227841 0.921389 0.055827
9.9991E-05 0.785964 0.213936
9.9991E-05 0.847622 0.152278
0.174895 0.725695 0.0994104
9.9991E-05 0.890436 0.109464
9.9991E-05 0.972574 0.0273262
0.0178111 0.877504 0.104685
9.9991E-05 0.920631 0.0792693
9.9991E-05 0.884489 0.115411
9.9991E-05 0.826729 0.173171
9.9991E-05 0.82007 0.17983
9.9991E-05 0.722954 0.276946
9.9991E-05 0.745664 0.254236
9.9991E-05 0.774693 0.225207
0.538655 0.192174 0.269171
0.595841 9.9991E-05 0.404059
0.460221 0.108481 0.431298
0.738509 0.181406 0.080085
0.614593 0.0824345 0.302972
0.673978 0.24665 0.079372
0.523561 0.0374299 0.439009
0.697664 0.0986604 0.203676
0.646483 0.0758264 0.27769
0.619662 0.0273144 0.353023
0.616814 0.132422 0.250764
0.55827 0.117989 0.323741
0.595594 0.0398064 0.364599
0.81817 0.142461 0.0393697
0.780452 0.219448 9.9991E-05
0.735014 0.22134 0.0436458
0.527186 0.0302664 0.442548
0.520928 0.0948221 0.38425
0.528253 0.0895081 0.382239
0.478573 0.051611 0.469816
0.365641 0.101118 0.533241
0.285424 0.143661 0.570914
0.297422 0.468631 0.233948
0.487923 0.0920963 0.419981
0.370118 0.198879 0.431002
0.23234 0.5961 0.171559
0.239263 0.300174 0.460563
0.242937 0.353204 0.40386
0.378188 0.272361 0.349452
0.329246 0.167075 0.503679
0.292071 0.193485 0.514444
0.444423 0.0777996 0.477777
0.355946 0.204623 0.439431
0.151314 0.447309 0.401377
