0.956111 9.9982E-05 9.9982E-05 0.0436894
0.961357 9.9982E-05 0.0384432 9.9982E-05
0.83043 0.0879215 9.9991E-05 0.0815485
0.8289 0.0302698 0.027473 0.113357
0.886932 0.0733036 9.9991E-05 0.039664
0.680035 0.0894136 0.169465 0.0610861
0.888294 9.9991E-05 0.0775282 0.0340775
0.76673 9.9991E-05 0.181052 0.0521185
0.867388 9.9982E-05 0.132412 9.9982E-05
0.735933 0.128623 0.0611936 0.0742508
0.79476 0.0442808 0.160859 9.9991E-05
0.0353318 0.396152 0.471177 0.0973392
0.0250537 0.487647 0.3075 0.1798
0.154107 0.362938 0.437012 0.0459438
0.100331 0.36361 0.36016 0.1759
0.213736 0.48849 0.17162 0.126154
0.115948 0.573693 0.110972 0.199386
0.037964 0.492049 0.347324 0.122662
0.173682 0.469975 0.307665 0.048678
0.104373 0.153034 0.700635 0.0419571
9.9991E-05 0.531522 0.309849 0.15853
0.0211467 0.415538 0.383397 0.179918
0.0747024 0.493334 0.32014 0.111823
0.0366721 0.3419 0.475615 0.145813
0.0828533 0.742103 0.015782 0.159262
0.0594168 0.543389 0.249114 0.14808
0.0879879 0.327541 0.477396 0.107075
0.108793 0.300987 0.427138 0.163082
0.0542385 0.352916 0.55 0.042845
0.861502 0.0376246 9.9991E-05 0.100773
0.873849 0.0701267 9.9991E-05 0.0559246
0.837296 0.144807 9.9991E-05 0.017797
0.751921 0.125071 9.9991E-05 0.122908
0.0338273 0.620244 0.2588 0.0871285
0.0634081 0.623648 0.212482 0.100462
0.0357033 0.890369 0.0738281 9.9991E-05
0.171149 0.308212 0.520538 9.9991E-05
0.00482918 0.452757 0.398724 0.14369
0.0793494 0.679904 0.139751 0.100995
0.0608009 0.805582 0.0571765 0.0764404
0.14761 0.669496 0.156457 0.0264357
0.164585 0.771245 0.0433103 0.0208599
0.0120853 0.464435 0.523379 9.9991E-05
0.00078811 0.628786 0.165157 0.205269
0.082498 0.788935 0.0304483 0.0981182
0.12993 0.594541 0.112084 0.163445
9.9982E-05 0.641785 0.358015 9.9982E-05
0.0192403 0.768621 0.104368 0.10777
0.0467199 0.69754 0.102575 0.153165
0.110726 0.112463 0.776711 9.9991E-05
0.0225683 0.296023 0.653915 0.0274945
0.00722795 0.161742 0.720922 0.110108
0.125592 0.629966 0.178823 0.0656198
0.0918623 0.725492 0.0938403 0.088805
0.0190328 0.663056 0.149404 0.168507
0.149825 0.331541 0.518534 9.9991E-05
0.0557005 0.657934 0.252117 0.0342481
0.111075 0.599561 0.142013 0.147351
0.166545 0.490929 0.337403 0.00512296
0.253536 0.182317 0.481742 0.082405
0.0948802 0.708527 0.137462 0.0591308
0.0443145 0.550372 0.293097 0.112216
0.105057 0.184192 0.710651 9.9991E-05
0.00269007 0.584605 0.314788 0.0979171
9.9991E-05 0.642132 0.192568 0.1652
0.102576 0.683711 0.155552 0.0581606
0.0972771 0.446608 0.386973 0.0691425
0.0122617 0.47949 0.369971 0.138277
0.124935 0.589845 0.157472 0.127747
0.0852022 0.353152 0.561546 9.9991E-05
9.9982E-05 0.790809 0.208991 9.9982E-05
0.0163316 0.567292 0.416276 9.9991E-05
0.0925945 0.652861 0.158916 0.0956283
9.9982E-05 0.36495 0.63485 9.9982E-05
9.9982E-05 0.321863 0.677937 9.9982E-05
9.9982E-05 0.627578 0.372222 9.9982E-05
0.0272311 0.698397 0.257077 0.017295
0.146705 0.625058 0.159705 0.0685322
0.0475256 0.619752 0.305247 0.0274747
0.0477154 0.450451 0.458097 0.0437364
0.0562827 0.475061 0.468556 9.9991E-05
0.0844639 0.598747 0.208532 0.108257
0.0272414 0.569186 0.403473 9.9991E-05
0.053877 0.654061 0.291962 9.9991E-05
9.9982E-05 0.650637 0.349163 9.9982E-05
9.9991E-05 0.261375 0.73145 0.00707514
0.0222833 0.70962 0.148548 0.119549
0.873474 0.11882 0.000247879 0.00745819
0.928429 0.071371 9.9982E-05 9.9982E-05
0.879335 0.0643068 9.9991E-05 0.0562581
0.944477 0.005572 9.9991E-05 0.0498509
0.886828 0.0737543 9.9991E-05 0.0393176
0.92999 0.0552493 0.0146609 9.9991E-05
0.958054 0.0173787 9.9991E-05 0.0244674
0.109152 0.728861 0.108537 0.0534503
0.191076 0.654821 0.0725612 0.0815416
9.9982E-05 0.368823 0.630977 9.9982E-05
0.0897797 0.660547 0.144361 0.105312
0.0555352 0.694185 0.25018 9.9991E-05
0.106334 0.831111 0.060672 0.00188286
0.0682438 0.657472 0.206195 0.0680885
0.000269676 0.675324 0.178966 0.14544
0.0342025 0.247453 0.718245 9.9991E-05
0.170872 0.575054 0.175088 0.0789859
0.0631479 0.767431 0.0991801 0.0702407
0.114741 0.607222 0.134677 0.143359
9.9991E-05 0.532297 0.437299 0.0303044
0.0444975 0.769767 0.185636 9.9991E-05
0.0222874 0.717933 0.25968 9.9991E-05
9.9991E-05 0.552938 0.350659 0.0963025
0.0437591 0.707223 0.248918 9.9991E-05
0.141734 0.706587 0.0880054 0.0636732
0.0712627 0.192319 0.581063 0.155355
0.152647 0.449091 0.27671 0.121553
0.1164 0.585558 0.163146 0.134896
0.137087 0.689186 0.13863 0.0350972
0.107517 0.676463 0.215921 9.9991E-05
0.0104657 0.68786 0.190953 0.110721
0.0776401 0.591934 0.296099 0.0343272
0.142264 0.61824 0.172409 0.0670873
0.114905 0.743108 0.105673 0.036314
0.151063 0.737673 0.0997778 0.0114859
0.0401444 0.736359 0.223397 9.9991E-05
0.0305017 0.747292 0.12961 0.0925964
0.122622 0.664408 0.104497 0.108473
0.00736943 0.704359 0.194104 0.0941674
0.128945 0.612457 0.152457 0.106141
0.0371654 0.638664 0.179294 0.144877
0.198987 0.485393 0.300831 0.0147885
0.035466 0.677652 0.118299 0.168583
0.0246949 0.811756 0.0536394 0.10991
0.0960453 0.43645 0.457592 0.00991291
0.0292909 0.145041 0.661024 0.164644
0.0212313 0.628003 0.258556 0.0922101
9.9991E-05 0.146282 0.707552 0.146066
0.0772506 0.448052 0.474597 9.9991E-05
0.0995285 0.592445 0.307926 9.9991E-05
0.0637819 0.464102 0.472017 9.9991E-05
0.0351993 0.457373 0.507328 9.9991E-05
0.105702 0.716227 0.127654 0.050417
0.124793 0.592165 0.165647 0.117394
0.114345 0.59354 0.237278 0.0548369
9.9991E-05 0.204798 0.659273 0.135829
0.200481 0.56104 0.11134 0.127139
0.0595067 0.627971 0.188954 0.123569
0.173105 0.0796971 0.695434 0.0517644
0.113582 0.835235 0.0283304 0.0228524
0.143873 0.415461 0.365364 0.0753022
0.110631 0.604675 0.170318 0.114376
0.0886761 0.273016 0.510618 0.127689
0.127344 0.369388 0.503169 9.9991E-05
0.0733013 0.552446 0.30265 0.0716021
0.160784 0.41746 0.27803 0.143727
0.165877 0.40031 0.318541 0.115273
0.0573061 0.0749809 0.630984 0.236729
0.0440337 0.48965 0.214354 0.251963
9.9991E-05 0.475949 0.500188 0.023763
0.000858699 0.645973 0.312595 0.0405734
0.0966526 0.727393 0.0939388 0.0820152
0.354994 0.104759 0.224558 0.315689
0.603315 9.9991E-05 0.220296 0.176289
0.457234 9.9991E-05 0.288627 0.25404
0.412309 0.032534 0.143176 0.411981
9.9991E-05 0.730399 0.16075 0.108751
0.113052 0.581837 0.190038 0.115072
9.9982E-05 0.304322 9.9982E-05 0.695478
0.0627243 0.488318 9.9991E-05 0.448857
0.123357 0.348294 0.0600301 0.468319
9.9991E-05 0.457278 0.446146 0.0964762
0.118219 0.616055 0.137166 0.12856
0.0272793 0.183144 0.641937 0.147639
0.0227866 0.729988 0.220787 0.0264384
0.0510597 0.592806 0.289337 0.0667973
0.0152416 0.628283 0.229012 0.127464
9.9991E-05 0.244965 0.64459 0.110345
0.0344743 0.6773 0.183472 0.104754
0.0575654 0.641122 0.148502 0.152811
9.998E-05 9.998E-05 9.998E-05 0.9997
9.9991E-05 0.0333207 0.00990943 0.95667
0.00716967 0.381137 0.0352132 0.57648
0.0240798 0.29036 9.9991E-05 0.68546
0.0186247 0.14665 9.9991E-05 0.834625
9.998E-05 9.998E-05 9.998E-05 0.9997
0.00229035 9.9982E-05 9.9982E-05 0.99751
9.9982E-05 0.0635282 9.9982E-05 0.936272
9.9982E-05 0.0131158 9.9982E-05 0.986684
9.998E-05 9.998E-05 9.998E-05 0.9997
0.0124096 9.9982E-05 9.9982E-05 0.98739
0.0215512 0.172208 9.9991E-05 0.806141
0.0162668 0.159179 9.9991E-05 0.824454
9.9982E-05 9.9982E-05 0.00243427 0.997366
0.0442426 0.403895 0.103112 0.44875
0.044016 0.211987 0.0751606 0.668836
0.0395768 0.172838 9.9991E-05 0.787485
0.0168486 0.0564222 9.9991E-05 0.926629
9.998E-05 9.998E-05 9.998E-05 0.9997
0.0299384 0.045791 9.9991E-05 0.924171
9.998E-05 9.998E-05 9.998E-05 0.9997
0.0274852 0.275436 9.9991E-05 0.696979
9.9982E-05 9.9982E-05 0.0733361 0.926464
0.387949 9.9991E-05 0.484643 0.127308
0.18585 0.403111 0.231679 0.17936
0.225169 0.479129 0.166928 0.128774
0.259922 0.219915 0.324086 0.196078
0.187305 0.444056 0.154197 0.214442
0.261402 0.228711 0.311069 0.198818
0.16575 0.506734 0.217168 0.110349
0.14493 0.298048 0.27844 0.278581
0.177387 0.494246 0.131162 0.197206
0.144155 0.338068 0.18175 0.336028
0.211473 0.599545 0.0663951 0.122588
0.860512 0.0575996 0.0817885 9.9991E-05
0.947201 9.9982E-05 9.9982E-05 0.0525989
0.981363 9.9982E-05 0.0184367 9.9982E-05
0.969485 0.0125802 0.0178348 9.9991E-05
0.91472 9.9991E-05 0.0381577 0.0470223
0.929369 9.9982E-05 9.9982E-05 0.0704308
0.906206 9.9982E-05 9.9982E-05 0.0935936
0.886052 9.99999E-05 0.0704785 0.0433693
0.939157 0.0164272 0.00601252 0.0384035
0.890265 0.0108786 9.9991E-05 0.0987561
0.64154 9.9991E-05 0.351929 0.00643174
0.645224 0.00953996 0.342667 0.00256924
0.617991 9.9982E-05 0.381809 9.9982E-05
0.554241 0.0369507 0.408708 9.9991E-05
0.0856157 0.701287 0.212998 9.9991E-05
0.0654345 0.74532 0.179705 0.00954012
0.0252952 0.813077 0.122068 0.0395594
0.0272941 0.591492 0.381114 9.9991E-05
0.0393447 0.374316 0.58624 9.9991E-05
0.0690392 0.778829 0.133995 0.0181361
0.00675656 0.809623 0.1709 0.0127197
0.0246308 0.687698 0.287571 9.9991E-05
9.9991E-05 0.599722 0.360155 0.0400226
0.0465602 0.780654 0.0773313 0.0954544
0.00574902 0.629222 0.364929 9.9991E-05
9.9982E-05 0.205968 0.793832 9.9982E-05
0.030586 0.652597 0.238133 0.0786833
9.9982E-05 0.532379 0.467421 9.9982E-05
9.9982E-05 0.788152 0.211648 9.9982E-05
0.0441149 0.438692 0.517093 9.9991E-05
0.221493 0.0558059 0.722601 9.9991E-05
0.215939 0.160078 0.623883 9.9991E-05
0.169596 0.0867573 0.743547 9.9991E-05
0.220377 0.0821233 0.6974 9.9991E-05
0.130301 0.156707 0.70643 0.00656161
0.207575 0.202076 0.571328 0.0190207
0.894642 0.0942916 9.9991E-05 0.0109662
0.885837 0.033257 0.0517484 0.029158
0.791559 0.0663924 9.9991E-05 0.141948
0.801411 0.0688438 0.0207286 0.109016
0.789838 0.0522313 0.0224462 0.135485
0.50473 0.0130959 0.482074 9.9991E-05
0.541025 9.9982E-05 0.458775 9.9982E-05
0.545748 0.00636185 0.447791 9.9991E-05
0.863443 0.0500254 9.9991E-05 0.0864314
0.432303 0.0151481 0.552449 9.9991E-05
0.264014 0.316222 9.99931E-05 0.419664
0.170283 0.551373 0.0310027 0.247342
0.156749 0.530833 9.9991E-05 0.312318
0.302096 0.41584 0.021681 0.260383
0.179913 0.583831 9.9991E-05 0.236156
0.476753 9.9991E-05 0.161574 0.361572
0.0474722 0.597204 0.353545 0.00177887
0.0740958 0.439409 0.412781 0.0737145
0.123201 0.422262 0.454437 9.9991E-05
9.9991E-05 0.595807 0.339877 0.0642155
9.9982E-05 9.9982E-05 0.986674 0.013126
0.103932 0.590713 0.171754 0.133601
0.055114 0.595517 0.302274 0.0470943
0.0717298 0.522407 0.405763 9.9991E-05
0.107164 0.582662 0.203058 0.107117
0.0264725 0.218002 0.709464 0.046062
0.00922984 0.513386 0.370874 0.106509
9.9991E-05 0.665713 0.283412 0.0507745
0.17892 0.444063 0.125566 0.251451
9.9991E-05 0.472916 0.452891 0.0740931
0.052721 0.556857 0.350315 0.0401066
9.9991E-05 0.532007 0.296066 0.171827
0.0502484 0.726674 0.196377 0.0266999
0.0967715 0.695088 0.116512 0.0916288
0.0994986 0.661898 0.141912 0.0966917
0.117153 0.638336 0.16807 0.0764408
0.776959 0.110034 9.9991E-05 0.112908
0.866389 0.0991414 9.9991E-05 0.0343699
0.795472 0.0520866 0.114759 0.0376833
0.863816 0.0374536 0.0634717 0.0352587
0.892322 0.10109 9.9991E-05 0.00648825
0.0910406 0.287926 0.586488 0.0345458
0.0536468 0.555663 0.280046 0.110644
0.242424 0.451783 0.111955 0.193838
0.0653247 0.678298 0.124384 0.131994
0.107053 0.617167 0.215673 0.0601073
0.0562336 0.33225 0.488668 0.122848
0.224748 0.101313 0.67384 9.9991E-05
0.0935311 0.644882 0.210849 0.0507374
0.16257 0.284886 0.505509 0.0470355
9.9991E-05 0.494973 0.320635 0.184292
0.197336 0.23502 0.567545 9.9991E-05
0.0973972 0.717446 0.122997 0.0621598
0.140314 0.356783 0.502803 9.9991E-05
0.0574662 0.456754 0.413206 0.0725735
0.151656 0.596289 0.218872 0.0331837
0.0402176 0.360587 0.486409 0.112787
0.0214805 0.67949 0.217404 0.081626
0.181473 0.654249 0.0957959 0.0684821
0.0270456 0.481319 0.44472 0.0469154
0.0869932 0.531755 0.247983 0.133269
0.0971884 0.624551 0.183761 0.0944993
9.9982E-05 0.252361 0.747439 9.9982E-05
0.00887219 0.3357 0.6081 0.0473272
0.0527524 0.606565 0.277779 0.0629035
0.0409787 0.324631 0.634291 9.9991E-05
0.0422223 0.656667 0.30101 9.9991E-05
0.112733 0.249814 0.619666 0.0177877
9.9991E-05 0.312088 0.630272 0.0575398
0.0395089 0.415082 0.39045 0.154959
0.0359347 0.672118 0.139013 0.152934
9.9991E-05 0.403564 0.591425 0.00491118
0.150924 0.398809 0.265426 0.18484
0.0948534 0.53503 0.212698 0.157419
0.0716719 0.597294 0.246985 0.0840497
0.0364735 0.56593 0.239585 0.158012
0.0190506 0.494492 0.3974 0.089057
9.9991E-05 0.329891 0.563237 0.106772
0.00174468 0.454227 0.442238 0.101791
9.9991E-05 0.745505 0.153455 0.10094
0.0934223 0.636944 0.190113 0.0795207
0.100841 0.582509 0.289195 0.0274548
0.0410603 0.53515 0.269351 0.154439
0.118163 0.485286 0.342764 0.0537868
0.0565959 0.737726 0.132594 0.0730837
0.0141673 0.62228 0.235359 0.128193
0.0644344 0.498008 0.271914 0.165643
0.358369 0.487513 9.9991E-05 0.154018
0.120647 0.478924 0.0850101 0.315419
0.230452 0.504602 0.0699317 0.195014
0.0970317 0.67109 0.0528687 0.179009
0.228482 0.482921 0.0143658 0.274232
9.9991E-05 0.533076 0.391287 0.0755372
0.183492 0.639224 9.9991E-05 0.177184
0.245289 0.0222901 0.487498 0.244923
0.139995 0.61802 0.0497489 0.192236
0.103282 0.585701 0.0993949 0.211623
0.0528119 0.476725 0.190087 0.280377
0.170244 0.363159 0.26913 0.197468
0.154143 0.586808 9.9991E-05 0.258949
0.195568 0.552744 0.00998949 0.241698
0.526718 9.9991E-05 0.255214 0.217968
0.102792 0.509446 0.0953632 0.292399
0.195192 0.437035 0.039288 0.328485
0.151295 0.680956 0.0258632 0.141885
0.1977 0.511013 0.0141137 0.277174
0.219675 0.572201 0.0409718 0.167153
0.0381657 0.571624 0.295279 0.0949315
0.0132913 0.5744 0.256425 0.155884
9.9991E-05 0.176717 0.775181 0.0480018
9.9991E-05 0.151803 0.822675 0.0254218
0.056729 0.59135 0.191117 0.160804
0.0924332 0.452271 0.0911677 0.364128
0.0880653 0.349819 0.110199 0.451916
0.274379 0.20379 0.160131 0.3617
0.182855 0.335103 0.115747 0.366295
0.0337636 0.0938896 0.608192 0.264155
0.0951256 0.262781 0.438233 0.20386
0.0111959 0.592791 0.201573 0.194439
0.0414601 0.532812 0.216347 0.209381
0.0534314 0.298925 0.43146 0.216184
0.0645654 0.631706 0.163861 0.139867
0.0182407 0.566804 0.180306 0.23465
0.13433 0.452024 0.216061 0.197586
0.0438965 0.542966 0.413037 9.9991E-05
0.00903463 0.457061 0.422934 0.11097
0.0561707 0.660377 0.212281 0.0711714
0.0397649 0.459855 0.370371 0.130009
0.0154926 0.444814 0.377221 0.162473
9.9991E-05 0.538952 0.365853 0.0950952
9.9991E-05 0.314048 0.585782 0.100069
0.0675153 0.679366 0.166365 0.086754
9.9991E-05 0.377315 0.568178 0.0544071
0.00112682 0.512241 0.375926 0.110706
0.127513 0.554783 0.192815 0.124889
0.0367661 0.567198 0.303414 0.0926211
0.193786 0.498583 9.9991E-05 0.307531
0.145539 0.454746 0.186138 0.213576
0.152252 0.395227 0.0921551 0.360366
0.190066 0.293253 0.20856 0.308121
0.196892 0.569893 0.0333973 0.199818
0.146611 0.503185 0.100912 0.249292
0.170051 9.9991E-05 0.55852 0.271329
0.0720785 0.6256 0.0527891 0.249533
0.42254 9.9991E-05 0.367559 0.209802
0.0628735 0.591524 0.0647663 0.280836
9.9982E-05 0.337439 0.662361 9.9982E-05
9.9991E-05 0.0762652 0.88544 0.0381947
9.9991E-05 0.580181 0.361712 0.058007
0.0721478 0.711966 0.166526 0.0493608
9.9991E-05 0.550116 0.424891 0.0248921
9.9991E-05 0.683306 0.245634 0.0709602
9.9991E-05 0.720613 0.208318 0.0709693
0.837088 0.0633117 0.0463512 0.0532487
0.78007 9.9991E-05 0.12312 0.0967094
0.930902 9.9982E-05 9.9982E-05 0.0688985
0.968862 0.030938 9.9982E-05 9.9982E-05
0.0546309 0.63171 0.26863 0.0450292
0.095259 0.768695 0.135946 9.9991E-05
9.9982E-05 0.82345 0.17635 9.9982E-05
0.133434 0.782124 0.0843419 9.9991E-05
0.131683 0.628757 0.23946 9.9991E-05
0.00410745 0.494658 0.501135 9.9991E-05
0.00149972 0.872258 0.10294 0.0233023
0.0319897 0.638704 0.329207 9.9991E-05
0.230611 0.544014 9.9991E-05 0.225276
9.9991E-05 0.636571 0.284499 0.0788307
9.9982E-05 0.625204 0.374596 9.9982E-05
0.026111 0.809548 0.164241 9.9991E-05
9.9982E-05 0.763249 0.236551 9.9982E-05
9.9991E-05 0.785307 0.178041 0.0365526
0.0342239 0.858963 0.0726377 0.0341749
9.9982E-05 0.460815 0.538985 9.9982E-05
9.9991E-05 0.44902 0.511886 0.0389944
0.0428342 0.573502 0.383564 9.9991E-05
9.9982E-05 0.230826 0.768974 9.9982E-05
0.0736926 0.680614 0.245594 9.9991E-05
0.0020457 0.363182 0.631163 0.00360937
9.9982E-05 0.216865 0.782935 9.9982E-05
0.00423474 0.835389 0.131447 0.0289293
0.00903717 0.546754 0.444109 9.9991E-05
0.0171115 0.639073 0.274103 0.0697131
0.0762697 0.587069 0.167264 0.169398
9.9991E-05 0.76438 0.188215 0.0473048
9.9991E-05 0.414688 0.44986 0.135352
0.0215407 0.743447 0.181167 0.0538448
0.0150886 0.766039 0.177349 0.0415233
9.9982E-05 0.591137 0.408663 9.9982E-05
0.116588 0.657773 0.14607 0.0795689
0.705718 0.0391103 0.255071 9.9991E-05
0.810862 0.0921532 0.0968847 9.9991E-05
0.851283 9.9982E-05 0.148517 9.9982E-05
0.858757 9.9982E-05 0.141043 9.9982E-05
0.818336 0.0398732 0.141691 9.9991E-05
0.0578054 0.494692 0.447403 9.9991E-05
0.0317781 0.45162 0.516501 9.9991E-05
9.9982E-05 0.480399 0.519401 9.9982E-05
0.0727124 0.617494 0.0906411 0.219152
0.122839 0.697906 0.179155 9.9991E-05
0.0392803 0.594136 0.366484 9.9991E-05
9.9991E-05 0.678842 0.207325 0.113733
0.0239184 0.660131 0.262816 0.0531339
9.9991E-05 0.736389 0.170598 0.0929129
0.128802 0.788405 0.0793739 0.00341957
9.9991E-05 0.527267 0.454903 0.01773
9.9982E-05 0.676585 0.323215 9.9982E-05
9.9982E-05 0.572231 0.427569 9.9982E-05
0.139331 0.648651 0.085525 0.126493
9.9982E-05 0.73417 0.26563 9.9982E-05
0.0509966 0.713093 0.235811 9.9991E-05
0.0792273 0.492626 0.00372867 0.424418
0.125572 0.275404 0.0776065 0.521418
0.0920552 0.417802 0.0369693 0.453174
0.123773 0.302645 0.0557361 0.517846
0.133295 0.478604 9.9991E-05 0.388001
0.0273335 0.644476 0.260389 0.0678015
0.243599 9.9991E-05 0.0468132 0.709487
0.177087 0.309089 9.9991E-05 0.513725
0.194762 0.416584 0.188541 0.200113
0.156937 0.713049 0.129914 9.9991E-05
0.158785 0.525596 0.273477 0.0421426
0.145101 0.681008 0.0800851 0.0938053
0.143875 0.733717 0.0789288 0.0434796
0.209035 0.235686 9.9991E-05 0.555179
0.0789722 0.39455 0.0432733 0.483204
0.0584615 0.411882 9.9991E-05 0.529556
0.165933 0.444058 0.0287603 0.361248
0.113778 0.320433 0.00198119 0.563808
0.113569 0.376743 0.0990423 0.410646
0.161833 0.199005 0.016598 0.622564
0.106936 0.36956 0.0490626 0.474442
0.129756 0.674333 0.135551 0.0603609
0.217155 0.375946 9.9991E-05 0.406799
0.153951 0.140626 9.9991E-05 0.705323
0.109676 0.405962 0.13217 0.352192
0.211355 0.345608 0.442937 9.9991E-05
9.9991E-05 0.593348 0.179486 0.227066
0.175495 0.427424 9.9991E-05 0.396982
0.130813 0.595283 0.130931 0.142973
0.224797 0.604789 0.118948 0.0514661
0.151789 0.369379 0.189418 0.289414
0.237964 0.362855 0.0484121 0.350769
0.156713 0.649115 0.0313235 0.162848
0.111326 0.416492 0.0344593 0.437722
0.102926 0.371507 9.9991E-05 0.525467
0.209466 0.137308 9.9991E-05 0.653127
0.144325 0.700586 0.0492762 0.105812
0.192379 0.652412 0.155109 9.9991E-05
0.134009 0.26481 0.472318 0.128863
0.157886 0.736515 0.0136125 0.0919865
0.132497 0.482885 0.273245 0.111373
0.287476 0.494911 0.00850621 0.209107
0.135337 0.559776 0.153403 0.151484
0.347085 9.9991E-05 0.38222 0.270595
0.349167 9.9991E-05 0.426497 0.224236
0.151588 0.302733 0.322582 0.223097
0.330653 9.9991E-05 0.339933 0.329313
0.490174 9.9991E-05 0.218381 0.291345
0.15175 0.41017 0.198346 0.239734
0.222093 0.343907 0.194123 0.239876
0.283393 0.142665 0.261102 0.31284
0.339131 0.00106338 0.38424 0.275565
0.212979 0.416775 0.150577 0.219669
0.25 0.0558076 0.426479 0.267713
0.487976 9.9991E-05 0.37081 0.141114
0.087297 0.506645 0.146129 0.259929
0.169573 0.391174 0.113451 0.325802
0.310075 0.469165 0.0301376 0.190622
0.154101 0.524753 9.9991E-05 0.321046
0.184914 0.508302 0.0408978 0.265886
0.137991 0.485645 0.0520012 0.324362
0.359804 0.410812 9.9991E-05 0.229283
0.233313 0.58112 9.9991E-05 0.185467
0.211422 0.504515 9.9991E-05 0.283963
0.30629 0.382096 0.0390725 0.272541
0.160123 0.465825 0.250008 0.124044
0.198513 0.615112 0.0274384 0.158937
0.119512 0.553745 0.0939661 0.232777
0.119727 0.732243 0.0261097 0.12192
0.295624 0.376102 0.0248862 0.303388
0.228738 0.533923 9.9991E-05 0.23724
0.374921 0.233781 0.146181 0.245117
0.173122 0.609173 0.00276196 0.214942
0.267256 0.190595 0.141491 0.400658
0.810857 9.9991E-05 0.174513 0.0145299
0.225127 0.220186 0.554587 9.9991E-05
0.153167 0.0508813 0.795851 9.9991E-05
0.190792 0.0937518 0.715357 9.9991E-05
0.124349 0.108367 0.767184 9.9991E-05
0.195476 0.154454 0.64997 9.9991E-05
0.132676 0.224173 0.643051 9.9991E-05
0.169508 0.0653702 0.765022 9.9991E-05
0.342004 0.116715 0.541181 9.9991E-05
0.935376 0.0187725 0.0207384 0.0251136
0.884751 0.111431 0.00371787 9.9991E-05
0.903658 9.9991E-05 0.0346755 0.0615661
0.847846 0.0240348 0.128019 9.9991E-05
0.923349 0.0110615 0.0213744 0.0442151
0.923659 9.9982E-05 0.0761412 9.9982E-05
0.754984 0.0179662 0.0428392 0.184211
0.890973 0.0132878 0.0226648 0.0730747
0.738783 0.118951 0.0757466 0.066519
0.924979 9.9982E-05 9.9982E-05 0.0748211
0.98747 9.9982E-05 0.0123298 9.9982E-05
0.883772 0.0506637 0.00011222 0.0654524
0.984978 9.9982E-05 9.9982E-05 0.0148216
0.918578 0.0695743 9.9991E-05 0.0117479
0.863817 0.0870427 9.9991E-05 0.0490406
0.865856 0.0634947 9.9991E-05 0.0705496
0.753479 0.0439743 9.9991E-05 0.202447
0.774966 0.110202 9.9991E-05 0.114732
0.828301 0.118182 9.9991E-05 0.0534174
0.189726 0.484425 0.243378 0.0824715
0.144856 0.838972 0.0160722 9.9991E-05
0.242838 0.634219 9.9991E-05 0.122842
0.0436936 0.190397 0.604304 0.161606
0.227326 0.591477 0.148429 0.0327682
0.192763 0.123296 0.567362 0.116579
0.0977103 0.660524 0.11418 0.127586
0.127256 0.540336 0.332308 9.9991E-05
0.130989 0.652068 0.206085 0.0108577
0.0723442 0.760763 0.166793 9.9991E-05
0.152648 0.543615 0.303637 9.9991E-05
0.105376 0.729622 0.154274 0.010728
0.085061 0.660452 0.165254 0.0892335
9.9991E-05 0.147482 0.739207 0.113211
0.0581049 9.9991E-05 0.879767 0.062028
0.07379 0.209812 0.605604 0.110794
0.131119 0.648777 0.144167 0.0759374
0.136894 0.570631 0.192755 0.0997204
0.152463 0.626646 0.198482 0.0224087
0.119608 0.700155 0.0417409 0.138496
0.154656 0.564257 0.0609084 0.220179
0.195674 0.537036 0.00398901 0.263302
0.443928 0.22479 0.169561 0.16172
0.178282 0.721177 0.0624519 0.0380886
0.231518 0.38539 0.139264 0.243828
0.462409 9.9991E-05 0.32162 0.215871
0.310516 0.277661 0.0815249 0.330297
0.377327 0.336596 0.0713939 0.214683
0.362565 0.490672 0.0366064 0.110157
0.148178 0.572315 0.0600391 0.219467
0.227222 0.632089 9.9991E-05 0.14059
0.138657 0.608782 9.9991E-05 0.252461
0.182873 0.495269 0.108014 0.213845
0.474961 0.392477 9.9991E-05 0.132461
