9.9955E-05 0.808027 9.9955E-05 0.0296717 0.115 9.9955E-05 9.9955E-05 9.9955E-05 0.0165767 0.0302252
9.9955E-05 0.872447 0.092459 9.9955E-05 0.0049492 9.9955E-05 0.00988152 9.9955E-05 0.0197632 9.9955E-05
9.9946E-05 0.717842 9.9946E-05 0.0770695 9.9946E-05 0.173142 9.9946E-05 0.0313466 9.9946E-05 9.9946E-05
9.9964E-05 0.737138 0.00779829 9.9964E-05 0.068866 0.0822838 9.9964E-05 9.9964E-05 0.0197558 0.0837583
9.9955E-05 0.814785 9.9955E-05 9.9955E-05 0.0998669 0.0205114 9.9955E-05 0.00713075 9.9955E-05 0.0572058
0.287524 0.514613 9.9955E-05 9.9955E-05 0.0970183 9.9955E-05 9.9955E-05 0.0465773 9.9955E-05 0.0537674
0.25738 0.737969 9.9937E-05 9.9937E-05 0.0039522 9.9937E-05 9.9937E-05 9.9937E-05 9.9937E-05 9.9937E-05
0.285775 0.662683 9.9946E-05 9.9946E-05 9.9946E-05 9.9946E-05 9.9946E-05 0.0161934 9.9946E-05 0.0347484
9.99639E-05 0.777069 0.0249232 0.0306435 9.99639E-05 9.99639E-05 0.0818025 9.99639E-05 0.00117206 0.0839899
0.186498 0.583899 0.00851871 9.9964E-05 0.148055 9.9964E-05 9.9964E-05 0.032395 9.9964E-05 0.0402346
0.273852 0.646285 9.9955E-05 9.9955E-05 9.9955E-05 0.00486531 9.9955E-05 9.9955E-05 0.0131063 0.0613921
0.0441788 9.9946E-05 9.9946E-05 9.9946E-05 9.9946E-05 0.0342114 9.9946E-05 0.122657 0.798353 9.9946E-05
0.0821458 0.027296 9.9973E-05 9.9973E-05 0.0723792 0.373611 9.9973E-05 0.0836645 0.307407 0.0531959
9.9982E-05 0.018896 0.0671585 0.071417 0.0198342 0.131597 9.9982E-05 0.0711088 0.594064 0.0257247
9.9946E-05 0.047212 9.9946E-05 9.9946E-05 9.9946E-05 0.136758 9.9946E-05 0.163206 0.652225 9.9946E-05
0.0583714 0.13171 9.9964E-05 9.9964E-05 9.9964E-05 0.251807 0.0318562 0.16498 0.360876 9.9964E-05
0.0219414 9.9973E-05 0.0432345 9.9973E-05 0.130654 0.54281 9.9973E-05 0.0275208 0.2238 0.00973899
0.153442 9.9964E-05 9.9964E-05 9.9964E-05 9.9964E-05 0.302807 0.0360422 0.120739 0.349509 0.0370603
9.9955E-05 0.0713016 9.9955E-05 0.0474638 9.9955E-05 0.167629 9.9955E-05 0.138179 0.574927 9.9955E-05
0.157819 0.056819 9.9937E-05 9.9937E-05 9.9937E-05 9.9937E-05 9.9937E-05 9.9937E-05 0.784662 9.9937E-05
9.9973E-05 0.0471409 0.137388 9.9973E-05 0.0270838 0.370463 0.0196284 0.0433313 0.354664 9.9973E-05
0.0978837 0.0605467 0.0714306 0.125427 0.0332703 0.483758 9.9973E-05 9.9973E-05 0.127383 9.9973E-05
0.0687745 9.9973E-05 0.0314763 9.9973E-05 0.074605 0.481079 9.9973E-05 0.009828 0.280794 0.0531438
0.0458505 9.9955E-05 0.00109088 9.9955E-05 9.9955E-05 0.144158 9.9955E-05 0.0998678 0.708533 9.9955E-05
0.0217246 9.9973E-05 9.9973E-05 0.0720485 0.20603 0.46444 0.0457551 9.9973E-05 0.155155 0.0345466
0.0685731 9.9964E-05 9.9964E-05 0.0341357 0.0839919 0.364948 9.9964E-05 0.113217 0.334735 9.9964E-05
0.0445713 0.00790835 9.9964E-05 9.9964E-05 0.0490972 0.0458897 9.9964E-05 0.0956318 0.756502 9.9964E-05
0.0159655 0.0165794 9.9964E-05 9.9964E-05 0.0577738 0.0426446 9.9964E-05 0.181279 0.685358 9.9964E-05
0.00480534 9.9955E-05 0.0480002 9.9955E-05 9.9955E-05 0.150387 9.9955E-05 0.0520823 0.744225 9.9955E-05
9.9928E-05 0.650703 9.9928E-05 9.9928E-05 0.348498 9.9928E-05 9.9928E-05 9.9928E-05 9.9928E-05 9.9928E-05
9.9928E-05 0.661651 9.9928E-05 9.9928E-05 0.337549 9.9928E-05 9.9928E-05 9.9928E-05 9.9928E-05 9.9928E-05
9.9964E-05 0.729666 9.9964E-05 9.9964E-05 0.0249691 0.159925 0.00694847 0.03077 0.0473224 9.9964E-05
9.9964E-05 0.655251 9.9964E-05 0.0448328 0.139296 0.11048 0.0285652 0.0211759 9.9964E-05 9.9964E-05
0.0699641 9.9973E-05 0.0162688 9.9973E-05 0.143019 0.438041 0.245464 9.9973E-05 0.0612959 0.0256468
0.0172765 0.0551081 9.9964E-05 9.9964E-05 0.226957 0.314955 0.26 9.9964E-05 0.125304 9.9964E-05
9.9964E-05 0.0531673 0.00989274 9.9964E-05 0.0218798 0.529449 0.347329 0.0378824 9.9964E-05 9.9964E-05
0.000130404 0.0946661 0.0348105 9.9973E-05 9.9973E-05 0.0961837 9.9973E-05 0.026286 0.612716 0.134908
0.000598456 0.0208406 9.9973E-05 9.9973E-05 0.106298 0.27619 0.552622 9.9973E-05 0.0237063 0.0194456
0.0602292 0.135235 9.9973E-05 9.9973E-05 0.0642856 0.380296 0.227576 0.0330596 0.0990189 9.9973E-05
0.146762 0.00621505 9.9964E-05 0.0286267 0.102302 0.532818 0.182877 9.9964E-05 9.9964E-05 9.9964E-05
0.330806 0.0983602 9.9973E-05 9.9973E-05 0.0487034 0.437079 0.0124594 0.00123132 9.9973E-05 0.0710602
0.135179 0.0665239 9.9973E-05 9.9973E-05 0.022061 0.535918 0.13582 0.0288963 9.9973E-05 0.0753021
9.9955E-05 0.0206483 9.9955E-05 0.0261576 9.9955E-05 0.0866006 0.654155 9.9955E-05 0.211938 9.9955E-05
0.317547 9.9946E-05 9.9946E-05 9.9946E-05 0.167115 0.459349 9.9946E-05 9.9946E-05 0.0553901 9.9946E-05
9.9964E-05 9.9964E-05 9.9964E-05 9.9964E-05 0.149698 0.41772 0.292883 0.102038 0.0358185 0.00144262
0.185031 0.13571 9.9964E-05 0.0256347 9.9964E-05 0.505066 0.0575097 0.0906485 9.9964E-05 9.9964E-05
9.9946E-05 9.9946E-05 0.0354868 0.0467154 9.9946E-05 0.261645 0.655553 9.9946E-05 9.9946E-05 9.9946E-05
0.0157266 9.9955E-05 9.9955E-05 0.0365562 0.122286 0.562916 0.262015 9.9955E-05 9.9955E-05 9.9955E-05
0.029637 0.107823 9.9982E-05 0.0126508 0.119785 0.433914 0.200295 9.9982E-05 0.0114266 0.0842679
0.0108954 0.0466761 0.00812871 0.171485 9.9964E-05 9.9964E-05 0.736127 9.9964E-05 9.9964E-05 0.0262875
0.110177 9.9973E-05 0.0605816 0.0316192 9.9973E-05 0.158205 0.161907 9.9973E-05 0.381486 0.0957251
0.186056 9.9955E-05 0.137978 0.155352 9.9955E-05 9.9955E-05 0.0888014 9.9955E-05 0.431312 9.9955E-05
9.9973E-05 0.106665 9.9973E-05 0.0261521 9.9973E-05 0.584387 0.0787143 0.0538927 0.044474 0.105415
0.104659 0.102724 0.0695942 9.9964E-05 0.0464154 0.56308 9.9964E-05 9.9964E-05 0.113128 9.9964E-05
0.103584 0.0269657 0.120203 9.9964E-05 0.190037 0.475358 9.9964E-05 9.9964E-05 0.0834527 9.9964E-05
0.0570945 0.054718 0.0357153 0.0613395 0.0502121 0.0987613 0.212446 9.9991E-05 0.283813 0.145799
0.0324568 9.9982E-05 0.026474 0.0309825 0.0372581 0.53698 9.9982E-05 0.008164 0.216295 0.111189
0.0506636 9.9973E-05 9.9973E-05 0.118609 0.0155924 0.484392 9.9973E-05 0.125795 0.180528 0.0241206
0.18031 0.0464106 0.0535146 0.0212611 9.9982E-05 0.329322 0.0836928 0.0310321 0.254257 9.9982E-05
0.0793663 0.155652 0.00874488 0.126997 0.0300746 9.99926E-05 0.0546596 0.0142548 0.471551 0.0585987
9.9973E-05 9.9973E-05 0.0263124 0.127431 0.126128 0.402726 0.0998798 9.9973E-05 0.180498 0.036725
9.9982E-05 0.0402978 0.08629 0.100206 0.0344604 0.359016 0.0180761 0.0116629 0.349791 9.9982E-05
0.0925 0.0617452 9.9964E-05 0.053895 9.9964E-05 9.9964E-05 0.0800373 9.9964E-05 0.678919 0.0325033
9.9955E-05 9.9955E-05 9.9955E-05 0.134525 0.0295788 0.359223 0.0510745 9.9955E-05 0.425098 9.9955E-05
0.00266618 9.9982E-05 0.140639 0.0706568 0.100365 0.537686 0.0755255 9.9982E-05 0.0436868 0.0285748
0.0159998 9.9973E-05 0.0149897 0.102231 0.252239 0.33665 0.111182 9.9973E-05 0.166409 9.9973E-05
0.00233731 0.0134493 0.154851 0.132328 9.9982E-05 0.232454 0.0780181 0.0512628 0.3351 9.9982E-05
0.0386771 9.9973E-05 0.0498266 0.0545272 0.0700767 0.425879 0.035849 9.9973E-05 0.324864 9.9973E-05
9.9982E-05 0.0903526 0.166982 0.00419618 0.0458675 0.45859 9.9982E-05 0.0527376 0.08824 0.0928346
0.012457 0.0300914 0.103466 0.036681 9.9982E-05 0.140815 0.126498 9.9982E-05 0.510548 0.0392437
0.000267946 9.9946E-05 9.9946E-05 9.9946E-05 9.9946E-05 0.5405 0.318703 9.9946E-05 9.9946E-05 0.139929
0.00152077 0.00202441 9.9964E-05 9.9964E-05 9.9964E-05 0.145556 0.600804 0.0200559 0.229638 9.9964E-05
0.00298796 0.055217 0.023335 0.040868 9.9991E-05 0.504365 0.188447 0.0605411 0.0558031 0.0683357
0.0209695 9.9946E-05 0.00489268 0.0744235 9.9946E-05 9.9946E-05 0.899115 9.9946E-05 9.9946E-05 9.9946E-05
0.0705647 9.9973E-05 0.0431859 9.9973E-05 9.9973E-05 0.0163336 0.726252 0.0101487 0.101598 0.0316171
9.99281E-05 9.99281E-05 9.99281E-05 9.99281E-05 9.99281E-05 0.303758 0.695442 9.99281E-05 9.99281E-05 9.99281E-05
0.00862401 0.0179804 9.9982E-05 9.9982E-05 0.00839794 0.39305 0.373927 0.0259702 0.115379 0.0564708
0.0228622 0.0870928 0.0268979 0.0943447 0.0407228 0.493275 0.121642 0.0543422 0.0219434 0.0368767
9.9955E-05 9.9955E-05 9.9955E-05 9.9955E-05 9.9955E-05 0.447467 0.363735 0.0699629 0.0483183 0.0700173
9.9964E-05 0.0302833 9.9964E-05 9.9964E-05 9.9964E-05 0.131542 0.532032 0.0323008 0.182205 0.0912365
9.9955E-05 0.0545006 9.9955E-05 9.9955E-05 9.9955E-05 0.25102 0.431921 9.9955E-05 0.0482338 0.213824
0.0150623 0.104843 9.9964E-05 9.9964E-05 9.9964E-05 0.418231 0.297932 0.0729039 9.9964E-05 0.0906282
0.045777 0.0109494 9.9964E-05 9.9964E-05 9.9964E-05 0.210282 0.51708 0.0557185 0.159793 9.9964E-05
0.0843769 0.0744523 9.9973E-05 9.9973E-05 0.00440247 0.435402 0.394194 0.00471512 0.00215815 9.9973E-05
0.063829 9.9955E-05 0.0156353 0.0122757 9.9955E-05 0.42346 0.4843 9.9955E-05 9.9955E-05 9.9955E-05
0.0337093 9.9955E-05 0.0847828 0.137402 9.9955E-05 9.9955E-05 0.730036 9.9955E-05 9.9955E-05 0.0135701
9.9973E-05 0.0440262 9.9973E-05 0.0365211 9.9973E-05 0.600723 0.261524 0.0178103 0.0276288 0.011467
9.9955E-05 0.736721 9.9955E-05 9.9955E-05 9.9955E-05 0.102993 9.9955E-05 0.0490981 0.0752167 0.0354718
9.99371E-05 0.875813 9.99371E-05 9.99371E-05 0.0341972 0.0892901 9.99371E-05 9.99371E-05 9.99371E-05 9.99371E-05
9.9937E-05 0.8181 9.9937E-05 9.9937E-05 0.138405 0.0427946 9.9937E-05 9.9937E-05 9.9937E-05 9.9937E-05
9.9946E-05 0.778169 9.9946E-05 0.12521 0.0615234 0.034498 9.9946E-05 9.9946E-05 9.9946E-05 9.9946E-05
0.0121862 0.784474 9.9973E-05 0.0278726 0.0856343 0.0326924 0.0218157 0.0350247 9.9973E-05 9.9973E-05
9.9955E-05 0.842843 0.00831658 0.0433794 9.9955E-05 0.0672174 9.9955E-05 0.0377438 9.9955E-05 9.9955E-05
9.9955E-05 0.84757 0.00441209 9.9955E-05 0.10381 9.9955E-05 9.9955E-05 0.0276915 0.0160169 9.9955E-05
0.107007 0.0854994 9.9973E-05 9.9973E-05 0.0603424 0.45774 0.130039 9.9973E-05 0.135235 0.0238365
0.0152922 0.0604425 0.0664527 0.0190646 9.9982E-05 0.536792 0.215352 0.0819346 9.9982E-05 0.00446961
9.9955E-05 0.041366 0.0182207 9.9955E-05 9.9955E-05 0.0285303 0.730633 9.9955E-05 0.18075 9.9955E-05
0.0163915 0.11989 9.9973E-05 9.9973E-05 0.130113 0.487556 0.185076 9.9973E-05 0.0141964 0.0464783
0.00822305 0.0516453 9.9964E-05 9.9964E-05 9.9964E-05 0.376087 0.373017 0.0429264 0.147701 9.9964E-05
9.9964E-05 0.0394186 0.0659863 9.9964E-05 0.0715352 0.520527 0.248301 0.0538322 9.9964E-05 9.9964E-05
9.9973E-05 0.0227374 0.105519 9.9973E-05 0.0114958 0.421391 0.281412 0.0694405 0.0877056 9.9973E-05
9.9964E-05 0.0134159 0.0319755 9.9964E-05 0.0336054 0.423624 0.409267 0.0877124 9.9964E-05 9.9964E-05
9.9946E-05 0.0678688 9.9946E-05 9.9946E-05 9.9946E-05 9.9946E-05 0.675571 9.9946E-05 0.199837 0.0561241
0.0742359 0.0637709 0.0233773 0.11258 9.9991E-05 0.452824 0.053719 0.0749356 0.0820306 0.0624263
0.0924407 9.9964E-05 9.9964E-05 0.0946256 0.0434218 0.579715 0.108417 9.9964E-05 0.0809804 9.9964E-05
9.9982E-05 0.033558 9.9982E-05 0.0113924 0.0650458 0.604073 0.161337 0.00449597 0.0549258 0.0649718
9.9946E-05 9.9946E-05 0.00288935 0.0844091 9.9946E-05 0.330574 0.581528 9.9946E-05 9.9946E-05 9.9946E-05
9.9946E-05 9.9946E-05 0.0700776 9.9946E-05 0.0234924 0.478779 0.427051 9.9946E-05 9.9946E-05 9.9946E-05
0.053782 0.0278313 9.9955E-05 9.9955E-05 9.9955E-05 0.424739 0.356325 9.9955E-05 0.136823 9.9955E-05
0.0119211 9.9955E-05 0.00747253 9.9955E-05 9.9955E-05 0.275928 0.587953 0.116226 9.9955E-05 9.9955E-05
0.0251016 0.0441656 9.9982E-05 0.026021 0.127506 0.236126 0.431338 9.9982E-05 0.0898587 0.0196827
0.0359955 0.0705236 9.9991E-05 0.0622627 0.0265531 0.486302 0.209777 0.0285627 0.02463 0.0552927
9.9973E-05 9.9973E-05 0.127591 0.119709 0.145227 0.0832115 0.116286 9.9973E-05 0.376712 0.0309636
0.0486481 0.0705186 9.9973E-05 9.9973E-05 0.204248 0.272459 9.9973E-05 0.015631 0.273153 0.115043
0.025225 0.114495 0.0528866 0.0371453 0.174705 0.33101 0.0730377 0.0185214 0.172874 9.9991E-05
0.0355599 0.0486624 0.0268795 0.0260039 0.0175221 0.481477 0.110078 0.0732851 0.0468618 0.13367
9.9955E-05 0.0311718 9.9955E-05 9.9955E-05 0.0643878 0.397854 9.9955E-05 0.00587476 0.500211 9.9955E-05
0.0546404 9.9982E-05 0.0641619 9.9982E-05 0.142739 0.497034 0.00481463 0.00624661 0.120403 0.10976
9.9982E-05 0.0752039 0.0386622 0.0150772 0.0224579 0.411876 0.00492922 9.9982E-05 0.296086 0.135507
9.9982E-05 0.0147894 0.0651903 0.0774871 0.00982762 0.553576 0.0755634 9.9982E-05 0.044759 0.158607
9.9964E-05 9.9964E-05 9.9964E-05 0.0881393 0.159646 0.444909 0.134125 9.9964E-05 0.10425 0.068531
0.0717394 0.0194793 0.00932622 0.045412 9.9982E-05 0.621035 0.0315983 0.00244798 0.198762 9.9982E-05
0.012934 0.0260937 0.0532567 0.00399944 9.9973E-05 0.56648 9.9973E-05 9.9973E-05 0.205797 0.131139
0.0288577 9.9955E-05 9.9955E-05 0.0685943 0.110696 0.615471 9.9955E-05 9.9955E-05 9.9955E-05 0.175881
0.163183 0.052029 0.132856 0.0509092 0.0295589 0.543343 9.9973E-05 9.9973E-05 0.0278201 9.9973E-05
9.9955E-05 9.9955E-05 0.0898153 0.0423128 9.9955E-05 0.605498 9.9955E-05 9.9955E-05 0.122763 0.139111
0.0984194 9.9973E-05 9.9973E-05 0.0531273 0.163218 0.464082 9.9973E-05 0.0399385 0.0115123 0.169402
9.9973E-05 9.9973E-05 0.0349489 0.0555113 9.9973E-05 0.641098 0.0269608 0.029742 0.0883635 0.123076
9.9955E-05 9.9955E-05 9.9955E-05 0.122139 0.170968 0.273917 9.9955E-05 9.9955E-05 0.347139 0.0853381
9.9982E-05 9.9982E-05 0.00555211 0.0934731 0.0189689 0.637549 0.0095426 0.0323319 0.0747152 0.127668
9.9964E-05 9.9964E-05 0.0374882 0.0839913 0.153048 0.603829 9.9964E-05 9.9964E-05 0.0342665 0.0869777
9.9973E-05 9.9973E-05 0.129019 0.0700564 9.9973E-05 0.190324 0.0468467 0.0529694 0.310055 0.20043
0.00742267 9.9982E-05 0.119292 0.17255 0.0707327 0.10626 0.0512492 9.9982E-05 0.382418 0.0898755
0.128103 0.000964494 9.9964E-05 9.9964E-05 0.174316 0.422184 0.0498058 9.9964E-05 0.224227 9.9964E-05
9.9964E-05 9.9964E-05 0.277846 0.127387 9.9964E-05 0.126312 0.157228 9.9964E-05 0.12511 0.185717
9.9982E-05 0.0700786 0.015886 9.9982E-05 0.0233821 0.171459 0.138954 0.00321031 0.568013 0.00881632
9.9955E-05 9.9955E-05 0.0289239 9.9955E-05 9.9955E-05 0.367511 0.140845 9.9955E-05 0.375971 0.0862494
0.049556 9.9964E-05 0.018717 0.0168996 9.9964E-05 0.360519 9.9964E-05 9.9964E-05 0.39794 0.155968
0.0932502 9.9964E-05 0.0186553 9.9964E-05 9.9964E-05 0.257135 9.9964E-05 0.0677462 0.510904 0.0519097
0.0781585 0.0753305 0.0110458 0.00483679 0.134526 0.486092 0.0385933 9.9982E-05 0.171217 9.9982E-05
0.0494247 0.171094 0.050816 0.0202476 9.9973E-05 0.553265 9.9973E-05 0.0384042 0.116448 9.9973E-05
9.9973E-05 0.0684618 0.100743 0.0184066 9.9973E-05 0.499056 0.0247587 0.00896552 0.279308 9.9973E-05
0.0156897 9.9973E-05 0.0483128 0.257264 9.9973E-05 0.155923 0.172409 9.9973E-05 0.226513 0.123589
0.10402 0.126061 0.0229987 0.0338968 9.9973E-05 0.533229 0.117562 9.9973E-05 0.0619326 9.9973E-05
0.147203 9.9991E-05 0.0287899 0.11356 0.0562716 0.433577 0.0117523 0.0273521 0.130308 0.0510856
0.262507 0.134245 0.189465 0.12311 9.9973E-05 9.9973E-05 0.129044 9.9973E-05 0.104591 0.0567376
0.00470215 0.0561266 0.0228336 0.106452 0.0591583 0.593471 0.156956 9.9973E-05 9.9973E-05 9.9973E-05
0.104435 0.0710514 0.0927917 0.162077 9.9982E-05 0.337713 0.190663 9.9982E-05 0.0305352 0.0105327
0.00840276 0.0162007 0.0560151 0.130112 0.132692 0.443097 0.107781 9.9991E-05 0.0755382 0.030061
0.166286 9.9982E-05 0.115381 0.23223 0.0325407 0.152084 0.0887933 9.9982E-05 0.0818696 0.130615
0.310956 0.0575752 0.102609 0.0707432 9.9982E-05 0.166674 0.0770832 9.9982E-05 0.126521 0.0876382
0.229156 0.0496467 0.156101 0.0193543 0.0136935 0.375365 0.0586768 9.9982E-05 9.9982E-05 0.0978075
0.219786 0.108897 0.124178 0.0172442 0.0865692 0.414914 9.99839E-05 0.0036942 0.0245171 9.99839E-05
0.154279 0.104593 0.0222943 0.0638101 9.9982E-05 0.366329 0.0514554 0.0487739 0.188265 9.9982E-05
0.212044 0.00400555 0.0784439 0.234523 9.9973E-05 9.9973E-05 0.216548 0.0988305 0.155304 9.9973E-05
0.0833005 0.01043 0.0692789 0.0772001 9.9973E-05 0.493 9.9973E-05 0.125814 9.9973E-05 0.140676
0.339148 9.9964E-05 0.057023 0.0253624 9.9964E-05 0.286734 0.168171 9.9964E-05 0.123161 9.9964E-05
0.202047 9.9973E-05 0.0333969 0.0280216 9.9973E-05 0.447786 0.134364 9.9973E-05 0.139888 0.0141964
0.12625 0.0857988 0.0908365 9.9973E-05 9.9973E-05 0.531982 9.9973E-05 0.0779714 0.070098 0.0167635
0.130115 0.175316 9.9982E-05 0.194539 0.244809 0.0403443 0.0154498 0.112411 0.0868167 9.9982E-05
0.10969 0.433759 9.9955E-05 0.354069 0.00269996 9.9955E-05 9.9955E-05 0.0992821 9.9955E-05 9.9955E-05
0.0949023 0.314601 0.0725989 0.414257 9.9955E-05 9.9955E-05 9.9955E-05 0.103142 9.9955E-05 9.9955E-05
0.0747348 0.238475 9.9964E-05 0.190738 0.330589 9.9964E-05 9.9964E-05 0.136285 0.0287781 9.9964E-05
0.289311 9.9955E-05 9.9955E-05 0.0411276 9.9955E-05 0.582909 0.0471178 0.0390346 9.9955E-05 9.9955E-05
0.128033 0.0529858 0.0222286 0.0743957 0.0310834 0.538381 0.106719 9.9982E-05 0.0459735 9.9982E-05
9.9937E-05 9.9937E-05 9.9937E-05 9.9937E-05 9.9937E-05 0.234988 9.9937E-05 0.63863 0.125683 9.9937E-05
9.9946E-05 9.9946E-05 9.9946E-05 9.9946E-05 9.9946E-05 0.374673 0.04996 0.382791 0.191976 9.9946E-05
9.9973E-05 9.9973E-05 0.0403446 0.113234 0.1222 0.177205 0.151482 0.307425 0.0878095 9.9973E-05
0.4633 9.9955E-05 0.123995 0.0515135 9.9955E-05 0.271991 0.0887006 9.9955E-05 9.9955E-05 9.9955E-05
0.0962604 9.9973E-05 0.100069 0.0999882 0.100007 0.383837 0.187305 0.0322341 9.9973E-05 9.9973E-05
0.487853 9.9964E-05 0.214314 0.113416 9.9964E-05 0.115138 0.000614525 9.9964E-05 0.0682655 9.9964E-05
0.229112 9.9964E-05 0.0535355 0.0868369 0.0477196 0.535853 0.0465431 9.9964E-05 9.9964E-05 9.9964E-05
0.17626 9.9991E-05 0.183844 0.0117731 0.0124471 0.393583 0.097292 0.0316011 0.0914465 0.00165328
0.195326 9.9973E-05 0.0578053 0.111681 9.9973E-05 0.508554 0.0472406 0.0714567 0.00763684 9.9973E-05
0.328624 9.9982E-05 0.188052 0.102578 9.9982E-05 0.151078 0.137133 0.00804568 0.0636868 0.020602
0.00115077 0.0334945 0.0404679 0.0887773 9.9982E-05 0.618678 0.101372 0.0722348 0.0436253 9.9982E-05
0.187687 0.019316 0.0651593 0.0400473 9.9982E-05 0.621709 9.9982E-05 0.0158551 0.0176345 0.0323919
9.9937E-05 9.9937E-05 9.9937E-05 9.9937E-05 9.9937E-05 0.00554095 0.0291612 0.964598 9.9937E-05 9.9937E-05
9.9946E-05 9.9946E-05 0.0164856 9.9946E-05 9.9946E-05 0.0852828 9.9946E-05 0.879357 0.0182744 9.9946E-05
9.9955E-05 9.9955E-05 9.9955E-05 9.9955E-05 0.180968 0.157585 0.0584867 0.518196 0.0842643 9.9955E-05
9.9946E-05 9.9946E-05 9.9946E-05 9.9946E-05 0.0432483 0.367057 9.9946E-05 0.582849 9.9946E-05 0.0062464
0.105799 9.9955E-05 9.9955E-05 9.9955E-05 0.0217923 0.0381488 0.0387187 0.795041 9.9955E-05 9.9955E-05
9.9928E-05 9.9928E-05 9.9928E-05 9.9928E-05 0.0137045 9.9928E-05 9.9928E-05 0.985496 9.9928E-05 9.9928E-05
9.9946E-05 9.9946E-05 0.00935128 9.9946E-05 0.0658367 9.9946E-05 9.9946E-05 0.869704 9.9946E-05 0.0545082
9.9937E-05 9.9937E-05 9.9937E-05 9.9937E-05 0.0306696 0.180231 9.9937E-05 0.7884 9.9937E-05 9.9937E-05
9.9928E-05 9.9928E-05 9.9928E-05 9.9928E-05 9.9928E-05 9.9928E-05 9.9928E-05 0.954097 9.9928E-05 0.0451035
9.99281E-05 9.99281E-05 0.00194264 9.99281E-05 9.99281E-05 9.99281E-05 9.99281E-05 0.997258 9.99281E-05 9.99281E-05
9.9928E-05 9.9928E-05 9.9928E-05 0.0234826 9.9928E-05 9.9928E-05 9.9928E-05 0.975718 9.9928E-05 9.9928E-05
0.033993 0.00595837 9.9964E-05 9.9964E-05 0.0473259 0.113739 9.9964E-05 0.746691 0.0518929 9.9964E-05
9.9955E-05 9.9955E-05 9.9955E-05 0.0436805 0.0953756 0.0857857 9.9955E-05 0.727681 9.9955E-05 0.0469772
9.9928E-05 9.9928E-05 9.9928E-05 9.9928E-05 9.9928E-05 9.9928E-05 0.0162393 0.982961 9.9928E-05 9.9928E-05
9.9991E-05 0.0644735 0.0436777 0.0087733 0.0997492 0.30918 0.0480311 0.305596 0.0535972 0.0668221
0.00560701 0.0839536 9.9973E-05 9.9973E-05 0.0266179 0.149587 0.062527 0.618971 9.9973E-05 0.0524367
9.9973E-05 0.0192602 0.0791923 0.0263454 0.138255 0.164096 0.000927159 0.571624 9.9973E-05 9.9973E-05
9.9946E-05 0.0349632 9.9946E-05 9.9946E-05 9.9946E-05 0.0876431 9.9946E-05 0.854101 0.0226931 9.9946E-05
9.9928E-05 9.9928E-05 9.9928E-05 9.9928E-05 0.191633 9.9928E-05 9.9928E-05 0.807567 9.9928E-05 9.9928E-05
9.9946E-05 0.0276479 9.9946E-05 0.0398696 9.9946E-05 0.114573 9.9946E-05 0.817309 9.9946E-05 9.9946E-05
9.99201E-05 9.99201E-05 9.99201E-05 9.99201E-05 9.99201E-05 9.99201E-05 9.99201E-05 0.999101 9.99201E-05 9.99201E-05
9.9964E-05 0.0505756 9.9964E-05 9.9964E-05 0.100858 0.205099 0.0196631 0.595027 9.9964E-05 0.028377
9.9955E-05 9.9955E-05 0.0308143 9.9955E-05 0.0950804 0.0292503 9.9955E-05 0.839627 0.0047279 9.9955E-05
0.439542 0.253596 0.0895837 0.216678 9.9946E-05 9.9946E-05 9.9946E-05 9.9946E-05 9.9946E-05 9.9946E-05
0.19875 0.0911693 9.9973E-05 0.0675847 0.225628 0.256615 9.9973E-05 0.0199326 9.9973E-05 0.140021
0.254404 0.166875 0.00367857 0.0269727 0.0314307 0.291512 0.091931 0.0784525 9.9991E-05 0.0546436
0.322775 0.144064 0.0236547 0.237045 0.124664 0.086751 0.023056 0.00864823 9.9991E-05 0.0292421
0.0985777 0.0608454 0.0112609 0.0806707 0.163502 0.321938 0.147586 0.0715501 9.9991E-05 0.0439689
0.255881 0.176586 0.0490639 0.194886 9.9982E-05 0.148959 0.0765653 0.095572 0.00228583 9.9982E-05
0.149601 0.0895661 9.9982E-05 0.0736877 0.213326 0.250292 0.0337983 9.9982E-05 0.153969 0.0355595
0.348474 0.0821379 9.9973E-05 0.11301 0.125822 0.177653 0.0564765 0.0961261 9.9973E-05 9.9973E-05
0.257788 0.0606094 0.0153234 0.0944324 0.162216 0.282093 9.9973E-05 0.127238 9.9973E-05 9.9973E-05
0.308545 0.0730357 9.9964E-05 0.0900093 0.111289 0.249711 9.9964E-05 0.167011 9.9964E-05 9.9964E-05
0.189152 0.176166 0.00222954 9.9973E-05 0.019941 0.469342 9.9973E-05 0.0856324 0.0572377 9.9973E-05
0.0739352 0.771248 9.9964E-05 0.0332925 9.9964E-05 0.0311294 9.9964E-05 0.00243403 9.9964E-05 0.087561
0.0067348 0.808961 0.00648418 0.0479194 0.0906028 9.9964E-05 9.9964E-05 0.038898 9.9964E-05 9.9964E-05
9.9946E-05 0.888385 9.9946E-05 0.0828218 9.9946E-05 0.018206 9.9946E-05 9.9946E-05 9.9946E-05 0.00998768
9.9946E-05 0.860417 9.9946E-05 0.0417856 9.9946E-05 0.00847606 9.9946E-05 9.9946E-05 9.9946E-05 0.0887222
9.9964E-05 0.791337 9.9964E-05 0.050357 0.0497977 0.0448509 9.9964E-05 9.9964E-05 0.0580366 0.00522051
9.9946E-05 0.826691 0.0438558 9.9946E-05 0.0850836 9.9946E-05 9.9946E-05 0.0437698 9.9946E-05 9.9946E-05
9.9955E-05 0.813083 9.9955E-05 9.9955E-05 0.104318 9.9955E-05 0.00502229 0.0600705 9.9955E-05 0.0170067
9.9946E-05 0.850358 0.0599285 0.0590115 9.9946E-05 0.0301021 9.9946E-05 9.9946E-05 9.9946E-05 9.9946E-05
9.9964E-05 0.847278 9.9964E-05 0.0448954 9.9964E-05 0.0397132 0.0120326 0.0257059 0.0299751 9.9964E-05
9.9955E-05 0.723779 9.9955E-05 0.102575 0.112362 9.9955E-05 9.9955E-05 0.0421115 0.0186731 9.9955E-05
9.9955E-05 0.587376 0.0301709 9.9955E-05 9.9955E-05 9.9955E-05 0.0856203 9.9955E-05 0.215152 0.0811802
9.9973E-05 0.542685 0.0130668 0.0206488 0.0412397 9.9973E-05 0.00449037 9.9973E-05 0.20596 0.171609
9.9955E-05 0.497347 0.0390162 0.0438376 9.9955E-05 9.9955E-05 9.9955E-05 9.9955E-05 0.345362 0.0739374
0.0224047 0.467318 0.0341429 9.9964E-05 9.9964E-05 9.9964E-05 0.0359332 9.9964E-05 0.36521 0.0745905
0.0210817 0.0958709 9.9973E-05 9.9973E-05 9.9973E-05 0.483173 0.173053 0.0263261 0.156794 0.0434017
0.0757684 0.00377909 0.0789372 9.9982E-05 9.9982E-05 0.377204 0.293699 0.0623399 0.081499 0.0265729
9.9955E-05 9.9955E-05 9.9955E-05 0.0467477 9.9955E-05 0.636641 0.142831 9.9955E-05 0.169165 0.00411542
9.9946E-05 9.9946E-05 9.9946E-05 0.169549 9.9946E-05 0.39824 0.188462 9.9946E-05 0.243149 9.9946E-05
0.131529 9.9964E-05 9.9964E-05 9.9964E-05 9.9964E-05 0.095719 0.0415737 0.0355986 0.522805 0.172375
0.00241478 0.00762138 0.109289 9.9982E-05 0.19242 0.487627 0.178159 0.000139464 0.022129 9.9982E-05
9.9964E-05 9.9964E-05 9.9964E-05 0.046591 9.9964E-05 0.637447 0.261415 0.0139009 0.0216445 0.0186026
0.123379 9.9973E-05 0.00941902 0.0618552 9.9973E-05 0.536238 0.173383 9.9973E-05 0.0772399 0.0181858
0.0196117 9.9973E-05 0.0200779 9.9973E-05 0.0922402 0.332608 0.512438 0.0150624 9.9973E-05 0.0076621
0.00446337 0.0672885 0.0303817 0.0155966 9.9973E-05 0.620521 0.225839 9.9973E-05 9.9973E-05 0.0356102
0.0537129 9.9991E-05 0.0527302 0.0187619 0.00879007 0.303349 0.378098 0.0141568 0.11935 0.0509512
9.9946E-05 9.9946E-05 0.178381 0.000432842 9.9946E-05 9.9946E-05 0.731756 9.9946E-05 0.0888312 9.9946E-05
9.9982E-05 0.0798464 0.0552984 0.0269622 0.0319356 0.521551 0.180612 9.9982E-05 0.0824721 0.021122
9.9946E-05 9.9946E-05 0.0964312 0.140489 9.9946E-05 0.307186 0.455294 9.9946E-05 9.9946E-05 9.9946E-05
0.0233555 9.9973E-05 0.0458178 0.0602671 9.9973E-05 0.483553 0.31902 0.00977342 0.0579129 9.9973E-05
9.9955E-05 0.0361231 9.9955E-05 9.9955E-05 9.9955E-05 0.0722456 0.602146 9.9955E-05 0.247707 0.0412785
0.0760643 0.0545676 9.9955E-05 0.028887 9.9955E-05 0.0170312 9.9955E-05 9.9955E-05 9.9955E-05 0.82295
0.148697 0.034762 9.9955E-05 9.9955E-05 0.0112215 0.0326659 9.9955E-05 9.9955E-05 9.9955E-05 0.772154
0.0861182 9.9928E-05 9.9928E-05 9.9928E-05 9.9928E-05 9.9928E-05 9.9928E-05 9.9928E-05 9.9928E-05 0.913082
0.0691967 0.0559392 0.0439001 9.9955E-05 9.9955E-05 9.9955E-05 0.0279026 9.9955E-05 9.9955E-05 0.802562
0.0742607 9.9964E-05 9.9964E-05 0.042208 9.9964E-05 0.0630466 9.9964E-05 0.00385082 0.000608767 0.815625
9.9937E-05 9.9937E-05 9.9937E-05 9.9937E-05 9.9937E-05 0.12202 9.9937E-05 0.0238116 9.9937E-05 0.853469
9.9946E-05 0.764035 9.9946E-05 0.0883274 9.9946E-05 0.115202 9.9946E-05 0.0318364 9.9946E-05 9.9946E-05
9.9964E-05 0.724258 9.9964E-05 0.136089 9.9964E-05 0.0743566 9.9964E-05 0.0414059 0.000270656 0.0232201
0.0120542 0.687697 9.9964E-05 0.0538135 0.0837396 0.0717285 9.9964E-05 0.0905673 9.9964E-05 9.9964E-05
9.9955E-05 0.693971 9.9955E-05 0.0591234 9.9955E-05 0.0370603 9.9955E-05 0.121181 0.0881637 9.9955E-05
9.9946E-05 0.738707 9.9946E-05 0.102845 9.9946E-05 0.0957099 9.9946E-05 0.0621385 9.9946E-05 9.9946E-05
9.9946E-05 0.328912 9.9946E-05 0.0778147 9.9946E-05 9.9946E-05 9.9946E-05 9.9946E-05 0.104611 0.488062
0.0571764 0.424873 0.0983464 0.0172439 9.9964E-05 9.9964E-05 0.0561887 9.9964E-05 9.9964E-05 0.345771
9.9955E-05 0.392654 0.11218 9.9955E-05 0.0396332 9.9955E-05 0.0303759 9.9955E-05 9.9955E-05 0.424657
9.9946E-05 0.649349 9.9946E-05 9.9946E-05 0.339957 9.9946E-05 9.9946E-05 9.9946E-05 0.000152845 0.00994175
0.0163918 0.354168 9.9964E-05 0.00294061 9.9964E-05 9.9964E-05 0.120324 0.0188991 9.9964E-05 0.486877
9.9964E-05 0.0585902 9.9964E-05 0.250722 0.294791 0.211217 9.9964E-05 0.138745 9.9964E-05 0.0455359
0.0503873 0.098067 9.9973E-05 9.9973E-05 0.292342 0.408913 9.9973E-05 0.0607469 0.0800398 0.00920419
9.9964E-05 0.146805 9.9964E-05 9.9964E-05 0.0311181 0.490109 0.0161197 0.280242 0.0352056 9.9964E-05
0.0458567 0.194015 9.9982E-05 0.0862721 0.0654359 0.312016 0.024374 0.200073 9.9982E-05 0.0717574
0.0783444 0.049345 0.00341229 0.0420414 0.296477 0.418923 9.9982E-05 9.9982E-05 0.100742 0.0105147
0.0659451 0.324514 9.9955E-05 0.263787 0.170158 9.9955E-05 9.9955E-05 0.175096 9.9955E-05 9.9955E-05
0.101931 9.9964E-05 0.0610974 9.9964E-05 9.9964E-05 0.410253 0.00933422 9.9964E-05 0.315205 0.101779
9.9973E-05 9.9973E-05 0.240413 0.125946 0.034252 0.278831 0.108658 9.9973E-05 0.149459 0.0621407
9.9964E-05 0.0526787 0.0292882 9.9964E-05 0.0978596 0.0877113 9.9964E-05 9.9964E-05 0.647821 0.0842408
9.9964E-05 9.9964E-05 0.172677 0.0903764 9.9964E-05 0.455104 0.0950993 9.9964E-05 0.149648 0.0366958
9.9946E-05 9.9946E-05 0.338194 0.171599 9.9946E-05 9.9946E-05 0.283778 9.9946E-05 0.205829 9.9946E-05
0.028853 0.107288 0.134794 9.9982E-05 9.9982E-05 0.469472 0.0522586 0.0427119 0.107392 0.0570315
9.9973E-05 0.00637922 0.192932 0.0656934 9.9973E-05 0.478359 0.0089434 9.9973E-05 0.158494 0.0888993
0.0216953 0.0942089 9.9973E-05 9.9973E-05 0.0280046 0.280367 0.0842562 9.9973E-05 0.398265 0.0929027
0.00275887 0.102753 9.9973E-05 0.0453125 9.9973E-05 0.504824 0.140458 0.0383224 0.165272 9.9973E-05
9.9955E-05 9.9955E-05 0.151905 0.16689 9.9955E-05 0.0023444 0.131681 9.9955E-05 0.546679 9.9955E-05
0.0218133 9.9982E-05 0.144457 0.0744565 9.9982E-05 0.441529 0.0412397 0.0656411 0.150678 0.0599848
0.0272631 9.9955E-05 9.9955E-05 0.0488765 9.9955E-05 0.541322 9.9955E-05 9.9955E-05 0.189186 0.192853
0.119025 0.0656419 0.0223271 9.9991E-05 0.1394 0.177814 0.137048 0.206449 0.0925893 0.0396071
9.9955E-05 9.9955E-05 0.15736 0.103829 9.9955E-05 0.330952 9.9955E-05 9.9955E-05 0.383632 0.0237271
0.0569792 9.9973E-05 0.129977 0.0184374 9.9973E-05 0.381437 9.9973E-05 0.0451715 0.245075 0.122623
0.115913 9.9991E-05 0.119402 0.0359396 0.0545022 0.376331 0.0466365 0.0427953 0.20344 0.00494063
0.0245353 0.079413 0.0524573 9.9973E-05 9.9973E-05 0.525237 0.137271 9.9973E-05 0.0767566 0.10403
0.0216963 9.9982E-05 0.0895802 0.100543 0.00458644 0.611589 9.9982E-05 0.0483164 0.0637629 0.0597259
9.9982E-05 0.156081 0.0281535 0.0832381 9.9982E-05 0.504522 0.0147102 0.0617604 0.0713928 0.0799419
9.9973E-05 0.0244755 9.9973E-05 0.0507134 0.0283125 0.460216 9.9973E-05 0.105872 0.256446 0.0736647
9.9937E-05 0.750578 9.9937E-05 9.9937E-05 9.9937E-05 0.192887 9.9937E-05 0.0558357 9.9937E-05 9.9937E-05
9.9946E-05 0.839519 9.9946E-05 0.00440657 9.9946E-05 0.12081 9.9946E-05 0.0346645 9.9946E-05 9.9946E-05
0.0953425 0.7293 9.9964E-05 0.0371963 9.9964E-05 0.0715947 9.9964E-05 9.9964E-05 0.063238 0.00292832
9.9973E-05 0.766616 0.00450156 9.9973E-05 0.0541928 0.0397902 0.0963474 0.0347935 9.9973E-05 0.00345891
0.0117337 0.815174 9.9946E-05 9.9946E-05 9.9946E-05 0.140402 9.9946E-05 0.0320904 9.9946E-05 9.9946E-05
9.9964E-05 0.00723535 9.9964E-05 0.0881541 9.9964E-05 0.121484 9.9964E-05 0.00869288 0.599954 0.174079
9.9973E-05 9.9973E-05 0.114552 0.0787364 9.9973E-05 0.544236 0.0324056 0.0133226 0.120784 0.0956641
0.102387 0.164536 0.0250615 0.0608386 0.188561 0.419382 9.9973E-05 9.9973E-05 0.0389346 9.9973E-05
9.9973E-05 9.9973E-05 0.057407 0.0457301 0.0139199 0.664804 9.9973E-05 0.0290855 0.174214 0.0145387
9.9973E-05 0.0727619 9.9973E-05 0.0282155 0.0657596 0.496709 0.18184 9.9973E-05 0.0961896 0.0582248
0.0104732 9.9955E-05 0.170188 0.126784 9.9955E-05 0.309594 9.9955E-05 9.9955E-05 0.382461 9.9955E-05
9.9955E-05 0.139146 9.9955E-05 0.0721488 9.9955E-05 9.9955E-05 0.0751501 9.9955E-05 0.557115 0.15594
0.0211812 0.0257108 9.9982E-05 0.024174 0.0377494 0.457254 0.0626756 9.9982E-05 0.233272 0.137783
0.0838772 0.0682946 0.102315 9.9973E-05 9.9973E-05 0.0704868 9.9973E-05 0.0598229 0.478212 0.136692
0.0329425 0.0225011 0.0985081 0.0964593 0.0685826 0.343275 0.0944864 9.9991E-05 0.137607 0.105538
9.9964E-05 0.119441 0.0288611 9.9964E-05 0.101807 9.9964E-05 0.0193786 9.9964E-05 0.613063 0.11705
9.9982E-05 0.0853252 0.0731032 0.0405092 0.0111415 0.552093 9.9982E-05 0.0663581 0.107143 0.0641266
9.9973E-05 0.146224 0.0500732 9.9973E-05 9.9973E-05 0.159044 0.0476337 0.00709267 0.528935 0.060697
0.0549863 0.0344112 0.0766504 0.0311049 0.121507 0.224932 0.0269397 9.9991E-05 0.373949 0.0554188
0.194797 0.0112111 0.13578 0.0334947 0.117095 0.353766 9.9973E-05 9.9973E-05 0.153557 9.9973E-05
0.49628 0.0076339 0.200349 0.0275668 9.9973E-05 0.200659 9.9973E-05 9.9973E-05 0.0114515 0.0557602
0.266393 0.088805 0.0420687 9.9964E-05 9.9964E-05 0.472079 9.9964E-05 0.0114989 0.118756 9.9964E-05
0.202866 0.0742729 9.9973E-05 0.0708962 9.9973E-05 0.561064 0.055587 9.9973E-05 0.0155125 0.0195012
0.566882 9.9973E-05 0.11945 9.9973E-05 0.00483859 0.20757 0.017476 9.9973E-05 0.0730633 0.0104215
0.172432 0.0569474 0.0501894 0.048885 0.0195484 0.509325 9.9991E-05 0.0288997 0.0225016 0.0911716
0.171476 0.00721397 0.0963129 0.114373 9.9973E-05 0.506816 0.0321435 9.9973E-05 9.9973E-05 0.0713649
0.586446 9.9973E-05 0.17548 0.0375666 9.9973E-05 0.0184806 0.128957 9.9973E-05 0.00718423 0.0455858
0.564978 9.9964E-05 0.146616 0.094879 9.9964E-05 0.160647 0.0204034 9.9964E-05 9.9964E-05 0.0120774
0.451016 9.9955E-05 0.0759294 0.0424447 9.9955E-05 0.388032 9.9955E-05 9.9955E-05 9.9955E-05 0.0420782
0.598131 9.9964E-05 0.158089 9.9964E-05 9.9964E-05 0.0514415 0.1202 9.9964E-05 0.0177334 0.0540053
0.389989 9.9955E-05 9.9955E-05 0.0262002 9.9955E-05 0.376965 0.0601654 9.9955E-05 0.146181 9.9955E-05
9.9955E-05 9.9955E-05 9.9955E-05 0.0691162 0.06983 9.9955E-05 0.0477685 9.9955E-05 0.680071 0.132715
9.9964E-05 9.9964E-05 0.294653 0.0435961 9.9964E-05 0.22974 0.026736 9.9964E-05 0.265495 0.139381
9.9973E-05 9.9973E-05 9.9973E-05 0.0084093 0.139237 0.261643 0.0793454 0.0110725 0.408624 0.0913688
0.0720162 9.9982E-05 9.9982E-05 0.00880058 0.198589 0.392013 0.0459874 0.0164016 0.252189 0.0138026
0.0443776 9.9964E-05 9.9964E-05 9.9964E-05 9.9964E-05 0.134303 0.163929 0.0467051 0.55089 0.0593947
9.9973E-05 9.9973E-05 0.170987 0.0156368 0.154616 0.351927 9.9973E-05 0.0488881 0.115911 0.141734
9.9973E-05 0.00513559 9.9973E-05 0.13337 9.9973E-05 0.569564 0.0779938 0.0365433 0.0462272 0.130867
9.9982E-05 9.9982E-05 0.00956347 0.0580446 0.0614216 0.367753 0.0751867 0.0530625 0.281697 0.093071
0.0036884 9.9982E-05 0.0440195 0.0122617 9.9982E-05 0.429554 0.108557 0.129614 0.190014 0.0820919
0.00472483 9.9973E-05 9.9973E-05 9.9973E-05 0.0687146 0.295397 0.129104 0.10736 0.225305 0.169095
9.9955E-05 9.9955E-05 9.9955E-05 9.9955E-05 9.9955E-05 0.112058 0.121455 0.12692 0.505525 0.133542
9.9955E-05 9.9955E-05 0.117859 9.9955E-05 0.166365 0.19965 9.9955E-05 9.9955E-05 0.296717 0.218909
0.0430875 9.9982E-05 0.0110784 0.0472572 0.0406893 0.560678 0.0371134 9.9982E-05 0.256103 0.00379304
0.0184041 0.0412212 9.9982E-05 0.0406201 0.109228 0.471555 0.15654 9.9982E-05 0.130273 0.0319591
9.9982E-05 0.0426124 0.0715207 0.0881069 0.0838716 0.280109 0.0833471 9.9982E-05 0.223668 0.126565
9.9973E-05 9.9973E-05 0.0581276 0.0465305 9.9973E-05 0.514007 0.00924687 0.0498778 0.120287 0.201623
0.0187141 0.105115 9.9982E-05 0.0553198 0.0108158 0.385787 9.9982E-05 0.0112447 0.314502 0.0983028
0.00514536 0.0899398 0.0358533 9.9973E-05 0.0490482 0.504031 9.9973E-05 9.9973E-05 0.241493 0.0741894
9.9982E-05 0.039093 0.0400092 0.00837122 0.0930514 0.450175 9.9982E-05 0.0479991 0.225455 0.0956462
0.0731966 0.114761 0.0670372 9.9964E-05 9.9964E-05 0.540855 9.9964E-05 9.9964E-05 0.152822 0.050929
0.0624427 0.224773 9.9982E-05 0.0575413 0.290829 0.289407 0.0358933 0.0123132 0.0266007 9.9982E-05
0.0167703 0.0981636 9.9973E-05 0.160184 0.100479 0.36264 0.0893229 0.172141 9.9973E-05 9.9973E-05
0.0600849 0.0783377 9.9982E-05 0.126853 0.0944997 0.421826 0.00861899 0.0490245 0.160555 9.9982E-05
9.9991E-05 0.0732814 0.0269934 0.0751406 0.0649621 0.520008 0.0285963 0.115518 0.0940574 0.00134252
9.9973E-05 0.0995059 9.9973E-05 0.0468504 0.214749 0.342714 0.08558 0.133292 0.0770077 9.9973E-05
9.9964E-05 9.9964E-05 0.22842 0.0468154 9.9964E-05 0.445078 9.9964E-05 0.0141633 0.21504 0.0500842
0.00767997 0.0699766 0.11311 0.0265875 0.30736 0.302813 9.9982E-05 9.9982E-05 0.167023 0.00525001
0.181118 0.122078 9.9964E-05 0.273098 9.9964E-05 9.9964E-05 0.111499 0.116408 0.1954 9.9964E-05
0.0577928 0.0292287 0.0272265 0.113063 0.23796 0.461945 9.9982E-05 0.0418941 9.9982E-05 0.03069
9.9991E-05 0.121685 0.0168092 0.0460092 0.0280075 0.480748 0.0486454 0.162631 0.0798628 0.0155019
9.9973E-05 0.040322 0.168809 9.9973E-05 0.113374 0.349309 0.0222229 0.147311 0.158351 9.9973E-05
0.062438 0.066678 9.9982E-05 0.203198 0.231005 0.196562 0.0413971 0.00818846 0.190332 9.9982E-05
0.0814029 0.159909 9.9964E-05 0.0569566 0.294473 0.389064 9.9964E-05 9.9964E-05 0.0177939 9.9964E-05
0.0859944 0.0439603 0.012126 0.0199531 0.345359 0.417623 9.9973E-05 9.9973E-05 0.0746836 9.9973E-05
9.9955E-05 0.338013 0.0443218 0.448457 9.9955E-05 9.9955E-05 0.0517055 0.117003 9.9955E-05 9.9955E-05
9.9991E-05 0.110031 0.000338591 0.0870465 0.120635 0.444203 0.0724941 0.15081 0.0107584 0.0035835
9.9973E-05 0.00150418 0.0480229 0.108963 0.391422 0.364094 0.0201707 0.0655238 9.9973E-05 9.9973E-05
0.0642982 0.14535 0.0836439 9.9982E-05 9.9982E-05 0.477064 0.00581189 0.170466 0.0351513 0.0180144
9.9955E-05 0.131609 9.9955E-05 0.116789 0.0722215 0.547415 9.9955E-05 0.131466 9.9955E-05 9.9955E-05
0.0219629 0.205073 0.0305025 9.9991E-05 0.00873115 0.525127 0.00753709 0.108633 0.0667916 0.0255424
0.0719466 0.0728721 0.401629 9.9973E-05 9.9973E-05 0.381473 9.9973E-05 0.021568 0.0177479 0.0324638
9.9964E-05 9.9964E-05 0.221086 0.0483486 0.223493 0.318454 9.9964E-05 9.9964E-05 0.0864715 0.101747
0.0330083 9.9946E-05 0.763438 9.9946E-05 9.9946E-05 9.9946E-05 0.0732717 9.9946E-05 0.129682 9.9946E-05
0.0474571 0.0109373 0.936586 9.99549E-05 9.99549E-05 9.99549E-05 0.000491878 9.99549E-05 9.99549E-05 0.00402803
9.9964E-05 9.9964E-05 0.290172 0.0397664 0.178579 0.367024 0.0194636 9.9964E-05 0.104595 9.9964E-05
0.0599928 0.0407602 0.0397945 0.0562076 0.187568 0.313968 9.9982E-05 0.203623 0.0978867 9.9982E-05
9.9964E-05 9.9964E-05 0.153489 0.101172 0.405342 0.201001 0.0326944 0.105902 9.9964E-05 9.9964E-05
0.0260088 0.0771572 0.100354 0.145305 0.301635 0.127983 0.0876836 0.0846367 0.0491371 9.9991E-05
9.9973E-05 0.0831461 0.107556 0.0804076 0.433202 0.242596 9.9973E-05 0.0137797 0.0390123 9.9973E-05
9.9946E-05 9.9946E-05 0.682991 0.210018 0.0832532 9.9946E-05 9.9946E-05 0.0231382 9.9946E-05 9.9946E-05
9.9955E-05 0.00298838 0.667291 0.125337 0.163566 0.0403185 9.9955E-05 9.9955E-05 9.9955E-05 9.9955E-05
0.0144528 0.000631159 0.273671 9.9991E-05 0.121747 0.432379 0.00817979 0.0852732 0.0432784 0.020288
9.9964E-05 0.041854 0.435976 9.9964E-05 0.0185678 0.351309 9.9964E-05 0.123683 0.0282102 9.9964E-05
9.9964E-05 0.0436192 0.672916 0.0131591 0.131342 0.108409 9.9964E-05 0.0301546 9.9964E-05 9.9964E-05
9.9964E-05 9.9964E-05 0.262629 9.9964E-05 0.194715 0.426222 0.0162051 9.9964E-05 0.0277006 0.0721278
0.0319321 9.9955E-05 0.288443 9.9955E-05 0.122356 0.535533 9.9955E-05 9.9955E-05 9.9955E-05 0.0212361
0.0886961 0.0450672 0.172353 9.9982E-05 0.101211 0.323522 0.0819072 0.140862 9.9982E-05 0.0461812
0.0745428 0.0302272 0.456596 9.9964E-05 9.9964E-05 0.335558 0.0274167 9.9964E-05 0.0752595 9.9964E-05
0.110085 9.9964E-05 0.429305 9.9964E-05 0.0732846 0.294018 0.0167983 9.9964E-05 0.0761087 9.9964E-05
9.9955E-05 9.9955E-05 0.264075 0.0663566 0.144746 0.453531 9.9955E-05 9.9955E-05 9.9955E-05 0.0707927
0.0965391 0.000189609 0.213509 9.9982E-05 0.0724674 0.374018 0.10871 9.9982E-05 0.00946213 0.124904
0.195295 0.00401054 0.0913358 0.144595 0.0387828 0.424436 9.9982E-05 0.0736572 0.0276879 9.9982E-05
0.153834 9.9955E-05 0.423489 9.9955E-05 0.00539448 0.403403 9.9955E-05 9.9955E-05 0.0133798 9.9955E-05
0.00284697 9.9955E-05 0.747787 9.9955E-05 9.9955E-05 0.18962 9.9955E-05 9.9955E-05 0.0118921 0.0473536
0.00184479 0.0103504 0.327262 9.9964E-05 0.0448174 0.594506 0.0208196 9.9964E-05 9.9964E-05 9.9964E-05
9.9964E-05 9.9964E-05 0.625152 0.0445392 9.9964E-05 0.180909 0.0370674 0.003771 0.108162 9.9964E-05
0.0878821 9.9937E-05 0.491468 9.9937E-05 9.9937E-05 0.41995 9.9937E-05 9.9937E-05 9.9937E-05 9.9937E-05
0.108724 0.0944596 0.237973 9.9964E-05 9.9964E-05 0.542391 0.0158728 0.000179694 9.9964E-05 9.9964E-05
9.9946E-05 9.9946E-05 0.485862 9.9946E-05 0.0957634 0.352781 9.9946E-05 9.9946E-05 0.0649943 9.9946E-05
0.00278356 0.0865143 0.0713768 0.00662081 0.41828 0.347208 9.9982E-05 9.9982E-05 0.047497 0.0195195
0.0888198 0.116784 0.227495 0.0118629 0.15698 0.321876 9.9982E-05 0.0587844 9.9982E-05 0.0171976
0.109658 0.0179574 9.9973E-05 0.120199 0.280935 0.299481 9.9973E-05 0.125143 9.9973E-05 0.0463264
0.141147 0.012515 0.00263971 0.102022 0.21402 0.197258 9.9991E-05 0.137865 0.0931447 0.0992898
0.0996877 0.155843 9.9973E-05 9.9973E-05 0.157685 0.384051 0.0365854 0.0595588 9.9973E-05 0.106288
0.0313002 9.9973E-05 0.147749 0.0529895 0.207588 0.39563 9.9973E-05 0.0396863 9.9973E-05 0.124757
9.9964E-05 0.127357 0.617429 0.105122 0.0165524 9.9964E-05 9.9964E-05 0.106313 9.9964E-05 0.0268272
0.0887869 0.0622538 0.029393 0.0193749 9.9973E-05 0.555086 9.9973E-05 0.17359 9.9973E-05 0.0712148
0.101265 0.285312 0.310221 0.225865 9.9955E-05 9.9955E-05 9.9955E-05 0.076837 9.9955E-05 9.9955E-05
0.0484573 0.0216148 0.251998 9.9964E-05 0.209686 0.399238 9.9964E-05 0.0686049 9.9964E-05 9.9964E-05
9.9946E-05 9.9946E-05 0.744165 0.0167262 9.9946E-05 0.11097 0.127539 9.9946E-05 9.9946E-05 9.9946E-05
9.9946E-05 0.0154621 0.861386 9.9946E-05 9.9946E-05 9.9946E-05 0.0938914 9.9946E-05 0.0286609 9.9946E-05
0.0774152 9.9964E-05 0.398952 9.9964E-05 0.0237472 0.411945 0.0726637 9.9964E-05 0.0148764 9.9964E-05
