0.00638842 0.0517542 0.020064 0.921593 9.9982E-05 9.9982E-05
9.9973E-05 0.071182 9.9973E-05 0.892444 0.0360745 9.9973E-05
0.128851 0.00931874 0.0478749 0.794912 9.9991E-05 0.0189438
0.00686215 0.107511 0.0611115 0.824315 9.9982E-05 9.9982E-05
0.0708122 0.0042208 0.0318692 0.870165 0.0228331 9.9991E-05
0.0529633 0.088702 0.0574251 0.586506 0.173974 0.0404299
9.9982E-05 0.104008 0.0206857 0.812084 0.0630223 9.9982E-05
9.9982E-05 0.13277 0.0212922 0.738632 0.107106 9.9982E-05
9.99729E-05 0.0957832 9.99729E-05 0.827235 0.076682 9.99729E-05
0.087528 0.10726 0.0500909 0.709057 0.0459645 9.9991E-05
9.9982E-05 0.148059 9.9982E-05 0.755165 0.0175564 0.0790191
0.255748 0.448905 0.0636154 0.000503104 0.00114284 0.230086
0.589339 0.203777 0.0128134 0.0161834 0.0839168 0.0939705
0.189886 0.432257 0.111146 0.0571093 0.118982 0.0906207
0.24148 0.408915 0.16746 0.0284766 0.0307437 0.122923
0.345391 0.227031 0.0704969 0.194545 0.113584 0.0489529
0.596273 0.108748 0.0996533 0.0148735 0.0815598 0.0988927
0.461149 0.174707 0.0663688 0.0457219 0.0448156 0.207238
0.265016 0.380389 0.114769 0.111475 9.9991E-05 0.128251
0.0321241 0.576238 0.0598243 0.0237674 0.171053 0.136993
0.392864 0.281417 0.0840049 0.0130888 0.0333405 0.195284
0.566772 0.105871 0.0182116 0.0312488 0.266005 0.0118914
0.526199 0.188328 0.0152519 0.0668235 0.07462 0.128778
0.25682 0.377997 0.11889 0.00972026 0.0825911 0.153982
0.685322 0.130875 9.9991E-05 0.0986267 0.00381251 0.0812644
0.587416 0.224884 0.0683323 0.0428406 0.0025864 0.0739407
0.105809 0.430164 0.0838986 0.047003 0.110068 0.223057
0.172127 0.411866 0.229465 0.0187025 0.0463671 0.121472
0.231355 0.450242 9.9991E-05 0.00611206 0.152513 0.159678
0.102453 9.9973E-05 0.0337677 0.863479 9.9973E-05 9.9973E-05
0.154109 9.9964E-05 9.9964E-05 0.845492 9.9964E-05 9.9964E-05
0.162858 9.9973E-05 0.0256421 0.8112 9.9973E-05 9.9973E-05
0.0923177 9.9982E-05 0.111345 0.721987 9.9982E-05 0.074151
0.487492 0.117891 9.9991E-05 0.0442656 0.0411273 0.309125
0.451237 0.106483 0.034955 0.114991 0.0027394 0.289595
0.514811 9.9973E-05 9.9973E-05 0.0418919 9.9973E-05 0.442997
0.161036 0.573651 9.9991E-05 0.0839403 0.026178 0.155095
0.126643 9.9991E-05 0.110379 0.0305433 0.014451 0.717884
0.52637 0.056992 0.0290449 0.0455074 9.9991E-05 0.341986
0.671501 9.9991E-05 0.023731 0.0597311 0.0247661 0.220171
0.586666 0.0378347 9.9991E-05 0.0945043 0.190636 0.0902594
0.689176 0.0769411 9.9982E-05 0.153459 9.9982E-05 0.0802234
0.0251859 0.147949 0.0234963 0.0576364 9.9991E-05 0.745632
0.53803 0.0952096 0.0556396 0.0393859 0.130677 0.141058
0.554459 9.9982E-05 0.0343651 0.0854905 9.9982E-05 0.325485
0.429365 0.09191 0.214819 0.0892372 9.9991E-05 0.174569
0.255812 9.9973E-05 9.9973E-05 9.9973E-05 0.0275854 0.716302
0.622996 9.9991E-05 0.00187721 0.0411181 0.00139572 0.332513
0.480076 0.0103397 0.0456179 0.145964 0.0320543 0.285948
9.9973E-05 9.9973E-05 9.9973E-05 0.0717487 0.310838 0.617114
0.110109 0.482234 0.0253643 9.9991E-05 0.118297 0.263895
0.137459 0.218765 0.0291013 9.9991E-05 0.440857 0.173717
0.624142 0.188794 0.0857329 0.0439792 9.9991E-05 0.0572517
0.640408 0.0662683 0.106692 0.0791384 0.107393 9.9991E-05
0.644249 0.0952806 0.0660236 9.9982E-05 0.194246 9.9982E-05
0.16849 0.326516 9.9991E-05 0.111245 0.0685024 0.325146
0.539155 0.234432 0.0164642 0.00887515 0.0646117 0.136462
0.564209 0.146109 0.0836534 0.0371511 0.0886681 0.0802101
0.266527 0.230316 0.0622121 0.122163 0.0782089 0.240572
0.125533 0.297336 0.0570195 0.197869 0.196046 0.126196
0.540804 0.108601 0.092237 0.0339647 0.102175 0.122219
0.391742 0.305935 0.0524372 0.0467221 0.0940626 0.109101
0.0218306 0.51983 9.9991E-05 0.0372687 0.232548 0.188422
0.5279 0.281523 0.0375363 9.9991E-05 0.108681 0.0442596
0.607816 0.106491 0.0496381 0.0596338 0.103257 0.0731639
0.555338 0.221875 9.9991E-05 0.146993 0.0646944 0.0109997
0.274487 0.272527 0.0800214 0.0310331 0.145466 0.196465
0.433188 0.160275 0.0546218 9.9991E-05 0.211762 0.140053
0.592028 0.217677 9.9982E-05 0.0772479 9.9982E-05 0.112847
0.193817 0.464225 9.9982E-05 9.9982E-05 0.180782 0.160976
0.484592 0.0956835 9.9973E-05 9.9973E-05 9.9973E-05 0.419425
0.116604 0.109072 0.0365357 9.9982E-05 9.9982E-05 0.737589
0.532153 0.0800344 0.0379342 0.105372 0.0550933 0.189414
9.9973E-05 9.9973E-05 9.9973E-05 0.000130955 0.115528 0.884041
9.9964E-05 9.9964E-05 9.9964E-05 9.9964E-05 0.209084 0.790516
0.224322 9.9973E-05 0.00898608 9.9973E-05 9.9973E-05 0.766392
0.403454 9.9973E-05 9.9973E-05 0.0355346 9.9973E-05 0.560711
0.565874 0.0505074 0.0446512 0.113585 0.0157005 0.209682
0.404823 0.0384856 0.0332661 9.9982E-05 9.9982E-05 0.523225
0.0674584 0.215883 0.0620654 0.0337573 9.9991E-05 0.620736
0.160969 0.234085 0.00498789 0.0395063 9.9991E-05 0.560352
0.397394 0.115982 0.114659 0.0585512 0.0659292 0.247483
0.230203 0.0745248 0.0595065 0.0258102 9.9991E-05 0.609856
0.422438 0.0245616 9.9982E-05 0.0415536 9.9982E-05 0.511247
0.378781 9.9973E-05 9.9973E-05 9.9973E-05 0.0997224 0.521197
9.9973E-05 0.021697 9.9973E-05 9.9973E-05 0.347075 0.630928
0.573252 9.9973E-05 0.0583517 9.9973E-05 9.9973E-05 0.368096
0.0844935 0.0816066 0.0328671 0.800833 9.9982E-05 9.9982E-05
0.086771 9.9964E-05 9.9964E-05 0.912829 9.9964E-05 9.9964E-05
0.115507 9.9973E-05 9.9973E-05 0.8767 9.9973E-05 0.00749264
0.0403991 9.9991E-05 0.0236846 0.910688 0.00165448 0.0234733
0.0837785 9.9982E-05 0.0216453 0.873826 9.9982E-05 0.02055
0.0398745 9.9991E-05 0.00997564 0.896024 0.0043104 0.0497157
0.0919052 9.9964E-05 9.9964E-05 0.907695 9.9964E-05 9.9964E-05
0.37896 0.080235 0.103063 0.187296 9.9991E-05 0.250346
0.503461 0.108448 0.116971 0.0567181 0.032708 0.181693
9.9982E-05 0.12693 9.9982E-05 0.028486 0.0416268 0.802757
0.587971 0.0108447 0.0187131 0.166946 9.9991E-05 0.215425
0.324479 0.0242475 0.0214158 0.0751628 9.9991E-05 0.554595
0.606013 0.0415801 9.9991E-05 0.0639585 0.0165617 0.271787
0.522377 0.07665 0.0231058 0.0343124 0.00731461 0.33624
0.35505 9.9991E-05 0.0901636 0.013235 0.024415 0.517037
9.9973E-05 0.241111 9.9973E-05 0.0232711 9.9973E-05 0.735318
0.515642 0.144349 0.0310964 0.173743 0.0381091 0.0970607
0.654195 0.0781647 0.0354141 0.0622094 9.9991E-05 0.169917
0.545725 0.0637459 0.122124 0.0747451 0.0599509 0.133709
0.205426 9.9991E-05 0.0320892 0.0052927 0.187873 0.569219
0.455662 9.9973E-05 9.9973E-05 9.9973E-05 0.0675638 0.476474
0.420344 0.0539946 9.9991E-05 0.00789707 0.0382151 0.479449
0.151323 9.9982E-05 0.101588 9.9982E-05 0.0381817 0.708707
0.346663 0.0336977 9.9982E-05 0.0605417 9.9982E-05 0.558898
0.551385 0.0224251 0.0971372 0.0222693 0.0801154 0.226668
0.287006 0.302345 0.0228451 0.0158691 0.328389 0.0435465
0.43006 0.389864 0.0422935 0.0872329 0.0504493 9.9991E-05
0.620337 0.186232 0.0349275 0.115269 0.0431341 9.9991E-05
0.609152 0.0669583 0.0943195 0.0475199 0.0879949 0.0940556
0.481012 0.338913 9.9991E-05 0.0193836 0.0500523 0.110539
0.572164 0.271475 0.047798 0.016593 0.0701552 0.0218149
0.477063 0.459373 9.9982E-05 0.00894696 9.9982E-05 0.0544166
0.528429 0.138959 9.9991E-05 0.0971617 0.143633 0.0917172
0.497851 0.115565 0.137047 0.0430067 0.194239 0.0122904
0.559836 0.17659 9.9982E-05 9.9982E-05 0.107664 0.155709
0.511959 0.338093 9.9982E-05 0.0473551 9.9982E-05 0.102393
0.620971 0.0890077 0.0647275 9.9991E-05 0.166428 0.0587657
0.597366 0.0932617 0.0266277 0.0648836 0.158348 0.0595132
0.59774 0.232861 0.0442939 9.9982E-05 9.9982E-05 0.124905
0.654426 0.100379 0.042713 0.0453726 0.15701 9.9991E-05
0.624527 0.173974 0.0352635 0.0182201 0.0704325 0.0775822
0.459507 0.274518 9.9982E-05 0.102229 0.163547 9.9982E-05
0.693779 0.176824 0.0480579 0.00597308 0.075266 9.9991E-05
0.656717 0.173045 0.0825111 0.0269478 0.0606791 9.9991E-05
0.238823 0.359183 0.0414482 9.9991E-05 0.136539 0.223907
0.221301 0.252451 0.0157333 0.0376074 0.359194 0.113714
0.518619 0.218469 0.0526271 9.9991E-05 0.0691532 0.141032
0.132293 0.254732 0.0190547 9.9991E-05 0.382029 0.211791
0.336145 0.42133 9.9991E-05 0.0442856 0.127463 0.0706765
0.40684 0.361546 9.9982E-05 9.9982E-05 0.0314188 0.199996
0.312803 0.45848 9.9991E-05 0.0121653 0.0877863 0.128666
0.278723 0.434268 0.0683505 9.9991E-05 0.0518928 0.166665
0.645922 0.172417 0.0073363 0.0645821 0.109643 9.9991E-05
0.593172 0.140359 0.0593172 0.0260798 0.111141 0.0699304
0.551831 0.245716 0.0762851 0.0260177 9.9991E-05 0.100051
0.151157 0.324545 0.065361 0.0271146 0.325996 0.105827
0.519099 0.0252366 0.0376362 0.175203 0.112472 0.130353
0.461278 0.0429345 0.077179 0.0956683 0.182955 0.139985
0.0684654 0.118983 9.9991E-05 0.127825 0.587129 0.0974978
0.649003 9.9991E-05 0.00872193 0.0933474 0.179033 0.0697945
0.3986 0.0207687 0.0180919 0.128463 0.340202 0.0938745
0.47662 0.0735985 0.0333311 0.158164 0.185577 0.0727102
0.244218 0.0668906 0.00751751 0.109388 0.488399 0.0835877
0.221185 0.0807329 9.9991E-05 0.0596271 0.53315 0.105205
0.455775 0.174434 9.9991E-05 0.0168064 0.287805 0.065079
0.319992 0.199491 0.151161 0.0438578 0.148489 0.137009
0.298358 0.148779 0.089658 0.078992 0.183934 0.200279
9.9991E-05 0.0687309 0.162065 0.0783292 0.449593 0.241183
0.589866 0.145444 0.000678442 0.0611636 0.0886214 0.114226
0.375903 0.124996 9.9982E-05 9.9982E-05 0.346335 0.152566
0.456801 0.103047 0.0379779 9.9991E-05 0.228027 0.174047
0.531338 0.132377 0.104676 0.0415504 0.170173 0.019885
0.101807 0.0219509 0.274971 0.309218 0.291953 9.9991E-05
9.9973E-05 9.9973E-05 0.109203 0.543818 0.346679 9.9973E-05
9.9973E-05 9.9973E-05 0.161034 0.445178 0.393488 9.9973E-05
0.0671011 9.9982E-05 0.351679 0.344867 0.236153 9.9982E-05
0.701274 9.9973E-05 9.9973E-05 9.9973E-05 0.239579 0.0588466
0.460538 0.0667865 0.0714684 0.102676 0.102453 0.196078
0.179849 0.00993859 0.778095 9.9982E-05 9.9982E-05 0.0319174
0.333503 0.196264 0.424632 0.0454019 9.9982E-05 9.9982E-05
0.425707 0.0506666 0.369389 0.0416979 0.111102 0.0014378
0.351494 9.9973E-05 9.9973E-05 9.9973E-05 0.549401 0.0988057
0.582384 0.0428135 0.00274005 0.0463651 0.184065 0.141633
0.250787 9.9973E-05 9.9973E-05 9.9973E-05 0.741943 0.00696983
0.644891 0.0408318 9.9991E-05 0.0543387 0.201013 0.0588251
0.404552 0.0757022 0.0120443 0.0252406 0.279189 0.203271
0.581946 0.049432 0.0575782 0.00303951 0.266107 0.0418971
0.266457 0.0474433 0.0186338 9.9991E-05 0.590754 0.0766114
0.484067 0.0098883 0.0839009 0.0624067 0.155709 0.204028
0.463888 0.0301947 0.13985 0.0244854 0.164585 0.176997
9.9964E-05 9.9964E-05 0.981708 9.9964E-05 9.9964E-05 0.0178918
0.0305488 9.9964E-05 0.969051 9.9964E-05 9.9964E-05 9.9964E-05
0.238744 9.9982E-05 0.607535 9.9982E-05 0.0403849 0.113136
0.304223 9.9964E-05 0.695377 9.9964E-05 9.9964E-05 9.9964E-05
0.133081 0.000393049 0.808374 9.9982E-05 9.9982E-05 0.0579521
9.996E-05 9.996E-05 0.9995 9.996E-05 9.996E-05 9.996E-05
9.9973E-05 0.0256264 0.966542 9.9973E-05 9.9973E-05 0.00753178
0.160835 9.9973E-05 0.816502 9.9973E-05 9.9973E-05 0.0223625
9.9964E-05 0.0338223 0.965778 9.9964E-05 9.9964E-05 9.9964E-05
9.996E-05 9.996E-05 0.9995 9.996E-05 9.996E-05 9.996E-05
9.9964E-05 9.9964E-05 0.972659 0.0269413 9.9964E-05 9.9964E-05
0.157992 0.00951777 0.781379 0.0509109 9.9982E-05 9.9982E-05
0.12943 0.024331 0.827635 0.0184044 9.9982E-05 9.9982E-05
9.9964E-05 9.9964E-05 0.994942 9.9964E-05 9.9964E-05 0.00465765
0.171339 0.170611 0.473824 0.0752658 9.9991E-05 0.108861
0.250589 0.0345349 0.643778 0.0382655 0.0327317 9.9991E-05
0.173397 0.0174386 0.779628 0.0293359 9.9982E-05 9.9982E-05
0.05639 0.0246573 0.911399 0.00735356 9.9982E-05 9.9982E-05
9.996E-05 9.996E-05 0.9995 9.996E-05 9.996E-05 9.996E-05
0.0635852 0.00272495 0.930088 0.00340145 9.9982E-05 9.9982E-05
9.996E-05 9.996E-05 0.9995 9.996E-05 9.996E-05 9.996E-05
0.166655 0.0725625 0.690383 0.0200934 0.00847987 0.0418259
9.9982E-05 0.00206691 0.898688 9.9982E-05 0.0438012 0.055244
9.9982E-05 9.9982E-05 0.0569803 0.305225 0.613232 0.0243628
0.374085 0.123608 0.0916172 0.134409 0.27618 9.9991E-05
0.462427 9.9982E-05 9.9982E-05 0.211724 0.212663 0.112986
0.176478 9.9991E-05 0.110977 0.255414 0.392886 0.0641455
0.477663 0.0762163 0.0669867 0.174193 0.144137 0.0608035
0.220392 9.9982E-05 0.10347 0.233681 0.442257 9.9982E-05
0.362917 0.0841079 0.188218 0.126681 0.0603965 0.177679
0.272304 9.9991E-05 0.200135 0.153501 0.331802 0.0421585
0.466693 9.9982E-05 0.144854 0.168335 0.219919 9.9982E-05
0.331407 9.9982E-05 0.195399 0.16896 0.304034 9.9982E-05
0.466821 9.9991E-05 0.119082 0.170089 0.183033 0.0608743
0.0197785 0.10567 9.9991E-05 0.800252 0.0706887 0.00351155
9.9973E-05 9.9973E-05 0.0582567 0.919701 0.0217419 9.9973E-05
0.00869651 0.0385975 9.9982E-05 0.95181 9.9982E-05 0.000696298
0.0348289 0.0297806 9.9973E-05 0.935091 9.9973E-05 9.9973E-05
0.0109102 0.0515239 0.0235749 0.899338 0.0145526 9.9991E-05
9.9982E-05 9.9982E-05 0.0798127 0.89419 0.0104499 0.0153478
0.0394771 0.0086133 0.086199 0.865511 9.9982E-05 9.9982E-05
9.9991E-05 0.0358876 0.0157442 0.86929 0.0357434 0.0432349
9.9973E-05 9.9973E-05 0.0520132 0.884884 9.9973E-05 0.0628026
0.00523319 9.9982E-05 0.0982834 0.858439 0.0378443 9.9982E-05
9.9982E-05 0.20866 9.9982E-05 0.599089 0.0412231 0.150828
9.9982E-05 0.310515 0.00262752 0.565805 9.9982E-05 0.120853
9.9982E-05 0.288813 9.9982E-05 0.529446 0.168245 0.0132968
9.9982E-05 0.374835 9.9982E-05 0.476016 0.107342 0.0416072
0.45444 0.143529 0.00367997 0.0688391 0.011001 0.318511
0.453782 0.0840033 0.00154248 0.0308319 0.0120166 0.417824
0.587877 0.144693 9.9991E-05 0.00392748 0.0897567 0.173646
0.382408 0.233051 9.9991E-05 0.0287028 0.10869 0.247048
0.175173 0.608246 0.0220999 9.9991E-05 0.076397 0.117985
0.644291 9.9982E-05 0.0907813 0.0102345 9.9982E-05 0.254494
0.567836 0.0498891 0.000992777 9.9991E-05 0.0549923 0.32619
0.516162 0.0812862 0.0065094 9.9991E-05 0.0667971 0.329145
0.31012 9.9973E-05 0.0146003 9.9973E-05 9.9973E-05 0.67498
0.591843 0.155977 0.0885825 0.000964208 0.0135226 0.14911
0.360089 0.195166 9.9982E-05 9.9982E-05 0.0505039 0.394041
9.9973E-05 0.0637768 9.9973E-05 9.9973E-05 0.243956 0.691968
0.523897 0.0941168 0.0176793 0.0216119 0.182189 0.160506
0.283176 9.9973E-05 9.9973E-05 9.9973E-05 0.269709 0.446815
0.472158 9.9973E-05 9.9973E-05 9.9973E-05 0.0697121 0.45783
0.0163741 0.184277 9.9991E-05 0.0185714 0.00645382 0.774223
9.9982E-05 0.76002 0.0210678 0.10934 0.109372 9.9982E-05
0.0660239 0.738506 9.9982E-05 0.100773 0.0944969 9.9982E-05
9.9973E-05 0.842759 9.9973E-05 0.0421618 0.11478 9.9973E-05
9.9982E-05 0.849624 9.9982E-05 0.107884 0.0313854 0.0109069
0.00987701 0.78822 0.0647491 9.9982E-05 0.136954 9.9982E-05
0.0913238 0.764792 0.0459328 0.0585266 0.039325 9.9991E-05
0.116948 9.9964E-05 9.9964E-05 0.882652 9.9964E-05 9.9964E-05
0.0162059 0.110359 0.0672476 0.799483 0.00660484 9.9991E-05
0.152758 9.9973E-05 0.0501006 0.796841 9.9973E-05 9.9973E-05
0.0881524 0.0641423 0.061135 0.78637 9.9982E-05 9.9982E-05
0.133052 0.0177909 0.0437273 0.80523 9.9982E-05 9.9982E-05
9.9973E-05 0.489436 9.9973E-05 0.398953 0.111311 9.9973E-05
9.9982E-05 0.371107 9.9982E-05 0.442302 0.107815 0.0785765
9.9982E-05 0.449702 9.9982E-05 0.425674 0.0658317 0.0585925
0.147712 0.0295891 9.9973E-05 0.822399 9.9973E-05 9.9973E-05
9.9982E-05 0.525246 9.9982E-05 0.392187 0.0739726 0.00839475
0.327131 9.9982E-05 0.343512 0.238381 0.0907756 9.9982E-05
0.579851 0.10171 0.207189 0.0686133 9.9991E-05 0.0425376
0.55806 9.9973E-05 0.235288 0.206352 9.9973E-05 9.9973E-05
0.301481 0.0237441 0.286044 0.209933 0.167427 0.0113701
0.427702 0.0378666 0.221908 0.122807 0.0307315 0.158985
9.9973E-05 9.9973E-05 0.330436 0.445728 0.223536 9.9973E-05
0.464039 0.323877 9.9982E-05 9.9982E-05 0.0595976 0.152286
0.377562 0.187098 9.9991E-05 0.00473521 0.295414 0.135091
0.331287 0.487982 9.9982E-05 0.0684011 0.112129 9.9982E-05
0.525668 0.0764161 9.9982E-05 9.9982E-05 0.229056 0.16866
9.9973E-05 0.156951 9.9973E-05 9.9973E-05 0.696576 0.146174
0.611408 0.0653273 9.9991E-05 0.0493405 0.123421 0.150403
0.461334 0.244458 9.9982E-05 9.9982E-05 0.202579 0.0914289
0.337984 0.392051 9.9991E-05 0.0748485 0.122965 0.0720519
0.554436 0.178104 0.0303349 0.0933215 0.0817693 0.0620346
0.141108 0.288555 9.9982E-05 9.9982E-05 0.380266 0.189871
0.507764 0.172609 0.0524363 9.9991E-05 0.202771 0.0643196
0.546293 0.371226 0.0243962 9.9982E-05 9.9982E-05 0.0578851
0.293841 0.0156188 0.220239 0.153864 0.0812781 0.235159
0.442924 0.196999 9.9982E-05 9.9982E-05 0.305349 0.0545283
0.446557 0.263687 0.0287255 0.000177061 0.153755 0.107099
0.4759 0.112944 0.0909964 9.9991E-05 0.151437 0.168622
0.553254 0.192947 9.9982E-05 9.9982E-05 0.0782598 0.175339
0.69153 0.0807113 0.020246 0.0545115 0.0664041 0.0865968
0.511639 0.117416 0.0923035 0.13564 9.9991E-05 0.142901
0.531227 0.114273 0.0627431 0.0398056 0.0653363 0.186614
0.118044 9.9973E-05 0.123206 0.758451 9.9973E-05 9.9973E-05
0.101871 9.9982E-05 0.0252103 0.850982 9.9982E-05 0.021737
0.0358177 0.121789 0.0606667 0.728115 0.0359519 0.0176601
9.9982E-05 0.0637964 0.0591498 0.806766 9.9982E-05 0.0700876
0.146729 9.9964E-05 9.9964E-05 0.852871 9.9964E-05 9.9964E-05
0.138577 0.557471 0.0758197 9.9991E-05 0.0449664 0.183066
0.530755 0.180947 0.0441614 0.00682269 0.22032 0.0169944
0.373895 0.00234049 0.249245 0.232311 0.0217339 0.120475
0.691223 0.0883818 0.0326444 0.00370209 0.0899788 0.09407
0.496168 0.278879 0.0143696 0.0566911 0.0295411 0.124351
0.362767 0.351515 0.0231463 9.9982E-05 0.262371 9.9982E-05
9.9982E-05 0.573499 9.9982E-05 0.132418 0.168635 0.125247
0.522351 0.31457 0.00344577 0.0283426 9.9991E-05 0.131191
0.128856 0.525385 0.0516697 0.085212 0.10951 0.0993683
0.430727 0.155959 0.0300457 0.070985 0.17758 0.134704
0.153967 0.581873 0.010674 0.104545 0.115404 0.0335372
0.606623 0.126833 0.0402356 0.119246 0.106963 9.9991E-05
0.219823 0.521952 9.9991E-05 0.0870492 0.0862295 0.0848456
0.380978 0.269919 0.036672 0.0273672 0.198672 0.086392
0.47058 0.114155 0.0378698 0.0400489 0.215955 0.121392
0.365503 0.11789 9.9973E-05 9.9973E-05 0.516307 9.9973E-05
0.625215 0.0373647 9.9991E-05 0.0330117 0.219136 0.0851725
0.634823 0.00383014 0.0385011 0.123307 0.170483 0.029056
0.39928 0.0658326 9.9973E-05 9.9973E-05 0.534588 9.9973E-05
0.491835 0.0551393 0.0241441 0.0737942 0.29853 0.0565575
0.572171 0.0436203 9.9991E-05 0.0463995 0.285834 0.0518754
0.150024 0.0717178 9.9982E-05 9.9982E-05 0.705341 0.0727176
0.302537 0.0175895 9.9982E-05 9.9982E-05 0.61994 0.0597339
0.528892 0.0571139 9.9991E-05 0.0509352 0.314158 0.0488014
0.188805 0.111068 9.9982E-05 9.9982E-05 0.524383 0.175544
0.476625 0.0706236 9.9982E-05 9.9982E-05 0.345495 0.107056
0.0209017 0.617289 0.110643 9.9982E-05 9.9982E-05 0.250967
0.206888 0.295622 0.00321145 9.9991E-05 0.265703 0.228476
0.285337 0.398808 0.0723244 0.0361012 9.9991E-05 0.207329
0.543163 0.171297 0.123377 0.0230722 0.0680231 0.0710681
0.278337 0.526452 9.9982E-05 9.9982E-05 0.0386449 0.156366
0.519534 0.0997672 0.0557327 0.04006 0.284806 9.9991E-05
0.528229 0.217622 0.132617 9.9982E-05 9.9982E-05 0.121332
0.438036 0.325485 0.0114877 0.0292765 0.101933 0.0937817
0.504976 0.2875 0.115715 9.9991E-05 0.00390717 0.0878018
0.354604 0.313163 0.126815 0.0121297 9.9991E-05 0.193188
0.211014 0.516659 0.0748715 9.9982E-05 9.9982E-05 0.197256
0.274826 0.455455 0.106896 9.9991E-05 0.0413891 0.121334
0.640774 0.196417 0.00451873 9.9991E-05 0.129766 0.0284245
0.632997 0.0979473 0.0286105 0.0494886 0.158883 0.0320739
0.455235 0.175779 9.9991E-05 0.086196 0.173331 0.10936
0.517032 0.22967 0.101453 9.9991E-05 0.125023 0.0267224
0.438586 0.354997 0.0270282 0.0546284 0.106657 0.0181034
0.619246 0.226588 0.0876545 9.9991E-05 0.0370706 0.0293406
0.506723 0.250041 0.0613843 0.0533698 0.0385712 0.0899106
0.572284 0.163588 0.0451681 0.103782 0.0980189 0.0171598
0.385425 9.9982E-05 0.140225 0.351106 9.9982E-05 0.123044
0.419604 9.9991E-05 0.244705 0.141386 0.0706383 0.123566
0.480765 0.0924482 0.165228 0.147618 0.0803293 0.0336112
0.613826 9.9991E-05 0.0851739 0.0976252 0.0671082 0.136167
0.305066 0.0499144 0.336255 0.157169 0.0402216 0.111374
0.515259 0.168408 0.00463554 9.9991E-05 0.299634 0.0119641
0.462982 0.0810929 0.134407 0.200376 9.9991E-05 0.121042
0.00460856 9.9991E-05 0.131906 0.2724 0.439721 0.151264
0.597789 0.0608407 0.0885067 0.183594 0.0691702 9.9991E-05
0.621256 0.0441182 0.089914 0.131772 0.0830634 0.0298762
0.428428 0.0917596 0.318179 9.9982E-05 0.161434 9.9982E-05
0.249796 0.117696 0.183295 0.131488 0.226945 0.0907801
0.549691 0.0432284 0.130616 0.171608 0.0331922 0.0716649
0.672682 9.9982E-05 0.0682252 0.192963 0.0659306 9.9982E-05
9.9973E-05 9.9973E-05 0.177605 0.494864 0.327231 9.9973E-05
0.537091 0.0718909 0.205821 0.127462 0.0434815 0.0142532
0.457463 0.00121029 0.242765 0.165466 9.9991E-05 0.132996
0.477822 0.178077 0.134181 0.0468576 0.0553518 0.10771
0.523528 9.9982E-05 0.235575 0.140023 0.100674 9.9982E-05
0.533876 0.0138631 0.0803761 0.238504 0.0570042 0.0763767
0.496328 9.9982E-05 0.0771496 9.9982E-05 0.291252 0.135071
0.416566 0.144226 0.0998196 0.0770056 0.136924 0.125458
0.0404385 0.092033 9.9982E-05 9.9982E-05 0.580248 0.28708
0.0429841 0.0548553 9.9982E-05 9.9982E-05 0.649609 0.252352
0.533699 0.0840182 0.124951 0.0100101 0.138041 0.10928
0.414041 0.0157597 0.294598 0.127528 0.147973 9.9991E-05
0.334917 9.9991E-05 0.365373 0.052291 0.203926 0.0433935
0.224423 0.00852662 0.285743 0.210837 0.270371 9.9991E-05
0.329719 9.9991E-05 0.313247 0.165499 0.112292 0.0791426
0.11936 9.9973E-05 0.132016 9.9973E-05 0.748324 9.9973E-05
0.215498 9.9991E-05 0.106463 0.0578936 0.57194 0.0481052
0.557737 0.0317335 0.0982844 0.00374346 0.163161 0.145341
0.559446 9.9991E-05 0.0672475 0.0230423 0.26353 0.0866343
0.347752 0.00246629 0.0815422 0.0446091 0.51636 0.00727058
0.498789 0.0670048 0.0930503 0.00989445 0.212561 0.118701
0.599916 9.9982E-05 0.0890072 9.9982E-05 0.298522 0.012355
0.371268 0.0468454 0.26317 0.0094329 0.141044 0.168239
0.383719 0.0532689 9.9982E-05 9.9982E-05 0.412613 0.1502
0.428408 0.0827911 9.9982E-05 9.9982E-05 0.350654 0.137947
0.50273 0.0509165 0.00701634 0.0761536 0.116449 0.246735
0.42139 0.131743 0.0567038 9.9991E-05 0.265992 0.124071
0.426612 0.10695 0.130795 0.0350618 0.281052 0.0195299
0.537329 9.9973E-05 9.9973E-05 9.9973E-05 0.382172 0.0801998
0.314821 0.0985057 9.9982E-05 9.9982E-05 0.549966 0.0365074
0.559748 9.9982E-05 9.9982E-05 0.0217527 0.221128 0.197172
0.326086 0.00928352 9.9982E-05 9.9982E-05 0.477077 0.187354
0.40771 0.0272498 9.9982E-05 9.9982E-05 0.412311 0.152529
0.570021 0.0112107 9.9991E-05 0.156349 0.0851062 0.177214
0.426815 0.0601371 0.0736856 9.9991E-05 0.211274 0.227988
0.532586 9.9991E-05 0.136231 0.125479 0.0631966 0.142407
0.507269 0.0802348 0.0868892 0.142948 0.140682 0.0419781
0.258703 0.122716 0.364289 0.0931971 0.156939 0.00415592
0.322008 0.130253 0.234776 0.116652 0.196212 9.9991E-05
0.612194 0.0364289 0.0892919 0.190946 0.0710389 9.9991E-05
0.418422 0.0963202 0.135414 0.13519 0.187789 0.0268647
9.9991E-05 0.0320978 0.161194 0.134767 0.656918 0.0149236
0.612655 9.9982E-05 0.211986 0.106318 0.0688418 9.9982E-05
9.9973E-05 9.9973E-05 0.135859 0.355778 0.508063 9.9973E-05
0.538308 9.9973E-05 0.221012 9.9973E-05 0.240379 9.9973E-05
0.181262 9.9973E-05 9.9973E-05 9.9973E-05 0.559229 0.259209
9.9964E-05 9.9964E-05 9.9964E-05 9.9964E-05 0.705134 0.294466
0.459719 0.0469554 9.9982E-05 9.9982E-05 0.323283 0.169842
0.70947 0.0713929 0.00612448 9.9982E-05 0.212812 9.9982E-05
0.476635 9.9973E-05 9.9973E-05 9.9973E-05 0.380887 0.142178
0.569551 0.0228001 9.9982E-05 9.9982E-05 0.155052 0.252397
0.592142 9.9973E-05 9.9973E-05 9.9973E-05 0.277565 0.129993
0.0920865 9.9982E-05 9.9982E-05 0.805045 0.0645293 0.0381391
9.9982E-05 0.159373 0.113377 0.708076 0.0189738 9.9982E-05
9.9973E-05 0.0459729 0.0727884 0.880939 9.9973E-05 9.9973E-05
0.0826154 9.9964E-05 9.9964E-05 0.916985 9.9964E-05 9.9964E-05
0.33803 0.0997554 0.073273 0.0727089 9.9991E-05 0.416133
0.465259 9.9973E-05 9.9973E-05 0.0769514 9.9973E-05 0.45749
0.449211 9.9964E-05 9.9964E-05 9.9964E-05 9.9964E-05 0.550389
0.439491 0.0274555 0.0220824 0.150319 9.9991E-05 0.360552
0.440769 0.0918992 0.0388538 0.137328 0.0799607 0.211189
0.218272 0.131445 9.9991E-05 0.0185096 0.108496 0.523178
0.629307 0.0207874 0.00104031 9.9982E-05 9.9982E-05 0.348665
0.348044 9.9973E-05 9.9973E-05 9.9973E-05 0.181762 0.469894
0.531177 0.0150276 0.176598 0.276998 9.9982E-05 9.9982E-05
0.323201 0.10857 0.0320684 9.9991E-05 0.0991976 0.436863
0.303358 0.145151 9.9973E-05 9.9973E-05 9.9973E-05 0.551192
0.47676 0.0456815 0.0320137 9.9982E-05 9.9982E-05 0.445344
0.308166 0.0845572 9.9982E-05 0.0320831 9.9982E-05 0.574994
0.561597 9.9982E-05 0.00593639 9.9982E-05 0.00514371 0.427123
0.552057 0.00876193 0.0139882 0.0579783 9.9991E-05 0.367115
0.00396038 9.9973E-05 9.9973E-05 9.9973E-05 0.0805242 0.915216
0.255332 0.0209767 9.9982E-05 9.9982E-05 0.140465 0.583026
0.223258 0.051556 0.0434635 9.9991E-05 0.0118362 0.669786
9.9964E-05 9.9964E-05 9.9964E-05 9.9964E-05 0.253537 0.746063
0.45514 0.154953 9.9991E-05 0.0426964 0.0779984 0.269112
0.0843113 9.9982E-05 0.00682644 9.9982E-05 0.325145 0.583518
9.9964E-05 9.9964E-05 9.9964E-05 9.9964E-05 0.311063 0.688537
0.533039 0.0113722 0.0117793 0.0715001 0.0361168 0.336192
0.146022 0.104436 9.9991E-05 0.0684127 0.0106476 0.670382
0.320896 0.151392 0.0638804 9.9991E-05 0.00924029 0.454492
0.54349 0.0394675 9.9991E-05 0.105358 0.0823718 0.229212
0.519602 0.103433 0.00888223 0.0177358 9.9991E-05 0.350247
0.38977 0.253167 0.0257861 9.9991E-05 0.230365 0.100813
0.500771 0.0503714 0.0040459 9.9991E-05 0.107794 0.336918
0.484626 0.112511 0.0194098 9.9982E-05 9.9982E-05 0.383253
0.234425 9.9982E-05 0.0102274 9.9982E-05 0.0192732 0.735875
0.425198 0.0382969 0.0873679 0.0792525 0.0655201 0.304365
0.0212488 0.290021 9.9982E-05 0.645613 0.0429175 9.9982E-05
0.00322903 0.0850594 9.9991E-05 0.758486 0.0420731 0.111053
9.9973E-05 0.12665 9.9973E-05 0.809915 0.0631342 9.9973E-05
9.9982E-05 0.134715 9.9982E-05 0.796332 0.0414783 0.0272747
0.0286938 0.215799 9.9982E-05 0.74652 9.9982E-05 0.00878709
0.0176674 0.150677 0.034595 0.0298717 9.9991E-05 0.767089
0.0776768 0.14495 9.9991E-05 0.0498273 0.0251222 0.702324
0.0805535 9.9982E-05 0.00393919 9.9982E-05 0.0572459 0.858061
0.626813 9.9982E-05 9.9982E-05 0.172104 0.104448 0.0964359
0.57842 0.0791836 9.9991E-05 0.114929 0.0666508 0.160716
0.250018 9.9982E-05 9.9982E-05 0.0629736 0.0687574 0.618051
0.52345 9.9973E-05 0.126533 9.9973E-05 9.9973E-05 0.349717
0.262715 9.9991E-05 0.111986 0.0530788 0.0350528 0.537066
0.506258 0.0749797 0.0408618 9.9991E-05 0.114584 0.263216
0.615583 0.0534072 9.9991E-05 0.0469962 0.00831183 0.275602
0.155365 0.111269 0.0262794 9.9991E-05 0.0152409 0.691745
0.315 0.0714359 9.9982E-05 0.0207924 9.9982E-05 0.592572
0.297376 0.160272 0.00536522 9.9982E-05 9.9982E-05 0.536787
0.671475 0.0226972 9.9991E-05 0.112936 0.159411 0.0333816
0.33692 0.0989287 9.9973E-05 9.9973E-05 9.9973E-05 0.563851
0.381329 0.0960353 0.0594308 0.0100813 0.0314139 0.421709
0.396806 0.0172127 0.424056 0.0374551 0.0297905 0.0946797
0.30967 9.9982E-05 0.425153 0.0760056 0.188971 9.9982E-05
0.325427 9.9991E-05 0.430211 0.124949 0.0619901 0.0573228
0.295453 9.9982E-05 0.553194 0.116629 0.0345239 9.9982E-05
0.510658 9.9982E-05 0.319341 0.0948565 0.0749443 9.9982E-05
0.429086 9.9991E-05 0.0522395 0.0220647 0.133674 0.362835
0.0335611 9.9982E-05 0.674171 0.237865 0.0542026 9.9982E-05
0.294561 0.0394537 0.495721 0.118361 9.9991E-05 0.0518038
0.357672 0.00815402 0.214955 0.147689 0.124916 0.146614
0.647734 0.0558602 9.9982E-05 0.147667 0.148539 9.9982E-05
0.442931 0.155246 9.9982E-05 0.113283 0.28834 9.9982E-05
0.619657 0.023424 0.0414685 0.0987147 0.141438 0.0752971
0.493041 0.0663596 0.0491053 0.153543 0.0397379 0.198214
0.353177 9.9982E-05 0.472761 0.164806 0.00905658 9.9982E-05
0.439189 0.0429747 0.400701 0.104132 0.0129037 9.9991E-05
0.441616 9.9982E-05 0.46986 0.0720434 0.0162802 9.9982E-05
0.413573 0.0787475 0.324471 0.0945405 0.0392993 0.049369
0.315793 9.9991E-05 0.491732 0.114773 0.0141487 0.0634535
0.330345 0.0604551 0.340057 0.1037 0.0190393 0.146403
0.189902 0.0319443 0.584697 0.0911846 0.102173 9.9991E-05
0.266077 0.0835661 0.503428 9.9982E-05 0.146728 9.9982E-05
0.605711 0.0240188 9.9991E-05 0.0938409 0.224906 0.0514235
0.30312 0.135524 0.408211 0.110372 0.0426728 9.9991E-05
0.191805 9.9982E-05 0.614932 0.171787 0.0212751 9.9982E-05
0.316715 0.0807068 0.388395 0.0793283 9.9991E-05 0.134754
0.209952 0.297295 9.9991E-05 0.147053 0.216279 0.12932
0.592414 0.0644374 0.106758 9.9991E-05 0.177896 0.0583948
0.333567 0.0282583 0.325685 0.162911 0.0668591 0.0827192
0.713109 0.00717597 9.9982E-05 0.111043 0.168471 9.9982E-05
0.507359 0.0469943 0.022234 0.155662 0.116651 0.1511
0.298238 9.9991E-05 0.167885 0.245712 0.0849526 0.203113
0.340017 0.0052447 0.277495 0.241985 0.135158 9.9991E-05
0.545826 0.0767666 0.0727806 0.13278 0.058865 0.112982
0.314727 9.9991E-05 0.46853 0.0385387 0.0363465 0.141758
0.479459 9.9982E-05 0.426022 0.0913786 0.00294074 9.9982E-05
0.132954 0.000533991 0.636681 0.191088 0.0386424 9.9991E-05
0.575392 0.0345007 0.0779331 0.0949621 0.21337 0.00384146
0.505464 0.109789 9.9991E-05 0.10495 0.248052 0.0316445
0.196637 0.0185764 0.033426 0.114779 0.618199 0.0183831
0.560047 0.0423506 0.100878 0.100832 0.119606 0.0762854
0.438344 0.284276 0.0344272 0.0587022 0.183214 0.00103602
0.505089 9.9991E-05 0.113843 0.203587 0.136202 0.0411786
0.368769 0.11728 0.181486 0.0914018 0.111605 0.129458
9.9973E-05 9.9973E-05 0.217213 0.31178 0.470707 9.9973E-05
9.9973E-05 9.9973E-05 0.135292 0.283505 0.580903 9.9973E-05
0.210829 0.0461359 0.20022 0.122111 0.393026 0.0276776
0.0025854 9.9982E-05 0.235521 0.300512 0.461182 9.9982E-05
9.9973E-05 9.9973E-05 0.235502 0.422822 0.341376 9.9973E-05
0.422956 0.0106284 0.1239 0.101344 0.30659 0.0345821
0.346857 9.9982E-05 0.165948 0.289989 0.197007 9.9982E-05
0.202471 9.9991E-05 0.201067 0.263381 0.327286 0.00569469
0.151302 9.9982E-05 0.130211 0.29897 0.419317 9.9982E-05
0.384782 0.0151045 0.18282 0.167725 0.145109 0.104459
0.114658 9.9991E-05 0.187331 0.198413 0.441433 0.0580654
9.9973E-05 9.9973E-05 0.0316151 0.419949 0.548136 9.9973E-05
0.596574 0.084477 0.0819453 0.106746 0.130158 9.9991E-05
0.35265 0.00873412 0.242831 0.176921 0.218763 9.9991E-05
0.35966 0.0248289 0.162743 0.314219 0.0121728 0.126377
0.573747 9.9973E-05 0.250974 0.174979 9.9973E-05 9.9973E-05
0.453079 9.9982E-05 0.223149 0.170569 9.9982E-05 0.153003
0.50183 0.0531371 0.224398 0.154898 0.065637 9.9991E-05
0.352126 0.0273965 0.181455 0.382796 0.0561263 9.9991E-05
0.567349 0.0214166 0.19204 0.168842 0.0502522 9.9991E-05
0.452447 9.9991E-05 0.250637 0.236826 0.0302395 0.029751
0.309756 9.9991E-05 0.20848 0.295826 0.0738544 0.111983
0.256812 0.126025 0.148961 0.167697 0.0609455 0.23956
0.597536 0.0724297 0.164914 0.117819 0.0258087 0.0214921
0.433079 9.9982E-05 0.220532 0.192104 9.9982E-05 0.154085
0.635518 0.132228 0.0414122 0.102257 9.9991E-05 0.0884841
0.346616 0.12071 0.257509 0.27254 0.00252385 9.9991E-05
0.565395 9.9991E-05 0.12523 0.214214 0.0137333 0.0813285
0.196982 9.9982E-05 0.19457 0.354264 0.253984 9.9982E-05
0.569777 0.0538275 0.105825 0.248486 0.00387256 0.018211
0.184893 9.9982E-05 0.352487 0.280652 0.181768 9.9982E-05
9.9982E-05 0.111965 9.9982E-05 0.785189 0.0416525 0.0609936
0.0783152 0.722783 0.0482673 0.091389 9.9991E-05 0.0591454
9.996E-05 0.9995 9.996E-05 9.996E-05 9.996E-05 9.996E-05
9.996E-05 0.9995 9.996E-05 9.996E-05 9.996E-05 9.996E-05
0.0416339 0.948226 0.00983992 9.9973E-05 9.9973E-05 9.9973E-05
0.0336584 0.919794 0.0397121 0.00663579 9.9982E-05 9.9982E-05
0.0671506 0.93245 9.9964E-05 9.9964E-05 9.9964E-05 9.9964E-05
9.9973E-05 0.930933 9.9973E-05 0.0377092 0.0310582 9.9973E-05
0.0120119 0.776309 9.9973E-05 0.211379 9.9973E-05 9.9973E-05
0.0293007 0.0546088 0.021311 0.894579 9.9982E-05 9.9982E-05
0.120377 0.081916 9.9973E-05 0.797407 9.9973E-05 9.9973E-05
9.9991E-05 0.0189567 0.0880075 0.825701 0.0449009 0.0223337
0.0282553 0.142478 9.9982E-05 0.780515 0.0485523 9.9982E-05
9.9982E-05 0.0320381 0.0886165 0.877697 9.9982E-05 0.00144815
9.9991E-05 0.0531917 0.0198709 0.891999 0.0299895 0.0048485
0.0730474 0.11924 0.117663 0.689849 9.9982E-05 9.9982E-05
0.0507868 9.9982E-05 0.0584373 0.853679 0.0368973 9.9982E-05
0.05591 0.13363 0.0628644 0.703348 0.0159364 0.0283109
0.0182335 9.9973E-05 0.0741095 0.907357 9.9973E-05 9.9973E-05
0.00750295 0.0310655 9.9982E-05 0.949135 0.0120967 9.9982E-05
0.0400622 0.00320719 0.0562312 0.830108 0.070291 9.9991E-05
9.9973E-05 0.0432266 0.00771965 0.948754 9.9973E-05 9.9973E-05
0.0577315 9.9973E-05 9.9973E-05 0.929902 0.0120665 9.9973E-05
0.0904515 9.9982E-05 0.00409006 0.882258 9.9982E-05 0.0230007
0.128823 9.9973E-05 0.0201649 0.850712 9.9973E-05 9.9973E-05
0.0959843 9.9973E-05 0.13315 0.770566 9.9973E-05 9.9973E-05
0.16248 9.9973E-05 0.0575501 0.77967 9.9973E-05 9.9973E-05
0.143209 9.9973E-05 0.0758975 0.780594 9.9973E-05 9.9973E-05
0.522955 0.070248 9.9991E-05 0.12115 0.275231 0.0103162
0.664696 0.0072049 9.9991E-05 0.101761 0.177619 0.0486187
0.562851 0.0586857 9.9982E-05 0.204382 9.9982E-05 0.173881
0.14652 0.054564 0.0712848 0.0138709 0.661101 0.0526595
0.57441 0.0820989 9.9982E-05 0.112043 0.231248 9.9982E-05
0.204678 9.9973E-05 9.9973E-05 0.156623 0.638399 9.9973E-05
0.735658 9.9982E-05 0.0337317 0.103108 0.127302 9.9982E-05
0.419793 0.150926 9.9991E-05 0.1125 0.191074 0.125607
0.529611 0.0623644 0.0279403 0.0812384 0.113686 0.18516
0.360882 0.0717948 0.10834 0.0137705 0.0137496 0.431463
0.515472 0.203986 9.9982E-05 0.0304974 0.249845 9.9982E-05
0.642514 9.9982E-05 9.9982E-05 0.0971368 0.174236 0.0859138
0.610938 0.095035 9.9982E-05 0.0756902 0.218137 9.9982E-05
0.0424862 0.44199 0.0778483 9.9991E-05 0.295419 0.142156
9.9982E-05 0.084337 9.9982E-05 0.0388302 0.865227 0.0114062
0.233412 0.0349465 9.9982E-05 0.0452668 0.686175 9.9982E-05
0.620437 0.127843 0.0507871 0.125431 0.0754021 9.9991E-05
0.58618 0.0575959 9.9982E-05 0.108916 0.247108 9.9982E-05
0.485751 0.0137955 9.9991E-05 0.1663 0.209145 0.124908
0.677304 9.9991E-05 0.00894168 0.070019 0.0909942 0.152642
0.519678 9.9991E-05 0.187945 0.15286 0.0872099 0.0522069
0.619744 0.0371776 0.103725 0.239154 9.9982E-05 9.9982E-05
0.124895 0.139052 0.179143 0.403771 0.142184 0.0109557
0.623424 0.151125 9.9991E-05 0.115914 0.0223946 0.0870419
0.369901 0.11292 0.188925 0.161885 0.166269 9.9991E-05
9.9973E-05 9.9973E-05 0.198515 0.402683 0.398502 9.9973E-05
0.274367 9.9991E-05 0.20199 0.278316 0.193783 0.0514441
0.274023 0.105782 0.197222 0.348485 0.0208869 0.0536014
0.443146 0.167184 0.0676591 0.300349 0.0215626 9.9991E-05
0.557078 0.108947 0.106373 0.157632 9.9991E-05 0.0698689
0.530644 0.0541425 0.0983343 0.231546 0.0296917 0.0556421
0.660017 9.9982E-05 0.117997 0.144522 9.9982E-05 0.0772643
0.465912 9.9991E-05 0.0947471 0.194914 0.21607 0.0282573
0.311899 0.035251 0.136402 0.42341 9.9991E-05 0.0929376
