0.0742851 0.833562 0.0323921 0.012228 9.9973E-05 9.9973E-05 9.9973E-05 0.0472331
0.0260721 0.897806 9.9973E-05 0.00501211 9.9973E-05 9.9973E-05 0.043451 0.0273586
0.0824951 0.739272 0.0220787 0.0274433 0.123919 9.9982E-05 9.9982E-05 0.00459169
0.0780462 0.688437 0.0948042 0.103881 0.0345319 9.9973E-05 9.9973E-05 9.9973E-05
9.9964E-05 0.882182 0.0436024 9.9964E-05 0.0458587 9.9964E-05 0.0279574 9.9964E-05
0.0252088 0.590679 0.107247 0.0752322 0.0196516 0.142897 9.9991E-05 0.0389842
0.0390855 0.773851 9.9973E-05 0.0842485 9.9973E-05 0.0974722 9.9973E-05 0.00504252
0.0272667 0.701033 0.0315626 0.122243 0.0122461 0.0760836 0.0294649 9.9991E-05
9.99639E-05 0.798855 9.99639E-05 0.114332 9.99639E-05 0.0363119 9.99639E-05 0.050101
0.017512 0.707803 0.0394673 9.9982E-05 0.146135 0.0364268 0.0524564 9.9982E-05
9.9973E-05 0.694985 9.9973E-05 0.12451 0.0704207 0.0824129 9.9973E-05 0.0273716
9.9964E-05 9.9964E-05 0.108372 0.497411 0.224679 9.9964E-05 9.9964E-05 0.169138
0.0209782 0.0141404 0.0874346 0.315582 0.480881 9.9982E-05 0.080783 9.9982E-05
0.00738228 0.0186201 0.136233 0.436687 0.183149 0.0222846 0.168183 0.027461
0.00610173 0.0315587 0.123089 0.365897 0.308063 0.073098 0.0920925 9.9991E-05
0.0247418 0.111654 0.130115 0.155589 0.384291 0.101059 0.0924496 9.9991E-05
0.0192429 0.0236015 0.0577554 0.146145 0.646855 9.9982E-05 0.1062 9.9982E-05
0.0179289 9.9982E-05 0.110064 0.259389 0.38219 0.0941203 9.9982E-05 0.136107
9.9973E-05 0.109729 0.121976 0.361408 0.295394 9.9973E-05 9.9973E-05 0.111193
9.9973E-05 0.0330789 0.0785237 0.634285 9.9973E-05 0.0977823 9.9973E-05 0.15603
0.0442498 0.00390037 0.0994693 0.26396 0.402488 0.0406823 0.0434637 0.101786
0.0768951 0.023884 0.00473846 0.0917958 0.475943 0.185346 0.0103781 0.131019
9.999E-05 0.0269175 0.00912059 0.172661 0.608512 0.0860252 0.0907772 0.00588568
0.00538796 9.9991E-05 0.0673167 0.374652 0.328569 0.0742475 0.0603972 0.0893292
9.9982E-05 0.153843 0.0710543 0.0806605 0.609093 0.0281443 9.9982E-05 0.0570051
0.0424605 0.0199922 0.0694473 0.174883 0.513028 0.0491696 9.9991E-05 0.13092
0.028151 9.9982E-05 0.124914 0.477314 0.11048 0.0465254 9.9982E-05 0.212416
0.0369013 0.00655375 0.201409 0.388161 0.206944 9.9982E-05 9.9982E-05 0.159831
9.9982E-05 9.9982E-05 0.0154066 0.453834 0.258095 0.094355 0.133551 0.044559
0.9993 9.994E-05 9.994E-05 9.994E-05 9.994E-05 9.994E-05 9.994E-05 9.994E-05
0.9993 9.994E-05 9.994E-05 9.994E-05 9.994E-05 9.994E-05 9.994E-05 9.994E-05
0.368004 0.466563 0.0296988 9.9982E-05 0.0476597 9.9982E-05 0.00219537 0.0856794
0.295534 0.503439 0.0497248 9.9982E-05 0.0739911 9.9982E-05 0.00630163 0.0708095
0.0191612 0.0281863 0.00531649 0.0781047 0.538739 9.9991E-05 0.177893 0.152499
9.9964E-05 0.149568 9.9964E-05 0.0123712 0.627488 9.9964E-05 9.9964E-05 0.210174
0.017478 0.0287884 0.0265748 0.0123616 0.497857 9.9982E-05 9.9982E-05 0.416741
0.00248957 0.142765 9.9982E-05 0.529589 0.165801 9.9982E-05 0.0304842 0.128671
0.00616346 9.9991E-05 0.0211571 0.0219916 0.315936 0.052093 0.0693151 0.513244
0.0164153 0.0886598 0.053466 0.0897264 0.43933 9.9991E-05 0.0890811 0.223222
0.0194623 9.9982E-05 9.9982E-05 0.00590391 0.682934 0.0559896 0.00528735 0.230223
0.0584098 9.9973E-05 9.9973E-05 0.0275411 0.605299 0.184214 9.9973E-05 0.124236
0.0519078 0.0873988 9.9991E-05 0.0497743 0.547761 0.0449096 0.0265845 0.191564
0.0150371 9.9982E-05 0.00156417 0.0709568 0.105426 0.0578335 9.9982E-05 0.748983
9.9982E-05 0.0182148 0.104937 0.0178208 0.523771 0.21997 9.9982E-05 0.115086
0.0537751 9.9982E-05 0.143793 9.9982E-05 0.385923 0.0630566 0.07661 0.276641
0.0325834 0.113161 0.047837 0.0640479 0.560573 0.0154145 0.0485101 0.117874
9.9964E-05 9.9964E-05 9.9964E-05 0.000329003 0.294054 9.9964E-05 0.0748887 0.630329
0.0131831 0.0890646 0.0431575 9.9973E-05 0.612815 9.9973E-05 9.9973E-05 0.24148
9.9982E-05 0.113894 0.0223048 9.9982E-05 0.51615 0.0469296 0.0334978 0.267024
9.9964E-05 0.0632348 9.9964E-05 9.9964E-05 9.9964E-05 0.253018 0.039223 0.644125
9.9973E-05 9.9973E-05 9.9973E-05 0.422845 0.192044 0.15863 0.0422005 0.183982
9.9973E-05 9.9973E-05 9.9973E-05 0.242295 0.075854 0.300706 0.18932 0.191526
0.0191398 0.0473055 9.9991E-05 0.0579784 0.59602 0.0977383 0.0772081 0.10451
9.9982E-05 0.0945352 0.0454931 0.0979753 0.622652 0.00565268 0.133491 9.9982E-05
9.9991E-05 0.0669666 0.0837707 0.0983202 0.568499 0.101872 0.027387 0.0530844
9.9982E-05 0.0983105 9.9982E-05 0.341595 0.138307 0.0817935 0.117416 0.222378
0.0273615 9.9982E-05 0.00271639 0.209644 0.551818 0.0841957 0.124064 9.9982E-05
0.0479502 0.0577125 0.0376346 0.135137 0.541987 0.0456347 9.9991E-05 0.133844
0.010019 0.101868 9.9991E-05 0.218761 0.409792 0.0766725 0.0241658 0.158622
0.0112908 0.187764 0.0444751 0.357322 0.053059 0.107075 0.117619 0.121396
0.0339998 9.9991E-05 0.06729 0.101898 0.477217 0.142266 0.0200544 0.157175
9.999E-05 0.0140552 0.0586117 0.253413 0.435149 0.074847 0.152969 0.0108557
0.0771411 9.9982E-05 9.9982E-05 0.489502 0.0421252 0.135892 0.0428205 0.21232
9.9982E-05 9.9982E-05 0.0329083 0.271987 0.499913 0.0583651 0.105555 0.0310719
9.9973E-05 0.00230037 9.9973E-05 0.0465752 0.68523 0.0538719 0.211722 9.9973E-05
0.0752421 0.0633383 0.106644 0.12236 0.543462 0.0128241 0.0537636 0.0223658
0.0131447 0.0413071 0.0246864 0.234088 0.276575 0.083707 0.154438 0.172055
0.0516009 9.9991E-05 0.00140134 0.156066 0.529911 0.0901394 0.0497863 0.120995
0.040177 0.0351588 9.9982E-05 0.100341 0.587372 0.0117878 0.224963 9.9982E-05
0.0520699 9.9982E-05 9.9982E-05 0.334913 0.181946 0.124427 0.134404 0.17204
0.016974 9.9973E-05 9.9973E-05 0.0503632 0.488625 9.9973E-05 0.00177807 0.44196
0.0307173 0.0125255 0.00169967 0.0849058 0.167797 9.9982E-05 9.9982E-05 0.702155
9.9991E-05 0.0279375 0.119269 0.0737473 0.466208 0.0267006 0.0376657 0.248372
9.9955E-05 9.9955E-05 9.9955E-05 9.9955E-05 9.9955E-05 0.117454 0.0606169 0.82143
9.9973E-05 9.9973E-05 0.00405306 0.0535603 9.9973E-05 0.0937447 0.0524744 0.795868
9.9964E-05 9.9964E-05 0.0126401 9.9964E-05 0.257054 9.9964E-05 0.0194816 0.710425
0.00362224 9.9955E-05 9.9955E-05 9.9955E-05 0.499031 9.9955E-05 9.9955E-05 0.496847
0.0590159 0.064023 0.0442998 0.059365 0.437336 0.0366311 0.100296 0.199032
9.9973E-05 0.0318539 0.0695217 0.0436182 0.3287 9.9973E-05 9.9973E-05 0.526006
0.00335408 0.0256684 0.049918 0.126771 0.113752 9.9982E-05 9.9982E-05 0.680336
0.0462494 0.0115763 9.9973E-05 0.23995 0.175105 9.9973E-05 9.9973E-05 0.526819
0.0406836 0.0812659 0.0549978 9.9982E-05 0.487492 9.9982E-05 0.0250345 0.310326
9.9973E-05 0.0194255 0.0427267 0.0225916 0.211568 9.9973E-05 9.9973E-05 0.703388
0.0164258 0.0216499 0.0340874 0.0156316 0.376105 9.9982E-05 9.9982E-05 0.5359
0.0056836 0.0169375 9.9973E-05 9.9973E-05 0.348613 0.0666936 9.9973E-05 0.561772
9.9964E-05 9.9964E-05 0.0164793 9.9964E-05 9.9964E-05 0.245161 0.0394261 0.698534
9.9964E-05 9.9964E-05 0.101428 0.103858 0.494693 9.9964E-05 9.9964E-05 0.299621
0.044621 0.707236 0.0936403 0.0866103 0.0675922 9.9973E-05 9.9973E-05 9.9973E-05
0.105178 0.810079 9.9955E-05 9.9955E-05 0.0842435 9.9955E-05 9.9955E-05 9.9955E-05
0.10354 0.799112 0.0348097 9.9964E-05 0.0621383 9.9964E-05 9.9964E-05 9.9964E-05
0.118306 0.758774 9.9973E-05 9.9973E-05 0.071184 0.0447069 9.9973E-05 0.00672973
0.0886951 0.814618 0.0271053 9.9982E-05 0.0577311 0.0101856 0.00146522 9.9982E-05
0.02697 0.877074 0.0321842 9.9973E-05 9.9973E-05 9.9973E-05 0.0250246 0.0384477
0.058602 0.876796 9.9955E-05 9.9955E-05 0.0641025 9.9955E-05 9.9955E-05 9.9955E-05
0.0513122 0.100177 9.9964E-05 9.9964E-05 0.571803 9.9964E-05 9.9964E-05 0.276308
0.0476585 0.0863128 0.120705 9.9982E-05 0.467429 9.9982E-05 0.0401359 0.237558
0.0121819 0.0226568 9.9982E-05 0.10765 0.04132 9.9982E-05 0.0279485 0.788043
0.0016399 0.123487 0.0538138 0.097874 0.580649 9.9991E-05 0.00391035 0.138526
0.0317475 0.0171611 9.9973E-05 0.0880178 0.417789 9.9973E-05 9.9973E-05 0.444985
0.0158036 0.0148494 9.9973E-05 9.9973E-05 0.605773 9.9973E-05 0.0515334 0.311741
0.030164 9.9991E-05 0.0396102 0.0391185 0.535939 0.0484015 0.0510606 0.255606
9.9982E-05 0.0336069 0.0656564 9.9982E-05 0.388036 0.00506189 0.0512588 0.45618
9.9955E-05 0.0784535 9.9955E-05 0.1626 9.9955E-05 9.9955E-05 9.9955E-05 0.758447
9.9982E-05 0.172479 0.0557024 0.0639135 0.552351 0.065266 0.0900883 9.9982E-05
0.0311364 0.0597909 9.9991E-05 0.00170358 0.674172 0.0924926 0.0569805 0.0836236
9.9973E-05 0.0824782 9.9973E-05 0.0445838 0.653927 0.0464237 9.9973E-05 0.172287
0.0313081 9.9982E-05 0.0170354 9.9982E-05 0.306456 0.118529 0.00366006 0.522811
9.9964E-05 0.00137694 9.9964E-05 9.9964E-05 0.515935 9.9964E-05 0.0414243 0.440864
0.0236378 9.9982E-05 9.9982E-05 0.0579343 0.460465 0.0263463 0.0187461 0.412671
9.9955E-05 9.9955E-05 0.131678 9.9955E-05 0.197774 9.9955E-05 9.9955E-05 0.670047
0.0171336 0.0822051 9.9973E-05 0.0817789 0.454572 9.9973E-05 9.9973E-05 0.36401
0.000557956 0.153825 0.0603933 9.9982E-05 0.496984 9.9982E-05 0.0962419 0.191797
0.0318362 0.0205319 0.0275139 0.352725 0.235384 0.0666822 0.246166 0.0191616
0.0693424 9.9982E-05 0.0285786 0.278297 0.437915 0.153445 9.9982E-05 0.0322222
9.9991E-05 0.065264 0.0112483 0.141464 0.605836 0.0210222 0.0974085 0.0576567
0.000587048 0.0727952 0.0094607 0.0293362 0.68474 0.053951 0.0337285 0.115402
0.0399273 0.0351688 9.9973E-05 0.413616 0.481139 0.029849 9.9973E-05 9.9973E-05
9.9991E-05 0.019412 0.0243511 0.239977 0.587932 0.0469089 0.0270193 0.0542993
9.9964E-05 0.0331373 9.9964E-05 0.42811 0.492432 9.9964E-05 0.0459205 9.9964E-05
0.0318335 0.00959951 0.00886364 0.170661 0.580686 0.12069 0.0775658 9.9991E-05
0.0159818 0.1105 9.9991E-05 0.102762 0.631268 0.0655558 0.0366137 0.0372188
0.0541639 9.9982E-05 9.9982E-05 0.143391 0.65011 0.0269442 0.0427691 0.0824225
0.000667122 9.9964E-05 9.9964E-05 0.370808 0.597536 9.9964E-05 9.9964E-05 0.0305884
0.000159654 9.9982E-05 0.0394219 0.135821 0.70766 0.0892878 9.9982E-05 0.0274497
0.0366985 0.102211 0.00737528 0.0885683 0.611076 0.0422608 0.11171 9.9991E-05
9.9964E-05 9.9964E-05 0.0471029 0.222454 0.600411 9.9964E-05 0.129632 9.9964E-05
9.9982E-05 0.0283665 0.0635751 0.130949 0.578171 0.189114 9.9982E-05 0.00962419
0.0384202 9.9991E-05 0.0489987 0.277885 0.566791 0.00248892 0.0231405 0.042175
0.0045266 0.126251 9.9982E-05 0.261206 0.377483 0.112516 0.117817 9.9982E-05
9.9982E-05 0.0368804 0.0424541 0.150533 0.652928 0.0639848 9.9982E-05 0.0530203
0.0337255 0.0217542 9.9982E-05 0.0491902 0.712678 0.0148873 0.167564 9.9982E-05
0.0241033 9.9991E-05 0.0988892 0.409884 0.146408 0.0339676 0.108174 0.178473
0.00303626 9.9982E-05 9.9982E-05 0.278072 0.176657 0.190412 0.192185 0.159437
0.0352897 0.0143646 0.0742861 0.224898 0.515996 0.0719337 9.9991E-05 0.0631318
9.9982E-05 9.9982E-05 0.0789856 0.335858 0.0489765 0.134271 0.255873 0.145835
9.9973E-05 0.0589565 9.9973E-05 0.410435 0.257824 9.9973E-05 0.156144 0.116341
9.9973E-05 0.0366545 9.9973E-05 0.263307 0.493936 9.9973E-05 0.0612817 0.144521
0.0672531 9.9964E-05 9.9964E-05 0.463975 0.326912 9.9964E-05 9.9964E-05 0.141461
9.9973E-05 9.9973E-05 9.9973E-05 0.482297 0.361516 0.046307 0.0184938 0.0910865
0.060671 9.9982E-05 0.0923362 0.137725 0.596663 9.9982E-05 0.0180664 0.0943388
0.0289453 9.9991E-05 0.140401 0.0985615 0.464251 0.0373935 0.112889 0.117458
0.0188544 0.0682884 0.106352 0.168448 0.488749 9.9991E-05 0.107953 0.0412549
9.9982E-05 9.9982E-05 0.059333 0.30224 0.153834 0.223381 0.13569 0.125322
9.9982E-05 0.159043 0.0237725 0.037571 0.573219 0.100802 9.9982E-05 0.105392
0.0270105 0.0471647 0.0242425 0.0424649 0.462388 0.206986 0.0563906 0.133352
0.00757316 0.104411 9.9982E-05 0.146907 9.9982E-05 0.397723 0.206461 0.136724
0.0396778 0.0694108 9.9982E-05 9.9982E-05 0.616014 0.0097482 0.131749 0.133201
9.9982E-05 0.0754234 9.9982E-05 0.0960472 0.379812 0.226571 0.115128 0.106818
9.9982E-05 0.12101 0.077021 9.9982E-05 0.473787 0.126926 0.150353 0.0507027
0.072094 0.0147596 0.0117406 0.140697 0.216482 0.385059 0.0435944 0.115573
0.0407204 0.00520993 9.9991E-05 0.1543 0.223516 0.403218 0.0902377 0.0826981
0.00597214 0.0374359 9.9991E-05 0.150595 0.386019 0.165978 0.14311 0.110789
0.0607266 0.0785711 0.0493728 0.0844698 0.444855 0.101629 0.0681496 0.112226
0.035472 0.0666285 0.0430212 0.0605496 0.433052 0.0905495 0.122129 0.148599
0.0163309 9.9982E-05 0.159045 0.106243 9.9982E-05 0.370109 0.0876802 0.260391
0.0169023 0.0884868 0.0168539 0.152702 0.592024 0.0838396 0.0490905 9.9991E-05
9.9973E-05 9.9973E-05 9.9973E-05 0.0835447 0.371881 0.269837 0.0790422 0.195396
9.9982E-05 9.9982E-05 0.0177336 0.142492 0.431853 0.170976 0.0965583 0.140187
9.9982E-05 0.152487 9.9982E-05 0.115192 0.568707 0.00134255 0.0938068 0.0682638
0.0547769 0.241255 0.274527 0.0834655 0.144973 0.194674 0.00622856 9.9991E-05
9.9955E-05 0.47884 0.150144 9.9955E-05 9.9955E-05 0.370517 9.9955E-05 9.9955E-05
0.0153514 0.380195 0.133771 9.9973E-05 9.9973E-05 0.444552 0.0258312 9.9973E-05
0.00591632 0.343235 0.358184 0.0136944 0.0427894 0.235981 9.9982E-05 9.9982E-05
9.9955E-05 9.9955E-05 9.9955E-05 9.9955E-05 0.602352 0.236402 9.9955E-05 0.160746
0.0286781 0.179914 0.0971189 0.021028 0.44179 9.9991E-05 0.10204 0.129332
0.0308543 9.9973E-05 0.630423 0.0200121 0.288258 9.9973E-05 9.9973E-05 0.0301524
0.0245961 0.0626932 0.421702 0.108061 0.271217 9.9991E-05 0.0476349 0.0639958
0.0176319 0.0630932 0.398462 0.0495069 0.313359 9.9991E-05 0.0677684 0.0900785
0.0049697 9.9982E-05 9.9982E-05 0.075235 0.331876 0.374903 0.0676857 0.14513
0.0389329 9.9991E-05 0.0677467 0.00709763 0.54735 0.104795 0.0852953 0.148682
9.9964E-05 9.9964E-05 9.9964E-05 9.9964E-05 0.221019 0.543372 0.200607 0.0346027
9.9973E-05 0.0317903 0.00724172 9.9973E-05 0.623471 0.191589 0.145608 9.9973E-05
0.0345345 0.00706067 9.9991E-05 0.082042 0.485038 0.25313 0.102951 0.0351439
0.017608 0.0174113 0.0107677 0.0303828 0.565028 0.209163 0.149539 9.9991E-05
9.9973E-05 9.9973E-05 9.9973E-05 0.0461757 0.199782 0.417573 0.19805 0.138119
0.00935355 9.9982E-05 0.0935883 0.0308531 0.652511 0.151565 9.9982E-05 0.0619291
9.9964E-05 0.107763 9.9964E-05 9.9964E-05 0.592539 0.243813 9.9964E-05 0.0554847
9.9955E-05 0.0062693 0.990088 9.9955E-05 9.9955E-05 9.9955E-05 9.9955E-05 0.00314342
9.9955E-05 9.9955E-05 0.959803 9.9955E-05 0.0204148 9.9955E-05 0.0192824 9.9955E-05
0.0284517 9.9982E-05 0.65696 0.0776711 0.218119 0.0107531 0.00784507 9.9982E-05
0.0014266 0.041546 0.619295 9.9964E-05 0.337333 9.9964E-05 9.9964E-05 9.9964E-05
0.0103971 0.00627863 0.825394 9.9982E-05 0.0156283 0.00996866 9.9982E-05 0.132133
9.9955E-05 9.9955E-05 0.994158 0.000866697 9.9955E-05 9.9955E-05 9.9955E-05 0.00447593
9.9946E-05 9.9946E-05 0.958672 0.0407281 9.9946E-05 9.9946E-05 9.9946E-05 9.9946E-05
9.9946E-05 9.9946E-05 0.846852 9.9946E-05 0.152549 9.9946E-05 9.9946E-05 9.9946E-05
9.9955E-05 9.9955E-05 0.940316 0.0385637 0.0206206 9.9955E-05 9.9955E-05 9.9955E-05
9.994E-05 9.994E-05 0.9993 9.994E-05 9.994E-05 9.994E-05 9.994E-05 9.994E-05
0.0289088 9.9946E-05 0.970492 9.9946E-05 9.9946E-05 9.9946E-05 9.9946E-05 9.9946E-05
0.0666337 9.9964E-05 0.742184 9.9964E-05 0.121323 9.9964E-05 0.0694595 9.9964E-05
0.000167402 0.0448177 0.821128 0.058313 0.0752735 9.9973E-05 9.9973E-05 9.9973E-05
9.9946E-05 9.9946E-05 0.936372 9.9946E-05 9.9946E-05 9.9946E-05 9.9946E-05 0.0630286
0.014824 9.9982E-05 0.444368 0.123908 0.274878 0.0589457 9.9982E-05 0.0828771
0.0692994 0.00258939 0.582555 9.9982E-05 0.26345 0.0754138 9.9982E-05 0.00649286
0.0300612 0.0456511 0.715922 9.9973E-05 0.193447 9.9973E-05 0.0146187 9.9973E-05
0.0182075 9.9973E-05 0.844454 0.0444885 0.0812196 9.9973E-05 9.9973E-05 0.011331
9.9946E-05 0.00323031 0.99617 9.9946E-05 9.9946E-05 9.9946E-05 9.9946E-05 9.9946E-05
0.0121863 0.0383862 0.86386 9.9964E-05 0.085168 9.9964E-05 9.9964E-05 9.9964E-05
0.00820514 9.9946E-05 0.991195 9.9946E-05 9.9946E-05 9.9946E-05 9.9946E-05 9.9946E-05
9.9982E-05 0.052639 0.594722 0.037675 0.281413 0.0266416 0.00670932 9.9982E-05
0.0129867 0.0313617 0.891228 9.9973E-05 0.0225718 9.9973E-05 0.0415523 9.9973E-05
9.9973E-05 0.272478 0.0402919 9.9973E-05 9.9973E-05 0.556443 0.121826 0.00866134
0.0353653 0.105322 0.0869769 0.137315 0.35957 0.20746 0.0678901 9.9991E-05
9.9973E-05 0.231551 9.9973E-05 0.0273665 0.477197 0.206057 9.9973E-05 0.057529
0.0483514 0.176366 0.0557862 9.9982E-05 0.225745 0.488356 9.9982E-05 0.00519509
0.0173916 0.194544 0.138084 9.9991E-05 0.386625 0.109155 0.0375181 0.116582
0.0189324 0.20192 0.0722196 9.9991E-05 0.253311 0.420028 0.0312041 0.00228482
0.0305665 0.122271 0.145878 0.0895041 0.42363 0.146605 0.0336659 0.00787897
9.9973E-05 0.0888184 0.196333 9.9973E-05 0.263361 0.377749 9.9973E-05 0.073439
0.0856999 0.0298158 0.125704 0.00115709 0.458159 0.26993 0.0294332 9.9991E-05
0.0627878 0.027837 0.155806 9.9973E-05 0.372308 0.380961 9.9973E-05 9.9973E-05
0.0550997 0.10426 0.116394 0.0391224 0.411233 0.273691 9.9982E-05 9.9982E-05
9.9964E-05 0.810497 9.9964E-05 0.0329649 0.0449762 0.111162 9.9964E-05 9.9964E-05
0.0610832 0.85211 0.0578255 9.9973E-05 0.00466079 9.9973E-05 0.0240209 9.9973E-05
0.0213412 0.937746 9.9964E-05 0.0318992 9.9964E-05 0.00861348 9.9964E-05 9.9964E-05
0.0296829 0.91057 9.9964E-05 0.0361598 0.0231877 9.9964E-05 9.9964E-05 9.9964E-05
0.122618 0.795574 9.9973E-05 0.0357162 0.0316783 0.0141134 9.9973E-05 9.9973E-05
0.0708916 0.829949 0.0949338 9.9964E-05 9.9964E-05 0.00382614 9.9964E-05 9.9964E-05
0.0633596 0.836253 0.0544808 9.9964E-05 0.0455064 9.9964E-05 9.9964E-05 9.9964E-05
0.027823 0.86865 9.9973E-05 9.9973E-05 0.0286901 0.0507133 0.0238234 9.9973E-05
9.9955E-05 0.931857 9.9955E-05 9.9955E-05 0.0462199 9.9955E-05 9.9955E-05 0.0214238
0.0101212 0.828956 0.106562 0.0106936 0.00642425 0.0370429 9.9982E-05 9.9982E-05
0.0445064 0.559402 9.9973E-05 0.220813 9.9973E-05 9.9973E-05 0.0478213 0.127158
0.0192107 0.569627 0.0378664 0.344375 9.9973E-05 9.9973E-05 9.9973E-05 0.0286206
0.0469838 0.495408 9.9982E-05 0.31916 9.9982E-05 0.0987307 0.0382888 0.00122862
9.9973E-05 0.50165 9.9973E-05 0.37469 9.9973E-05 0.0247902 0.00890594 0.0896638
0.0444706 0.0435054 9.9973E-05 0.16495 0.45906 9.9973E-05 9.9973E-05 0.287714
9.9982E-05 0.0427883 0.0389462 0.04333 0.507875 9.9982E-05 0.0895559 0.277305
9.9982E-05 0.00825738 0.0239321 0.176931 0.615161 9.9982E-05 0.0500789 0.12544
0.0196057 0.0552157 9.9991E-05 0.121603 0.422682 0.0519435 0.0300201 0.29883
0.0180238 9.9982E-05 0.0465155 0.572805 0.137534 0.0307961 9.9982E-05 0.194125
9.9991E-05 0.0761003 0.025004 0.0032086 0.599246 0.0201052 0.0457608 0.230475
9.9982E-05 9.9982E-05 0.0466457 0.00212116 0.567644 0.0362909 0.020635 0.326463
0.0100081 9.9982E-05 9.9982E-05 0.0779908 0.501546 0.104114 0.0378043 0.268337
9.9973E-05 9.9973E-05 0.0680931 9.9973E-05 0.296107 0.0471941 0.0270695 0.561236
9.9982E-05 0.00246491 0.0443933 0.124663 0.600229 0.0408269 9.9982E-05 0.187223
0.01199 9.9982E-05 0.00710706 0.108548 0.335506 9.9982E-05 0.083572 0.453077
9.9964E-05 9.9964E-05 9.9964E-05 0.0167699 9.9964E-05 0.00684989 0.302806 0.673174
9.9973E-05 0.109104 9.9973E-05 0.112311 0.559154 9.9973E-05 0.0424844 0.176647
9.9973E-05 9.9973E-05 0.00431203 9.9973E-05 0.266047 0.19228 0.130396 0.406665
0.00981898 9.9982E-05 0.0463222 0.0376942 0.48281 9.9982E-05 0.0772011 0.345953
9.9964E-05 0.0368401 9.9964E-05 0.22698 0.0744474 9.9964E-05 9.9964E-05 0.661333
0.0200532 0.103664 9.9964E-05 0.751111 9.9964E-05 0.124772 9.9964E-05 9.9964E-05
9.9964E-05 0.0854453 9.9964E-05 0.718029 0.104839 0.0912868 9.9964E-05 9.9964E-05
0.00644134 0.0190869 9.9973E-05 0.844671 9.9973E-05 0.124184 0.00531712 9.9973E-05
9.9973E-05 0.150951 9.9973E-05 0.730094 9.9973E-05 0.0243168 0.0137798 0.0805579
0.00768875 9.9982E-05 0.0227146 0.771294 0.0131141 0.129608 0.0553807 9.9982E-05
9.9973E-05 0.0730373 0.040834 0.758505 0.108912 0.018411 9.9973E-05 9.9973E-05
0.0366773 0.819552 0.0816562 9.9973E-05 0.0352397 9.9973E-05 9.9973E-05 0.0265753
0.0341294 0.759628 0.0162103 0.107007 0.0827249 9.9973E-05 9.9973E-05 9.9973E-05
0.0521778 0.698587 0.143997 0.0247255 0.0802127 9.9973E-05 9.9973E-05 9.9973E-05
0.0558284 0.684206 0.124976 0.112885 0.0218048 9.9973E-05 9.9973E-05 9.9973E-05
0.00375169 0.763166 0.0975666 0.0371286 0.0711744 9.9982E-05 9.9982E-05 0.0270132
0.0351477 0.358692 9.9973E-05 0.55636 9.9973E-05 0.026737 9.9973E-05 0.0227634
0.00457079 0.486666 9.9982E-05 0.374558 9.9982E-05 0.0435726 0.0401229 0.0503092
0.0597587 0.407084 9.9973E-05 0.409635 9.9973E-05 9.9973E-05 0.0824386 0.040784
0.9993 9.994E-05 9.994E-05 9.994E-05 9.994E-05 9.994E-05 9.994E-05 9.994E-05
0.016005 0.388116 9.9973E-05 0.479332 9.9973E-05 9.9973E-05 0.0161132 0.100134
9.9973E-05 0.193563 0.353733 9.9973E-05 0.302015 0.149796 0.000592918 9.9973E-05
0.0215485 0.185014 0.082177 0.0163417 0.609521 0.0851984 9.9982E-05 9.9982E-05
0.0700423 0.141678 0.176555 9.9982E-05 0.561441 0.0199386 9.9982E-05 0.030145
0.0150372 0.201877 0.183789 0.00129589 0.377274 0.174511 9.9991E-05 0.0461163
0.00442167 0.137162 0.224887 0.0245959 0.540143 0.0672949 9.9991E-05 0.00139546
9.9955E-05 0.419049 0.328894 9.9955E-05 9.9955E-05 0.251557 9.9955E-05 9.9955E-05
9.9973E-05 0.00209281 9.9973E-05 0.330391 0.479824 0.0627539 9.9973E-05 0.124639
9.9982E-05 0.0134328 9.9982E-05 0.177577 0.353171 0.163536 0.20213 0.0899536
0.0502216 0.0279816 9.9973E-05 0.560345 0.282914 9.9973E-05 0.0782381 9.9973E-05
9.9973E-05 9.9973E-05 9.9973E-05 0.148896 0.497634 0.0760295 0.211323 0.0658169
9.9964E-05 9.9964E-05 9.9964E-05 0.173638 9.9964E-05 0.274687 0.331066 0.220209
9.9991E-05 0.163813 0.0147472 0.192926 0.483548 0.0461999 0.0385689 0.0600977
9.9982E-05 0.0182792 9.9982E-05 0.181085 0.498798 0.0583337 0.219147 0.0241572
0.0261507 0.0010403 9.9982E-05 0.444185 0.319802 0.0246501 9.9982E-05 0.183972
9.9982E-05 0.0930676 0.0478184 0.252957 0.535743 9.9982E-05 0.0668408 0.00337308
9.9973E-05 9.9973E-05 9.9973E-05 0.298798 0.115953 0.225589 0.226249 0.133111
0.000148063 9.9991E-05 0.0262416 0.0332658 0.518409 0.246581 0.157628 0.0176264
9.9973E-05 9.9973E-05 0.00128726 0.30835 0.543207 0.104108 0.0427476 9.9973E-05
0.00280494 0.152799 0.172339 0.0555825 0.43671 0.0986641 9.9991E-05 0.0810012
9.9973E-05 9.9973E-05 0.0164294 0.312841 0.370116 0.0793831 0.220931 9.9973E-05
0.0280752 0.0364915 9.9991E-05 0.217478 0.493694 0.0461584 0.150118 0.0278856
9.9982E-05 9.9982E-05 0.1058 0.206574 0.434022 0.0158918 0.0754126 0.162099
9.9982E-05 0.00603781 9.9982E-05 0.200508 0.529962 0.0299644 0.11374 0.119588
9.9973E-05 9.9973E-05 0.114452 0.17151 0.573532 9.9973E-05 0.0478014 0.0924044
9.9982E-05 0.098935 0.103597 0.09318 0.524663 9.9982E-05 0.0513198 0.128105
0.0157295 0.0751721 0.0775947 0.197074 0.512023 0.072293 0.00215465 0.0479594
9.9955E-05 0.769971 0.0852339 9.9955E-05 0.144296 9.9955E-05 9.9955E-05 9.9955E-05
9.9955E-05 0.864995 0.0082543 9.9955E-05 0.126251 9.9955E-05 9.9955E-05 9.9955E-05
9.9973E-05 0.793308 0.00202621 0.0505063 0.123875 0.0299847 9.9973E-05 9.9973E-05
0.0506988 0.768361 0.0386565 9.9982E-05 0.0169472 9.9982E-05 0.0812088 0.0439273
0.0532997 0.816593 9.9955E-05 9.9955E-05 0.129607 9.9955E-05 9.9955E-05 9.9955E-05
9.9973E-05 0.0149781 0.0422959 0.591541 0.206513 9.9973E-05 9.9973E-05 0.144372
0.0319635 0.0479917 0.0494279 0.239609 0.429018 0.0589921 0.142898 9.9991E-05
0.048624 0.171098 0.164772 9.9991E-05 0.388525 0.100505 0.0681044 0.0582723
0.0268023 9.9982E-05 0.0227747 0.152484 0.651104 0.0865709 0.0600637 9.9982E-05
0.0292488 0.0326251 0.018474 0.287922 0.482426 9.9991E-05 0.00886653 0.140337
0.0298291 9.9982E-05 0.0470873 0.303859 0.28178 0.185913 0.151331 9.9982E-05
0.0470097 0.084166 9.9982E-05 0.518017 0.0149526 0.184235 9.9982E-05 0.15142
0.0602386 9.9973E-05 0.0295363 0.301482 0.509885 9.9973E-05 0.0985588 9.9973E-05
0.0166995 0.0617919 0.0051187 0.489427 0.194599 9.9991E-05 0.176896 0.0553675
9.9991E-05 0.0273112 0.0736876 0.188906 0.429362 0.195922 0.0389346 0.0457767
0.0046336 0.138171 0.0372043 0.540293 0.0670497 0.0233407 0.120408 0.0689001
0.038496 0.106006 0.0322783 0.189674 0.590795 9.9982E-05 9.9982E-05 0.0425504
0.0240576 0.0526624 0.0311665 0.447579 0.209828 0.000472236 0.0858324 0.148402
0.0311103 9.9991E-05 0.0375662 0.35712 0.363022 0.151073 0.037646 0.0223629
0.00270341 0.0278796 9.9982E-05 0.071765 0.51991 0.353687 9.9982E-05 0.0238553
9.9973E-05 9.9973E-05 9.9973E-05 0.147686 0.29052 0.45231 0.0607045 0.048479
0.0111073 0.0236795 9.9982E-05 0.200384 0.515523 0.238404 0.0107026 9.9982E-05
0.00984012 0.167395 0.00560705 9.9982E-05 0.514187 0.10749 9.9982E-05 0.195281
9.9973E-05 9.9973E-05 9.9973E-05 0.138021 0.310831 0.381234 0.146902 0.0227127
9.9991E-05 0.032511 0.0946769 0.173439 0.447664 0.173396 0.0352754 0.0429375
0.0371657 0.0458633 9.9991E-05 0.00648982 0.609583 0.170513 0.0970833 0.0332021
9.9973E-05 9.9973E-05 9.9973E-05 0.0857414 0.103237 0.553101 0.190156 0.067464
9.9964E-05 9.9964E-05 9.9964E-05 9.9964E-05 0.291095 0.547465 0.0714632 0.0895766
9.9964E-05 9.9964E-05 9.9964E-05 0.0995339 0.483383 0.40825 0.00843296 9.9964E-05
9.9973E-05 9.9973E-05 9.9973E-05 0.133962 0.148597 0.450106 0.110452 0.156583
9.9964E-05 9.9964E-05 9.9964E-05 0.151357 0.495739 0.283018 9.9964E-05 0.069486
9.9982E-05 9.9982E-05 0.0673573 0.607784 0.081616 0.00276821 0.0573612 0.182914
9.9973E-05 9.9973E-05 0.0146802 0.392123 0.225894 9.9973E-05 0.263308 0.103695
0.0505958 0.0379144 0.0508015 0.409039 0.392941 9.9991E-05 0.0497582 0.00885049
0.0157732 0.0140039 0.0812058 0.19574 0.533511 0.057661 0.0516405 0.0504642
0.00651154 9.9973E-05 9.9973E-05 0.483397 0.3036 9.9973E-05 0.0574278 0.148764
0.0101066 0.0582734 0.139619 0.163032 0.417621 0.024364 0.121925 0.0650585
0.0745315 9.9982E-05 0.0974454 0.167778 0.518529 9.9982E-05 0.0550193 0.0864971
0.0459437 0.0127387 0.0514653 0.166383 0.511996 0.0725433 0.0571818 0.0817482
9.9973E-05 0.0395898 0.0789711 0.249953 0.545213 9.9973E-05 0.0859731 9.9973E-05
0.0122697 0.0551191 9.9973E-05 0.281199 0.465505 9.9973E-05 9.9973E-05 0.185608
0.0217052 9.9982E-05 0.0658963 0.498723 0.248756 9.9982E-05 0.0468481 0.117872
0.00378633 9.9982E-05 0.123202 0.416227 0.308144 9.9982E-05 0.120273 0.0281671
9.9964E-05 9.9964E-05 0.0488738 0.24085 0.638035 9.9964E-05 0.0718414 9.9964E-05
0.0117904 0.0432094 0.0558532 0.0993404 0.654165 0.135442 9.9982E-05 9.9982E-05
0.0199398 0.0129946 9.9991E-05 0.204785 0.431067 0.0746935 0.23215 0.0242705
9.9973E-05 9.9973E-05 0.0563446 0.300499 0.485906 9.9973E-05 0.117483 0.0394669
0.0133437 0.0917229 0.0186947 0.385922 0.369138 0.0789373 9.9991E-05 0.0421412
9.9955E-05 9.9955E-05 9.9955E-05 0.237673 0.707039 9.9955E-05 0.0547881 9.9955E-05
9.9982E-05 0.079105 0.0450127 0.266159 0.554324 9.9982E-05 0.0423612 0.0128384
9.9973E-05 0.0468592 0.0912679 0.151841 0.567555 0.142177 9.9973E-05 9.9973E-05
0.0559284 0.288559 0.121727 0.0428236 0.404146 0.0596329 9.9991E-05 0.027083
0.0112738 0.0548055 0.248949 9.9991E-05 0.46695 0.11564 0.0234198 0.0788615
0.0414017 0.0613197 0.183124 0.0843908 0.414317 0.131133 0.0628153 0.0214985
0.0596068 0.0524814 0.0920856 0.0569538 0.554682 9.9991E-05 0.0606491 0.123441
0.0462183 0.184779 0.177751 9.9982E-05 0.437505 9.9982E-05 0.0757346 0.0778124
9.9973E-05 9.9973E-05 0.00883756 0.18332 0.502389 0.173125 0.132029 9.9973E-05
0.0163793 0.146099 0.163866 0.11707 0.461895 9.9982E-05 9.9982E-05 0.0944907
0.00061718 0.227078 0.0967291 0.00767682 0.106239 0.425917 0.0335322 0.102211
0.0534632 0.0442831 0.22696 0.130263 0.451897 0.0805516 0.0124825 9.9991E-05
0.0208796 0.124911 0.140904 9.9982E-05 0.535566 9.9982E-05 0.0811928 0.0963459
9.9982E-05 0.040649 0.245159 0.095691 0.452071 0.139109 0.0271199 9.9982E-05
0.0399551 0.157691 0.0953079 0.0539349 0.357794 0.253973 0.0231025 0.0182413
0.00507975 0.189813 0.107034 9.9991E-05 0.526515 0.0981478 0.0251731 0.0481381
0.0223646 0.149276 0.17195 9.9982E-05 0.547858 0.0673543 0.0409975 9.9982E-05
0.0105981 0.481179 0.169752 9.9973E-05 9.9973E-05 0.28582 0.0523504 9.9973E-05
0.0457236 0.124915 0.191327 0.021384 0.470395 0.0754525 0.0707025 9.9991E-05
9.9991E-05 0.190865 0.24389 0.0190299 0.441682 0.00722292 0.0485798 0.0486314
9.9973E-05 0.102928 0.11712 9.9973E-05 0.596197 0.0892014 0.0942532 9.9973E-05
0.00163389 0.158101 0.191505 9.9991E-05 0.500864 0.0872422 0.0553304 0.00522291
0.0314475 0.169049 0.0786796 9.9982E-05 0.543285 0.140939 0.0364002 9.9982E-05
0.00900058 0.0601757 0.00773269 0.00557411 0.396773 9.9991E-05 0.410137 0.110507
9.9991E-05 0.155376 0.00574885 0.101837 0.42528 0.0255084 0.257507 0.0286437
9.9964E-05 9.9964E-05 9.9964E-05 0.078675 9.9964E-05 0.0270136 0.785725 0.108186
9.9946E-05 0.00268396 9.9946E-05 9.9946E-05 9.9946E-05 9.9946E-05 0.996716 9.9946E-05
0.018385 0.0656908 0.103049 0.108487 0.392773 0.0324447 0.21762 0.0615507
9.9982E-05 0.110683 0.293599 0.021715 0.410379 0.0822965 0.0811284 9.9982E-05
0.00111581 0.0810442 0.417556 9.9973E-05 0.254485 9.9973E-05 0.245499 9.9973E-05
0.0174632 0.167424 0.245831 9.9982E-05 0.218334 0.162224 0.188524 9.9982E-05
0.028633 0.158928 0.270012 9.9991E-05 0.324665 0.0171571 0.170892 0.0296132
9.9964E-05 0.0617502 0.0833217 9.9964E-05 9.9964E-05 0.0761839 0.778344 9.9964E-05
0.0134696 0.0924141 0.0687289 9.9973E-05 0.131469 9.9973E-05 0.693618 9.9973E-05
0.0457912 9.9973E-05 0.102782 9.9973E-05 0.443983 9.9973E-05 0.379322 0.0278219
9.9964E-05 0.0835592 0.14445 9.9964E-05 0.307974 9.9964E-05 0.463617 9.9964E-05
0.0280893 0.0587201 0.100273 9.9973E-05 0.0682749 9.9973E-05 0.744343 9.9973E-05
0.0552025 0.0276467 0.084505 0.0642504 0.415098 9.9991E-05 0.349371 0.0038255
0.00863907 0.0161895 0.0779319 0.039988 0.432696 9.9991E-05 0.352383 0.072073
9.9982E-05 0.0918082 0.204116 0.0600591 0.325239 9.9982E-05 0.27754 0.0410376
0.000134788 0.0364167 9.9982E-05 0.00202128 0.306085 9.9982E-05 0.60501 0.050132
0.0122507 9.9982E-05 0.0229775 0.0577873 0.291074 9.9982E-05 0.569975 0.045736
9.9964E-05 0.0675483 9.9964E-05 0.101681 0.503807 9.9964E-05 0.326564 9.9964E-05
0.0221938 0.00762986 0.055185 0.0820296 0.327376 9.9991E-05 0.473415 0.0320703
9.9991E-05 0.135534 0.116854 0.051557 0.349932 0.0450957 0.0892226 0.211704
0.0262447 9.9973E-05 9.9973E-05 0.0152533 0.475215 0.0652854 0.417702 9.9973E-05
9.9964E-05 9.9964E-05 9.9964E-05 0.03654 0.167526 0.0783523 0.717182 9.9964E-05
9.9973E-05 0.0177219 0.0280131 9.9973E-05 0.54647 9.9973E-05 0.390371 0.017124
9.9973E-05 9.9973E-05 9.9973E-05 0.0870476 0.174031 0.00139078 0.673945 0.0632858
0.0206191 0.00752461 0.00410339 0.0207196 0.377635 0.0502606 0.519037 9.9991E-05
0.0390732 0.033012 0.0896586 0.0364728 0.498584 9.9991E-05 0.267537 0.0355625
0.0467655 9.9982E-05 0.0231709 9.9982E-05 0.411253 0.00561907 0.43387 0.0791214
0.0239495 0.15227 0.135754 0.0221029 0.514543 0.0217698 0.110784 0.0188258
9.9991E-05 0.151983 0.0966746 0.121582 0.405246 0.00711709 0.181774 0.0355237
9.9982E-05 0.152821 0.332567 0.0556291 0.221037 0.128893 0.108853 9.9982E-05
0.0685479 0.123273 0.190262 0.109173 0.285338 0.0777345 0.14557 9.9991E-05
0.0320046 0.146644 0.161475 0.123033 0.421495 0.0466473 0.0686009 9.9991E-05
0.0502148 0.0714882 0.158953 0.0319172 0.325618 0.0874507 0.274258 9.9991E-05
9.9964E-05 0.174336 0.123403 9.9964E-05 9.9964E-05 0.111041 0.59082 9.9964E-05
0.0585931 0.101709 0.209359 9.9982E-05 0.44862 0.0206236 0.160895 9.9982E-05
9.9964E-05 0.343149 0.115725 9.9964E-05 9.9964E-05 0.181284 0.359442 9.9964E-05
0.00938315 0.0516917 0.197286 9.9973E-05 0.460883 9.9973E-05 0.280456 9.9973E-05
0.00664755 9.9973E-05 9.9973E-05 9.9973E-05 0.00786319 0.0173404 0.796668 0.171181
0.00805265 9.9964E-05 9.9964E-05 0.0211241 9.9964E-05 9.9964E-05 0.865221 0.105202
0.00299098 9.9964E-05 9.9964E-05 9.9964E-05 0.492838 9.9964E-05 0.460805 0.042967
0.0152823 9.9964E-05 0.024157 9.9964E-05 0.573872 9.9964E-05 0.386289 9.9964E-05
9.9964E-05 9.9964E-05 9.9964E-05 0.0184631 0.347837 9.9964E-05 0.56769 0.0656098
9.9955E-05 9.9955E-05 9.9955E-05 9.9955E-05 0.437057 9.9955E-05 0.480903 0.0815397
9.9964E-05 9.9964E-05 9.9964E-05 0.0359717 0.490614 9.9964E-05 0.444065 0.0289494
0.0806066 0.730994 0.035025 0.0279024 0.0680966 9.9982E-05 0.0571752 9.9982E-05
0.0219209 0.696687 0.120191 0.125108 9.9973E-05 9.9973E-05 0.0357933 9.9973E-05
0.0244933 0.861894 0.0779734 0.0352396 9.9964E-05 9.9964E-05 9.9964E-05 9.9964E-05
0.103304 0.825384 9.9964E-05 9.9964E-05 0.0402852 9.9964E-05 0.0306271 9.9964E-05
0.0385719 0.0387243 9.9973E-05 9.9973E-05 0.499657 9.9973E-05 0.0979616 0.324785
9.9982E-05 0.0166537 0.0842341 0.0577282 0.462248 9.9982E-05 0.0156266 0.363309
0.0502158 9.9955E-05 9.9955E-05 9.9955E-05 0.506202 9.9955E-05 9.9955E-05 0.443083
9.9964E-05 0.0820393 9.9964E-05 9.9964E-05 0.547565 0.0700793 9.9964E-05 0.299916
9.9982E-05 0.0768242 0.0601606 0.0445331 0.520089 0.091759 9.9982E-05 0.206434
9.9991E-05 0.0256941 0.0223664 0.112017 0.229571 0.0361371 0.0677796 0.506335
0.0186105 0.0207135 0.0342827 0.0146629 0.49545 9.9982E-05 9.9982E-05 0.41608
0.00321197 9.9973E-05 9.9973E-05 9.9973E-05 0.305779 0.134178 0.101241 0.45529
0.00832931 0.194249 0.225595 0.0516407 0.422129 0.0795976 0.0183596 9.9991E-05
9.9982E-05 9.9982E-05 0.0381766 0.0337838 0.471057 0.0681848 0.0981855 0.290413
0.0236031 9.9964E-05 9.9964E-05 0.125055 0.34308 9.9964E-05 9.9964E-05 0.507862
0.00373168 9.9964E-05 9.9964E-05 9.9964E-05 0.493829 9.9964E-05 0.132598 0.369441
9.9982E-05 0.0198507 0.0144721 0.0212662 0.349607 9.9982E-05 0.116451 0.478153
9.9955E-05 9.9955E-05 9.9955E-05 9.9955E-05 0.536108 9.9955E-05 0.0257408 0.437652
0.0334446 9.9973E-05 9.9973E-05 0.0553573 0.510522 9.9973E-05 0.0648381 0.335538
9.9964E-05 9.9964E-05 9.9964E-05 9.9964E-05 0.0463238 0.0480924 0.0560585 0.849125
9.9982E-05 0.0323192 0.0327335 9.9982E-05 0.222914 0.127687 0.0296743 0.554472
0.000502294 9.9982E-05 0.0756729 0.0461157 0.218751 9.9982E-05 0.0788265 0.579932
9.9946E-05 9.9946E-05 9.9946E-05 9.9946E-05 9.9946E-05 0.200342 9.9946E-05 0.799058
9.9982E-05 0.0411628 0.0268969 0.0653162 0.278053 9.9982E-05 0.073097 0.515274
0.0102785 9.9982E-05 9.9982E-05 0.0264628 0.0893405 0.143577 0.0849185 0.645222
9.9955E-05 9.9955E-05 9.9955E-05 9.9955E-05 9.9955E-05 0.185776 0.104664 0.70906
0.0264783 0.07583 0.00597394 9.9982E-05 0.57954 0.0149355 9.9982E-05 0.297042
0.0113948 0.0496043 9.9973E-05 0.116268 0.171383 9.9973E-05 9.9973E-05 0.65105
0.000965649 9.9982E-05 0.0813648 0.0739707 0.317328 0.0789082 9.9982E-05 0.447263
0.0703399 0.0596982 9.9973E-05 9.9973E-05 0.621112 0.126199 9.9973E-05 0.122351
9.9955E-05 9.9955E-05 9.9955E-05 0.0818095 0.473541 9.9955E-05 9.9955E-05 0.44415
0.00285619 9.9991E-05 0.0405845 0.292162 0.352757 0.113306 0.183934 0.0142999
0.014461 0.00981049 9.9982E-05 0.0239663 0.565998 9.9982E-05 0.0452842 0.34028
0.0399643 0.0403982 0.012346 0.113366 0.491828 9.9982E-05 9.9982E-05 0.301897
9.9955E-05 9.9955E-05 9.9955E-05 9.9955E-05 0.3021 0.0421584 9.9955E-05 0.655242
0.0364184 9.9991E-05 0.102292 0.0247695 0.439993 0.00951653 0.162586 0.224324
0.030066 0.624564 9.9973E-05 0.24968 0.00445343 0.0909361 9.9973E-05 9.9973E-05
0.0723913 0.674656 0.00643859 0.106127 9.9991E-05 0.055594 0.00557292 0.0791205
0.117893 0.721336 9.9973E-05 0.123599 9.9973E-05 0.0228461 0.0140258 9.9973E-05
0.101963 0.740457 9.9973E-05 0.115382 9.9973E-05 0.0325768 0.00932212 9.9973E-05
0.0672027 0.636831 9.9973E-05 0.234019 0.00545485 0.0561926 9.9973E-05 9.9973E-05
9.9973E-05 0.0640886 0.0214113 0.131574 0.0782271 9.9973E-05 9.9973E-05 0.704399
0.0158303 0.0618015 9.9991E-05 0.0610453 0.0568464 0.015 0.136772 0.652605
9.9955E-05 9.9955E-05 9.9955E-05 9.9955E-05 0.142953 0.126056 9.9955E-05 0.730491
9.9982E-05 0.0725767 0.126727 0.101817 0.454101 0.0486284 9.9982E-05 0.195951
9.9973E-05 0.146999 0.0476801 9.9973E-05 0.543168 9.9973E-05 0.0294019 0.232451
9.9973E-05 0.0618387 0.0800097 9.9973E-05 0.217053 0.0807474 9.9973E-05 0.560051
9.9982E-05 0.0604551 0.0433749 9.9982E-05 0.52799 0.000143227 0.0904365 0.2774
9.9973E-05 0.0617041 9.9973E-05 9.9973E-05 0.45664 0.136518 0.0145999 0.330239
9.9982E-05 0.0154936 0.0164855 0.0971728 0.540286 0.0613609 9.9982E-05 0.269002
0.0404473 0.0142607 0.0154173 0.0285122 0.500914 0.0965603 9.9991E-05 0.303788
9.9982E-05 9.9982E-05 0.023726 0.0975637 0.263126 0.0380378 0.0331896 0.544157
0.0201431 9.9964E-05 9.9964E-05 0.0389018 0.323952 9.9964E-05 9.9964E-05 0.616603
0.00225803 9.9964E-05 9.9964E-05 0.187866 0.357742 9.9964E-05 9.9964E-05 0.451734
9.9964E-05 0.10894 9.9964E-05 0.0801427 0.612419 0.198099 9.9964E-05 9.9964E-05
9.9964E-05 9.9964E-05 9.9964E-05 0.036858 0.444986 9.9964E-05 0.0409892 0.476767
0.0447131 9.9991E-05 0.00505543 0.0359926 0.489393 0.0241325 0.00435557 0.396258
9.9982E-05 0.0136654 0.419475 0.0442185 0.382974 0.116724 9.9982E-05 0.0227419
0.0327775 0.101725 0.486585 9.9982E-05 0.278662 0.0576831 0.0423683 9.9982E-05
0.022407 0.111909 0.4436 9.9973E-05 0.386493 0.0352924 9.9973E-05 9.9973E-05
0.0252874 0.0788696 0.453371 9.9973E-05 0.308313 0.133859 9.9973E-05 9.9973E-05
0.0399086 0.112503 0.224268 0.0441368 0.466718 0.0374089 0.074957 9.9991E-05
0.00819563 0.0208359 9.9973E-05 9.9973E-05 0.492399 0.143034 9.9973E-05 0.335235
0.0486248 0.236761 0.620233 9.9973E-05 9.9973E-05 0.0511864 0.0428947 9.9973E-05
0.0441095 0.127143 0.483015 9.9973E-05 0.261597 9.9973E-05 0.083836 9.9973E-05
9.9973E-05 0.161809 0.196871 9.9973E-05 0.33708 0.181216 9.9973E-05 0.122725
0.0353273 0.0785472 9.9973E-05 0.0589894 0.559912 0.266924 9.9973E-05 9.9973E-05
0.0628525 0.00958705 0.0330844 0.0916664 0.422887 0.348765 9.9991E-05 0.0310578
9.9964E-05 0.126186 0.00617908 9.9964E-05 0.629307 0.237928 9.9964E-05 9.9964E-05
9.9973E-05 0.106469 9.9973E-05 0.105924 0.591949 0.126666 9.9973E-05 0.0686922
0.0100904 0.216708 0.450361 9.9973E-05 0.316727 0.00581293 9.9973E-05 9.9973E-05
0.0213106 0.141144 0.262151 0.0364274 0.439874 0.0324592 0.0551268 0.0115072
0.0206411 0.070631 0.459185 9.9964E-05 0.449143 9.9964E-05 9.9964E-05 9.9964E-05
0.0487704 0.122855 0.301515 0.0276311 0.361738 0.0506625 9.9991E-05 0.0867293
9.9982E-05 0.0814282 0.553132 9.9982E-05 0.267205 0.00956804 0.0540837 0.0343829
0.073651 0.10175 0.366087 9.9991E-05 0.260987 0.0638237 0.0159155 0.117686
0.000828129 0.119377 0.550669 9.9982E-05 0.199206 0.0642884 0.0654319 9.9982E-05
0.0269339 0.0612099 0.375813 0.0929771 0.391321 9.9982E-05 0.0515453 9.9982E-05
0.023696 0.0222591 9.9982E-05 0.0148537 0.589828 0.309665 9.9982E-05 0.0394976
0.021546 0.179781 0.246346 9.9982E-05 0.415163 0.0693008 0.0676629 9.9982E-05
0.0391431 0.161342 0.570634 9.9982E-05 0.166548 0.0369895 9.9982E-05 0.0251439
0.0234764 0.134089 0.416628 0.0587698 0.196456 9.9991E-05 0.139839 0.0306416
0.00393824 0.0991984 9.9982E-05 0.243909 0.20626 0.340434 9.9982E-05 0.10606
0.0610498 9.9982E-05 0.0475293 0.0309303 0.582247 0.188808 9.9982E-05 0.0892359
9.9982E-05 0.0915925 0.341608 0.119509 0.344959 0.0866525 0.0154791 9.9982E-05
0.0369157 9.9982E-05 0.0119364 0.103764 0.579845 0.174868 0.0924708 9.9982E-05
0.0427538 0.145201 9.9982E-05 0.0709314 0.464912 0.173631 9.9982E-05 0.10237
0.0463214 0.188567 0.196431 0.0115808 0.275629 0.170129 0.0187485 0.0925932
9.9973E-05 0.23095 0.258819 9.9973E-05 0.336214 0.0226421 0.151075 9.9973E-05
0.0783572 0.0683887 0.148349 9.9991E-05 0.485158 0.0796985 0.106438 0.0335095
9.9973E-05 0.157958 0.289274 0.0450713 0.427264 0.0801331 9.9973E-05 9.9973E-05
9.9973E-05 0.129331 0.413498 9.9973E-05 0.413239 0.0139755 0.029656 9.9973E-05
9.9964E-05 0.194096 0.572726 9.9964E-05 0.181572 0.0512066 9.9964E-05 9.9964E-05
9.9973E-05 0.0634911 9.9973E-05 0.0361504 0.752031 0.140085 9.9973E-05 0.00794235
0.0632624 0.0475749 9.9982E-05 0.113646 0.458508 0.223574 9.9982E-05 0.0932344
0.0473359 9.9955E-05 9.9955E-05 9.9955E-05 0.216812 0.735352 9.9955E-05 9.9955E-05
9.9982E-05 0.144272 0.0739418 0.0375671 0.591278 0.0948199 9.9982E-05 0.0579208
9.9991E-05 0.0611601 0.0426089 0.266053 0.400968 0.180508 0.00914652 0.0394554
0.107295 0.182412 0.134606 9.9982E-05 0.427806 0.118493 9.9982E-05 0.0291881
0.0658414 0.0831172 0.0832061 0.102202 0.444032 0.183339 0.0233806 0.0148813
9.9955E-05 0.242107 0.182604 9.9955E-05 9.9955E-05 0.574789 9.9955E-05 9.9955E-05
0.0543885 0.147419 0.0973208 9.9964E-05 9.9964E-05 0.700472 9.9964E-05 9.9964E-05
0.0562781 0.0756642 0.135254 0.0129848 0.274936 0.370952 0.0738309 9.9991E-05
