0.0528879 0.00868953 0.938323 9.9991E-05
9.9982E-05 0.0560799 0.94372 9.9982E-05
0.0651121 9.9991E-05 0.820246 0.114542
0.0308126 0.0108383 0.832938 0.125411
0.0222897 9.9991E-05 0.917115 0.0604957
0.0590558 0.196905 0.675531 0.0685079
9.999E-05 0.106325 0.870138 0.0234373
0.077678 0.171421 0.750801 9.9991E-05
9.9982E-05 0.168873 0.830927 9.9982E-05
0.0611287 0.0459703 0.744181 0.14872
9.9991E-05 0.160201 0.771992 0.0677074
0.0776604 0.551268 0.0182686 0.352803
0.118685 0.248556 0.0450489 0.587711
0.0731606 0.462409 0.106009 0.358421
0.185846 0.353865 0.10708 0.353209
0.0861328 0.20659 0.177459 0.529818
0.18712 0.174575 0.0993133 0.538992
0.129205 0.28792 0.0282423 0.554633
0.0925175 0.321096 0.192664 0.393722
0.0137632 0.680686 0.159445 0.146106
0.128689 0.335043 0.0650611 0.471207
0.0419839 0.294161 0.126385 0.537469
0.0238452 0.219254 0.115639 0.641261
0.0838927 0.449646 0.0430645 0.423397
0.104873 0.105333 0.119129 0.670666
0.134323 0.201647 0.0752429 0.588788
0.0421418 0.510624 0.137785 0.30945
0.157923 0.400658 0.0983512 0.343068
0.0641623 0.548104 0.0527333 0.335
0.0909676 9.9991E-05 0.860269 0.0486632
0.028316 9.9991E-05 0.833085 0.138499
0.0640929 9.9991E-05 0.816961 0.118846
0.0805384 9.9991E-05 0.768319 0.151043
9.9991E-05 0.229931 0.0642069 0.705762
0.0274308 0.151446 0.112442 0.708681
0.011864 0.243431 0.0357551 0.708949
9.9991E-05 0.540138 0.206281 0.253481
0.0370413 0.38086 0.00760395 0.574495
0.0102833 0.255484 0.0775931 0.656639
0.0974375 0.161095 0.0363829 0.705085
0.0367163 0.108012 0.169468 0.685804
0.0395151 0.037669 0.159623 0.763193
9.9991E-05 0.602234 0.00194796 0.395718
0.0428294 0.128949 0.131836 0.696386
0.17411 0.151518 9.9991E-05 0.674273
0.0435404 0.165363 0.163332 0.627764
9.9982E-05 0.445867 9.9982E-05 0.553933
0.111705 0.179054 9.9991E-05 0.709141
0.132126 0.149829 0.0821398 0.635905
9.9991E-05 0.824638 0.108376 0.0668855
9.9991E-05 0.617888 0.0267803 0.355232
0.0684167 0.725564 0.0418154 0.164204
0.186765 0.296834 9.9991E-05 0.5163
0.115972 0.139535 0.0374357 0.707058
0.168541 0.155082 0.098883 0.577493
9.9991E-05 0.497426 0.171738 0.330736
0.00576034 0.267776 0.0350189 0.691444
0.105492 0.138116 0.101098 0.655294
0.0311551 0.380642 0.132503 0.4557
0.0403317 0.506491 0.311828 0.141349
0.0827127 0.249441 0.127412 0.540435
0.0870943 0.340843 0.0885174 0.483545
9.9991E-05 0.689198 0.151962 0.15874
0.0526612 0.334106 0.0450757 0.568158
0.14068 0.169609 9.9991E-05 0.689611
0.157377 0.261712 0.0776598 0.503252
0.116696 0.472969 0.0243351 0.386
0.084894 0.286949 0.0671512 0.561006
0.019622 0.17288 0.129133 0.678366
9.9991E-05 0.53362 0.108557 0.357723
9.9982E-05 0.23402 9.9982E-05 0.76578
9.9982E-05 0.526154 9.9982E-05 0.473646
0.123904 0.244497 0.0750673 0.556531
9.9982E-05 0.739941 9.9982E-05 0.259859
9.9982E-05 0.740334 9.9982E-05 0.259466
9.9982E-05 0.455831 9.9982E-05 0.543969
9.9991E-05 0.329289 0.053518 0.617093
0.0340039 0.168785 0.175137 0.622073
0.0265354 0.321954 0.00890696 0.642604
9.9991E-05 0.493904 0.0687373 0.437259
9.9991E-05 0.520329 0.051662 0.427909
0.157085 0.211803 0.036756 0.594355
0.0247315 0.460783 9.99989E-05 0.514386
0.00137388 0.341021 0.0661752 0.59143
9.9991E-05 0.377329 0.00206342 0.620507
0.0258551 0.821315 9.9991E-05 0.15273
0.0959637 0.189957 0.0282829 0.685797
0.0693992 0.0181407 0.828614 0.0838459
9.9982E-05 9.9982E-05 0.953175 0.0466246
0.0538731 9.9991E-05 0.905005 0.0410217
0.0392934 9.9991E-05 0.89385 0.0667562
0.0478746 0.00472413 0.875648 0.071753
0.0362789 0.00309905 0.937731 0.0228906
0.0682578 9.9991E-05 0.926106 0.00553666
0.11136 0.17462 0.132126 0.581893
0.0233408 0.0864076 0.199825 0.690427
9.9982E-05 0.663436 9.9982E-05 0.336364
0.114054 0.22515 0.121094 0.539701
9.9991E-05 0.291423 0.0876974 0.62078
0.0309135 0.0694313 0.101066 0.798589
0.0462389 0.244135 0.0359455 0.673681
0.0301773 0.225644 0.0269567 0.717222
9.9991E-05 0.762163 0.0534104 0.184326
9.9991E-05 0.142521 0.266351 0.591028
0.10238 0.0904453 0.0262728 0.780902
0.16178 0.0937663 0.0871067 0.657347
0.0295145 0.452511 9.9991E-05 0.517875
9.9982E-05 0.258756 9.9982E-05 0.741044
9.9991E-05 0.23885 0.0542853 0.706765
0.0638101 0.372991 9.9991E-05 0.563099
9.9991E-05 0.271546 0.0635372 0.664817
0.0356642 0.097983 0.153007 0.713346
0.0896135 0.56186 0.0996957 0.248831
0.0825167 0.254086 0.173488 0.489909
0.100528 0.126981 0.171605 0.600886
0.108576 0.173344 0.0760599 0.64202
0.0200444 0.330653 0.060912 0.588391
0.112292 0.176759 0.0319849 0.678965
9.9991E-05 0.264736 0.123103 0.612061
0.0127404 0.194459 0.13506 0.657741
0.0675831 0.158228 0.127372 0.646817
9.9991E-05 0.196622 0.108861 0.694417
9.9991E-05 0.245 0.0927819 0.662119
0.152099 0.298536 9.9991E-05 0.549265
0.086082 0.158261 0.127292 0.628365
0.0167336 0.248264 0.0297619 0.705241
0.117476 0.248707 0.094629 0.539187
0.144192 0.234476 9.9991E-05 0.621232
0.0134386 0.369771 0.169 0.44779
0.119223 0.156026 9.9991E-05 0.72465
0.122227 0.18236 0.0603584 0.635054
0.0453314 0.526512 0.0650744 0.363083
0.0968627 0.683467 0.0145713 0.205099
0.091335 0.204483 0.0735786 0.630603
0.103602 0.769098 9.9991E-05 0.1272
0.047008 0.563981 0.0723504 0.316661
9.9991E-05 0.31248 0.0625791 0.624841
9.9991E-05 0.41439 0.0835724 0.501938
9.9991E-05 0.483047 0.0594287 0.457425
0.138357 0.129342 0.0803829 0.651918
0.102457 0.0844326 0.161893 0.651217
9.9991E-05 0.120726 0.0861222 0.793052
0.121176 0.671879 0.0116668 0.195279
0.0648796 0.0909669 0.190757 0.653396
0.139198 0.282696 0.00911636 0.56899
0.0275096 0.698425 0.207559 0.066506
0.11614 0.112911 0.0992175 0.671732
0.0822616 0.419336 0.0818905 0.416512
0.123001 0.1937 0.129245 0.554054
0.102503 0.539453 0.116215 0.241828
9.9991E-05 0.489113 0.18419 0.326596
0.029416 0.304093 0.0859194 0.580572
0.0946541 0.273744 0.10377 0.527832
0.0593521 0.302933 0.15466 0.483055
0.224094 0.676997 0.0675401 0.031369
0.178235 0.19664 0.0959719 0.529153
9.9982E-05 0.529677 9.9982E-05 0.470123
9.9982E-05 0.391783 9.9982E-05 0.608017
0.0853271 0.167136 0.0879192 0.659618
0.337066 0.20929 0.30038 0.153265
0.204588 0.208451 0.586861 9.9991E-05
0.208678 0.268021 0.523202 9.9991E-05
0.409493 0.15386 0.413409 0.0232378
0.101579 0.228943 9.9991E-05 0.669378
0.144193 0.1557 0.0696585 0.630449
0.681049 9.9982E-05 9.9982E-05 0.318751
0.459496 0.0980376 0.0218148 0.420651
0.435677 0.0407063 0.126139 0.397477
0.0777427 0.536713 9.9991E-05 0.385444
0.183685 0.156625 0.0777405 0.581949
0.114618 0.672211 9.9991E-05 0.21307
0.0869816 0.256411 0.0350913 0.621516
0.0519153 0.287909 0.0291861 0.630989
0.0943043 0.203663 0.0689142 0.633119
0.0823713 0.696797 9.9991E-05 0.220732
0.132013 0.123877 0.0487118 0.695398
0.086811 0.203534 0.136195 0.57346
0.96464 0.00011777 9.9991E-05 0.0351427
0.952335 9.9982E-05 9.9982E-05 0.0474653
0.607481 9.9991E-05 0.0740974 0.318322
0.720466 9.9982E-05 9.9982E-05 0.279334
0.804294 9.9982E-05 9.9982E-05 0.195506
0.9997 9.998E-05 9.998E-05 9.998E-05
0.94662 0.0531796 9.9982E-05 9.9982E-05
0.936766 9.9982E-05 9.9982E-05 0.0630339
0.982278 9.9982E-05 9.9982E-05 0.0175221
0.9997 9.998E-05 9.998E-05 9.998E-05
0.9997 9.998E-05 9.998E-05 9.998E-05
0.796437 0.00468846 0.0105729 0.188302
0.830698 9.9991E-05 0.050728 0.118474
0.9997 9.998E-05 9.998E-05 9.998E-05
0.447213 0.156313 0.0446576 0.351817
0.666467 0.0457024 0.0331796 0.254651
0.72218 9.9991E-05 0.0578248 0.219895
0.873611 9.9982E-05 9.9982E-05 0.126189
0.9997 9.998E-05 9.998E-05 9.998E-05
0.870986 9.9991E-05 0.0454207 0.0834929
0.9997 9.998E-05 9.998E-05 9.998E-05
0.651163 9.9991E-05 0.0430977 0.30564
0.894039 0.0289757 0.00868507 0.0683004
0.113308 0.513383 0.373209 9.9991E-05
0.166511 0.274485 0.218836 0.340169
0.12709 0.131933 0.286588 0.454389
0.242212 0.444229 0.219039 0.0945198
0.196077 0.22738 0.0787016 0.497842
0.187352 0.292999 0.292818 0.226832
0.0885249 0.177608 0.267315 0.466551
0.264452 0.319228 0.1542 0.26212
0.201175 0.191292 0.13225 0.475283
0.29207 0.205614 0.155752 0.346564
0.181634 0.207432 0.176765 0.434169
9.9991E-05 0.0710496 0.903344 0.0255062
0.0442084 0.0209279 0.934764 9.9991E-05
9.998E-05 9.998E-05 0.9997 9.998E-05
9.9982E-05 9.9982E-05 0.990512 0.00928808
0.0104491 0.00676926 0.927023 0.0557585
0.109984 9.9982E-05 0.889816 9.9982E-05
0.0840515 9.9991E-05 0.914501 0.00134769
9.9991E-05 0.016368 0.930547 0.0529853
0.0251545 9.9991E-05 0.941248 0.033498
0.116618 9.9982E-05 0.883182 9.9982E-05
0.0126606 0.350655 0.636584 9.9991E-05
9.9991E-05 0.31694 0.652026 0.0309342
9.9982E-05 0.403427 0.596373 9.9982E-05
9.9991E-05 0.417591 0.564928 0.0173812
9.9991E-05 0.236797 0.11445 0.648653
0.0150042 0.251074 0.0546784 0.679244
0.112998 0.160801 0.0521315 0.67407
9.9991E-05 0.28566 0.122576 0.591664
9.9991E-05 0.589054 0.0894827 0.321363
0.0696804 0.220558 0.0164731 0.693289
0.00152425 0.246599 9.9991E-05 0.751777
0.0280478 0.323944 0.00785716 0.640151
0.0343872 0.413717 9.9991E-05 0.551796
0.111463 0.184938 0.082602 0.620997
0.00191272 0.366763 9.9991E-05 0.631224
9.9982E-05 0.873934 9.9982E-05 0.125866
9.9991E-05 0.294845 0.15964 0.545415
0.0220268 0.464818 9.9991E-05 0.513055
0.0845339 0.312537 9.9991E-05 0.602829
9.9991E-05 0.639532 0.0297814 0.330587
9.9991E-05 0.673046 0.254957 0.0718966
9.9991E-05 0.603071 0.242453 0.154376
9.9991E-05 0.760207 0.21029 0.0294023
9.9991E-05 0.713184 0.253496 0.0332202
9.9991E-05 0.702268 0.154878 0.142753
9.9991E-05 0.551872 0.22938 0.218648
0.0815664 9.9991E-05 0.864138 0.0541951
0.0835397 9.9991E-05 0.834272 0.0820885
0.120162 9.9991E-05 0.760305 0.119433
0.090294 0.00163622 0.806057 0.102013
0.0899538 9.9991E-05 0.824786 0.0851601
9.9982E-05 0.512753 0.487047 9.9982E-05
9.9982E-05 0.443851 0.555949 9.9982E-05
0.000388808 0.449123 0.537787 0.0127009
0.0557354 9.9991E-05 0.85083 0.0933347
0.00154055 0.464061 0.520059 0.0143394
0.410439 0.127752 0.206297 0.255512
0.292609 9.9991E-05 0.147672 0.55962
0.309226 9.9991E-05 0.194851 0.495823
0.238837 0.09763 0.274589 0.388943
0.194784 0.040509 0.232483 0.532224
0.354802 0.134867 0.51023 9.9991E-05
9.9991E-05 0.388943 0.0985377 0.512419
0.0962917 0.446951 0.0266346 0.430123
9.9991E-05 0.453419 0.164318 0.382163
0.0787047 0.397872 9.9991E-05 0.523323
9.998E-05 0.9997 9.998E-05 9.998E-05
0.185621 0.186629 0.0343889 0.593361
0.0540089 0.38755 0.040393 0.518048
9.9991E-05 0.465074 0.0914235 0.443403
0.112891 0.205773 0.125938 0.555399
0.0241729 0.730675 0.00754392 0.237608
0.116061 0.359176 0.00455418 0.520208
0.168035 0.298086 0.0244313 0.509448
0.281623 0.191415 0.132686 0.394275
0.103769 0.504815 9.9991E-05 0.391317
0.0155426 0.31533 0.0964195 0.572708
0.184751 0.359644 9.9991E-05 0.455504
9.9991E-05 0.295534 0.03308 0.671286
0.116261 0.10999 0.0758521 0.697897
0.0860622 0.201845 0.113247 0.598845
0.127064 0.249988 0.0541207 0.568827
0.0829636 9.9991E-05 0.78084 0.136097
0.063753 9.9991E-05 0.858384 0.0777633
9.9991E-05 0.0819038 0.831591 0.0864049
0.0705829 9.9991E-05 0.815083 0.114234
9.9982E-05 9.9982E-05 0.853466 0.146334
0.0560718 0.585601 0.0808579 0.277469
0.172749 0.307824 0.0104922 0.508936
0.218221 0.110372 0.234009 0.437398
0.0860831 0.161878 0.0362574 0.715782
9.9991E-05 0.261791 0.0747306 0.663379
0.12621 0.550912 0.0298152 0.293063
9.9991E-05 0.686968 0.2209 0.0920318
0.0414998 0.253162 0.0589586 0.64638
9.9991E-05 0.51597 0.175969 0.30796
0.0892707 0.368315 0.0742908 0.468124
9.9991E-05 0.588224 0.207917 0.203759
0.0810372 0.121866 0.161963 0.635134
9.9991E-05 0.539192 0.129987 0.33072
0.143612 0.470589 0.051686 0.334113
0.104081 0.251748 0.0958719 0.5483
0.0931317 0.572991 0.0380599 0.295817
0.00942917 0.232751 0.0851578 0.672662
9.9991E-05 0.119309 0.12486 0.755731
0.0373935 0.513824 0.0698236 0.378959
0.135723 0.149945 0.134161 0.580171
9.9991E-05 0.238954 0.101345 0.659601
9.9982E-05 0.770049 9.9982E-05 0.229751
0.0528084 0.658742 9.9991E-05 0.288349
0.0754698 0.348034 0.0500506 0.526446
9.9991E-05 0.681961 0.0299303 0.288008
9.9991E-05 0.368143 0.0229619 0.608795
0.000818229 0.648096 0.145675 0.205411
0.0815942 0.610728 9.9991E-05 0.307578
0.0186707 0.36038 0.0999469 0.521003
0.137657 0.145475 0.0270271 0.689841
0.0354305 0.563206 0.0046658 0.396697
0.101687 0.206888 0.147404 0.544021
0.0675002 0.174579 0.134991 0.622929
0.0468171 0.267292 0.0656513 0.62024
0.128117 0.340099 9.9991E-05 0.531684
0.0440167 0.267054 0.0958248 0.593104
0.110505 0.54964 0.00063409 0.339221
0.0864827 0.378753 0.102157 0.432607
0.0650003 0.245416 9.9991E-05 0.689483
0.166481 0.205043 0.0667135 0.561763
0.00753446 0.384015 0.123751 0.4847
0.140301 0.32252 9.9991E-05 0.537078
0.0726293 0.329914 0.127173 0.470284
0.0472279 0.289485 0.0403008 0.622986
0.13877 0.212867 0.0694816 0.578881
0.162997 0.192641 0.117949 0.526412
0.0823938 9.9991E-05 0.462619 0.454887
0.334481 0.129075 0.155446 0.380998
0.25669 0.056575 0.154896 0.531839
0.145784 0.133897 0.0870185 0.6333
0.304109 0.060395 0.185823 0.449672
0.0967006 0.405677 9.9991E-05 0.497523
0.208679 0.0486349 0.118143 0.624543
0.241823 0.511234 0.227145 0.0197975
0.228492 0.106177 0.0901847 0.575146
0.150337 0.021483 0.172903 0.655277
0.313004 0.176701 0.0585135 0.451781
0.141915 0.255946 0.271919 0.33022
0.207853 9.9991E-05 0.213039 0.579008
0.212406 9.9991E-05 0.222761 0.564733
0.224413 0.267016 0.508471 9.9991E-05
0.201707 9.9991E-05 0.160861 0.637332
0.224807 9.9991E-05 0.19068 0.584413
0.167853 0.0756947 0.225906 0.530547
0.256538 0.0214098 0.184317 0.537736
0.166794 0.0615494 0.167574 0.604083
0.140203 0.335122 0.0307446 0.493931
0.0952854 0.16213 0.108812 0.633773
0.0388584 0.807013 9.9991E-05 0.154029
0.0202824 0.822991 9.9991E-05 0.156627
0.204736 0.293046 0.042626 0.459593
0.358018 0.0585573 0.162013 0.421411
0.479056 0.0971731 0.0893174 0.334453
0.357216 0.241334 0.194691 0.206759
0.367633 0.128236 0.153028 0.351103
0.217691 0.629647 0.03431 0.118352
0.226355 0.464233 0.0702506 0.239162
0.194579 0.248293 9.9991E-05 0.557028
0.216232 0.27874 0.0449679 0.460061
0.229596 0.511449 0.0435409 0.215414
0.188883 0.25786 0.0747294 0.478528
0.155661 0.245886 0.0189245 0.579529
0.164061 0.268936 0.113698 0.453305
9.9991E-05 0.501071 0.0133635 0.485465
0.135574 0.483205 9.9991E-05 0.381121
0.0447538 0.217299 0.10536 0.632588
0.0975753 0.396049 9.9991E-05 0.506276
0.187083 0.285689 0.0954449 0.431783
0.0398918 0.462136 9.9991E-05 0.497872
0.0267879 0.619145 9.9991E-05 0.353967
0.0302277 0.167818 0.0505042 0.75145
0.0748494 0.625198 9.9991E-05 0.299853
0.101947 0.369677 0.0519328 0.476443
0.0677131 0.21464 0.137449 0.580198
0.133119 0.368788 9.9991E-05 0.497993
0.194954 0.185155 0.11021 0.509681
0.2163 0.273343 0.149233 0.361124
0.2669 0.174197 0.166737 0.392167
0.314242 0.266301 0.160738 0.258719
0.195394 0.107488 0.227555 0.469563
0.206384 0.150533 0.167986 0.475097
0.268434 0.526555 0.20491 9.9991E-05
0.299121 9.9991E-05 0.0963503 0.604429
0.217241 0.389376 0.393282 9.9991E-05
0.285386 0.152618 0.0438057 0.518189
9.9982E-05 0.686596 9.9982E-05 0.313204
0.0215588 0.894222 9.9991E-05 0.0841197
0.00513069 0.375961 9.9991E-05 0.618808
0.0420391 0.186318 0.0332706 0.738372
9.9982E-05 0.431675 9.9982E-05 0.568125
0.0665065 0.278438 9.9991E-05 0.654955
0.0294092 0.244615 0.00287183 0.723104
0.0543846 0.0398979 0.809261 0.0964566
0.111458 0.0958043 0.792637 9.9991E-05
0.0515508 9.9982E-05 0.948249 9.9982E-05
9.9982E-05 9.9982E-05 0.952597 0.0472033
0.0377441 0.231992 0.123792 0.606472
0.0170904 0.248328 0.0324324 0.702149
9.9982E-05 0.255763 9.9982E-05 0.744037
9.9991E-05 0.11967 0.0979417 0.782288
0.0263712 0.216958 0.084791 0.67188
9.9991E-05 0.511879 0.0125774 0.475443
0.0852609 0.223407 9.9991E-05 0.691232
0.00537712 0.45973 9.9991E-05 0.534793
0.208839 9.9991E-05 0.278693 0.512368
0.082393 0.387135 9.9991E-05 0.530372
9.9982E-05 0.398872 9.9982E-05 0.600928
9.9982E-05 0.262565 9.9982E-05 0.737235
9.9991E-05 0.314827 0.0503021 0.634771
9.9982E-05 0.258138 9.9982E-05 0.741662
9.9991E-05 0.0829108 0.0983683 0.818621
9.9982E-05 0.619813 9.9982E-05 0.379987
9.9982E-05 0.477058 9.9982E-05 0.522742
9.9991E-05 0.458393 0.020453 0.521054
9.9982E-05 0.805587 9.9982E-05 0.194213
9.9991E-05 0.308729 0.0634665 0.627705
9.9982E-05 0.65728 9.9982E-05 0.34252
9.9982E-05 0.822376 9.9982E-05 0.177424
0.0391927 0.224772 0.0473028 0.688733
9.9991E-05 0.539545 0.043047 0.417308
0.0291472 0.328346 0.00665932 0.635847
0.111968 0.0732059 0.121426 0.6934
9.9991E-05 0.225852 0.029269 0.744779
0.138912 0.495674 9.9991E-05 0.365313
0.0024001 0.186348 0.036178 0.775073
9.9991E-05 0.27227 0.0386119 0.689018
9.9982E-05 0.408511 9.9982E-05 0.591289
0.0619896 0.234296 0.0729973 0.630717
9.9991E-05 0.230521 0.722284 0.0470952
9.9991E-05 0.100903 0.832572 0.0664241
9.9982E-05 0.139432 0.860368 9.9982E-05
9.9982E-05 0.139518 0.860282 9.9982E-05
9.9991E-05 0.165074 0.800793 0.034033
9.9991E-05 0.536794 0.0722357 0.39087
9.9991E-05 0.574418 0.070642 0.35484
9.9982E-05 0.528547 9.9982E-05 0.471253
0.14482 0.118526 0.118826 0.617829
0.0617994 0.107349 0.104068 0.726783
9.9991E-05 0.403936 0.0256889 0.570275
0.121247 0.135056 9.9991E-05 0.743597
0.0735274 0.262611 0.0243605 0.639501
9.9991E-05 0.230655 0.00298437 0.766261
0.0762786 0.146965 0.0295896 0.747167
0.0010222 0.486451 0.0081015 0.504425
9.9982E-05 0.391563 9.9982E-05 0.608237
9.9982E-05 0.434105 9.9982E-05 0.565695
9.9991E-05 0.167206 0.15258 0.680114
9.9982E-05 0.354104 9.9982E-05 0.645696
9.9991E-05 0.305357 0.056689 0.637854
0.462649 9.9991E-05 0.0688279 0.468424
0.445755 0.0443606 0.172972 0.336912
0.584267 0.0188007 0.0869354 0.309997
0.543623 0.0681564 0.0923785 0.295842
0.389596 0.0714956 0.0983993 0.440509
0.0583162 0.319057 9.9991E-05 0.622527
0.695158 0.0430677 0.233393 0.0283806
0.515696 0.0162187 0.113533 0.354553
0.235004 0.152997 0.208916 0.403082
0.0619655 0.139388 0.187878 0.610769
0.112725 0.292625 0.15236 0.442289
0.0397882 0.0855541 0.168068 0.70659
0.0745588 0.0201397 0.213225 0.692077
0.528439 9.9991E-05 0.196368 0.275093
0.350026 0.0254027 0.127641 0.49693
0.539607 9.9991E-05 0.0673286 0.392965
0.246971 0.00263281 0.167367 0.583028
0.543756 0.0146497 0.076345 0.36525
0.332909 0.00567065 0.167531 0.493889
0.565 0.0365562 0.0833169 0.315127
0.45588 0.08992 0.0850842 0.369116
0.0746362 0.269888 0.0817734 0.573703
0.348897 0.031487 0.206273 0.413343
0.68641 9.9991E-05 0.152116 0.161374
0.458274 0.0740326 0.080746 0.386948
9.9991E-05 0.48447 0.20798 0.30745
0.117764 0.214104 0.0747398 0.593392
0.430411 0.0867547 0.109333 0.373501
0.0602376 0.0695636 0.158387 0.711811
9.9991E-05 0.158779 0.215231 0.62589
0.298278 0.215419 0.17989 0.306412
0.27349 0.0995542 0.292861 0.334095
0.161578 0.179656 0.116326 0.542441
0.413829 0.0498775 0.0737794 0.462514
0.507781 9.9991E-05 0.140269 0.35185
0.635447 0.0120252 0.207329 0.145199
0.0800404 0.148445 0.168493 0.603021
9.9991E-05 0.23466 0.158877 0.606364
0.124929 0.598952 0.148707 0.127411
0.117322 0.155154 0.185107 0.542417
0.0484199 0.337117 0.0937796 0.520683
0.210258 0.0668247 0.256249 0.466668
0.234314 0.221705 0.122905 0.421077
0.299933 0.378442 0.321524 9.9991E-05
0.227587 0.440573 0.331741 9.9991E-05
0.235344 0.339443 0.152421 0.272792
0.29549 0.354631 0.34978 9.9991E-05
0.326168 0.193554 0.480178 9.9991E-05
0.231984 0.285161 0.175269 0.307586
0.226785 0.215809 0.248179 0.309226
0.221469 0.304543 0.259709 0.21428
0.213308 0.367204 0.334131 0.0853571
0.179082 0.139098 0.153832 0.527988
0.20056 0.309659 0.282837 0.206944
0.159593 0.341019 0.499288 9.9991E-05
0.204227 0.0606088 0.221873 0.513291
0.314098 0.186266 0.192554 0.307082
0.24399 0.0948073 0.271921 0.389282
0.262923 9.9991E-05 0.168871 0.568106
0.253118 9.9991E-05 0.160092 0.58669
0.325809 9.9991E-05 0.179424 0.494667
0.262488 9.9991E-05 0.373571 0.363841
0.162775 9.9991E-05 0.218456 0.61867
0.250259 9.9991E-05 0.245543 0.504098
0.249396 0.101082 0.274386 0.375136
0.113486 0.26907 0.200706 0.416738
0.198063 0.146761 0.163172 0.492004
0.209985 0.103361 0.138363 0.548291
0.0278161 0.0695831 0.14996 0.752641
0.351763 0.0166484 0.287272 0.344317
0.252379 0.084394 0.185268 0.477959
0.275885 0.171481 0.389196 0.163437
0.312781 0.116833 0.141667 0.428719
0.353214 0.109017 0.269314 0.268455
0.0166869 0.144355 0.838859 9.9991E-05
9.9991E-05 0.700751 0.180539 0.11861
9.9991E-05 0.80638 0.167311 0.026209
9.9991E-05 0.75328 0.193456 0.0531637
9.9991E-05 0.737399 0.164008 0.0984931
0.00137316 0.703449 0.171204 0.123974
9.9991E-05 0.647898 0.11322 0.238781
9.9982E-05 0.743396 0.256404 9.9982E-05
9.9991E-05 0.554959 0.362566 0.0823748
0.0220434 0.00685961 0.93292 0.0381769
9.9991E-05 0.0377456 0.853301 0.108853
0.0665641 9.9991E-05 0.894943 0.0383928
0.0180084 0.0815894 0.881765 0.0186374
0.0174417 9.9991E-05 0.908581 0.0738773
9.9982E-05 0.0981085 0.901692 9.9982E-05
0.193727 0.0131303 0.729056 0.0640867
0.0761006 9.9991E-05 0.878469 0.0453305
0.0581824 0.0724861 0.74253 0.126801
0.0534977 9.9991E-05 0.935496 0.0109062
9.9982E-05 0.0233044 0.976496 9.9982E-05
0.0196343 0.0412989 0.921941 0.0171262
0.0168272 9.9982E-05 0.982973 9.9982E-05
0.0405089 9.9991E-05 0.925134 0.0342573
0.0139202 9.9991E-05 0.861332 0.124648
0.122454 9.9991E-05 0.840956 0.0364898
0.169595 9.9991E-05 0.764371 0.0659335
0.120016 9.9991E-05 0.768815 0.111069
0.0940663 9.9991E-05 0.818881 0.0869532
0.052426 0.332341 0.164591 0.450641
9.9991E-05 0.0772698 0.076267 0.846363
0.155076 0.0899656 0.121412 0.633546
0.0872904 0.677686 0.066549 0.168474
9.9991E-05 0.146978 0.174432 0.67849
0.0980018 0.569822 0.194235 0.137941
0.201668 0.153364 0.0922687 0.5527
9.9991E-05 0.285823 0.155094 0.558983
9.9991E-05 0.199251 0.113035 0.687614
0.0998867 0.257728 9.9991E-05 0.642285
9.9991E-05 0.290217 0.139646 0.570037
0.0167578 0.13893 0.132474 0.711837
0.0499309 0.160998 0.124541 0.66453
0.116414 0.808952 0.00596936 0.0686647
0.0123947 0.880865 0.10664 9.9991E-05
0.0771557 0.58186 0.131523 0.209461
0.0102465 0.18573 0.147502 0.656522
0.0105422 0.219327 0.182501 0.58763
0.00933943 0.166997 0.170023 0.653641
0.0469431 0.101549 0.102371 0.749138
0.141605 0.0550217 0.226152 0.577221
0.216647 0.00687168 0.189284 0.587198
0.189304 0.270756 0.426653 0.113288
0.070508 0.0819066 0.152536 0.695049
0.173426 0.10766 0.242344 0.47657
0.226479 0.326308 0.447113 9.9991E-05
0.262535 0.13043 0.269622 0.337413
0.236167 0.11854 0.341199 0.304094
0.0654975 0.0154617 0.400009 0.519032
0.260595 0.0830859 0.152857 0.503462
0.166003 9.9991E-05 0.214172 0.619725
0.121561 0.0303052 0.197556 0.650578
0.304804 0.258349 0.0847774 0.35207
0.174089 9.9991E-05 0.505414 0.320397
