9.9991E-05 0.0945128 0.905387
0.00520619 0.0417031 0.953091
0.0189493 0.190859 0.790192
0.0148343 0.177177 0.807988
9.9991E-05 0.169943 0.829957
0.172161 0.155098 0.672741
0.092691 0.0607577 0.846551
0.123864 0.085309 0.790827
0.0752501 9.9991E-05 0.92465
0.101106 0.181839 0.717055
0.16971 0.0422977 0.787993
0.788143 0.131415 0.0804417
0.661108 0.325183 0.0137089
0.722814 0.153495 0.123691
0.594783 0.273351 0.131866
0.48462 0.353223 0.162156
0.54768 0.39581 0.0565097
0.677496 0.322404 9.9991E-05
0.646229 0.189581 0.16419
0.780659 9.9991E-05 0.219241
0.669846 0.294307 0.0358468
0.638027 0.300148 0.0618249
0.631643 0.345627 0.0227294
0.74397 0.200672 0.055358
0.51523 0.48467 9.9991E-05
0.556885 0.357121 0.0859945
0.706274 0.133194 0.160532
0.581547 0.243613 0.17484
0.805821 0.0988163 0.0953628
9.9991E-05 0.216843 0.783057
9.9991E-05 0.198045 0.801855
0.00807141 0.227887 0.764042
0.0543019 0.215522 0.730176
0.723376 0.276524 9.9991E-05
0.596021 0.357692 0.0462872
0.700403 0.299497 9.9991E-05
0.762598 9.9991E-05 0.237302
0.837978 0.156565 0.005457
0.627807 0.291498 0.0806953
0.573831 0.426069 9.9991E-05
0.570804 0.351636 0.0775595
0.554864 0.36892 0.0762169
0.93067 0.032354 0.0369755
0.59056 0.391478 0.0179615
0.565876 0.427397 0.00672765
0.493118 0.360211 0.146671
0.832835 0.167065 9.9991E-05
0.619959 0.379941 9.9991E-05
0.550044 0.350715 0.0992409
0.819502 9.9991E-05 0.180398
0.868906 0.0447032 0.0863911
0.832527 0.00847325 0.159
0.612889 0.387011 9.9991E-05
0.572105 0.418632 0.00926379
0.518272 0.475581 0.00614695
0.800172 0.0247148 0.175113
0.700733 0.299167 9.9991E-05
0.520939 0.443461 0.0356
0.641665 0.233212 0.125123
0.603913 0.058347 0.33774
0.607493 0.342491 0.0500163
0.661955 0.275283 0.0627627
0.814368 9.9991E-05 0.185532
0.744378 0.255522 9.9991E-05
0.576683 0.423217 9.9991E-05
0.530679 0.393575 0.0757454
0.716352 0.150848 0.1328
0.663204 0.336696 9.9991E-05
0.591335 0.403903 0.0047629
0.835753 0.0210595 0.143188
0.74578 0.25412 9.9991E-05
0.932644 0.0589975 0.00835886
0.546577 0.453323 9.9991E-05
0.977773 9.9991E-05 0.0221272
0.96167 9.9991E-05 0.0382304
0.89058 0.10932 9.9991E-05
0.78607 0.21383 9.9991E-05
0.555 0.346304 0.0986958
0.698913 0.300987 9.9991E-05
0.804446 0.113331 0.0822233
0.82374 0.0988725 0.0773872
0.511893 0.421897 0.0662104
0.872828 0.127072 9.9991E-05
0.741896 0.252809 0.0052957
0.824139 0.175761 9.9991E-05
0.919588 9.9991E-05 0.0803125
0.623382 0.372778 0.00384008
0.0117032 0.17228 0.816017
9.9991E-05 0.126944 0.872956
9.9991E-05 0.181816 0.818084
9.9991E-05 0.12918 0.87072
9.9991E-05 0.140239 0.859661
9.9991E-05 0.123127 0.876773
9.9991E-05 0.107943 0.891957
0.631507 0.282667 0.0858257
0.564143 0.419503 0.0163542
0.926953 9.9991E-05 0.0729469
0.584228 0.37036 0.0454118
0.763485 0.230136 0.00637877
0.608394 0.391506 9.9991E-05
0.660846 0.339054 9.9991E-05
0.669081 0.330819 9.9991E-05
0.887893 9.9991E-05 0.112007
0.598082 0.32432 0.0775984
0.587941 0.411959 9.9991E-05
0.583036 0.390834 0.02613
0.83097 0.16893 9.9991E-05
0.694471 0.302319 0.00321004
0.72649 0.27341 9.9991E-05
0.742689 0.257211 9.9991E-05
0.757645 0.216565 0.0257906
0.559906 0.427303 0.0127907
0.722959 0.0996078 0.177433
0.586288 0.27909 0.134622
0.615309 0.342993 0.0416986
0.563432 0.385646 0.0509223
0.692646 0.23191 0.0754437
0.708398 0.280453 0.0111495
0.68771 0.252738 0.0595516
0.597878 0.296541 0.105581
0.596779 0.377656 0.0255645
0.670417 0.329483 9.9991E-05
0.722963 0.276937 9.9991E-05
0.61735 0.38139 0.00126021
0.549995 0.411266 0.038739
0.625541 0.374359 9.9991E-05
0.585296 0.380939 0.0337645
0.610673 0.388203 0.00112395
0.684338 0.190669 0.124993
0.541444 0.447302 0.0112538
0.512116 0.474115 0.0137694
0.743354 0.140818 0.115828
0.780617 0.0770466 0.142336
0.566185 0.396651 0.0371641
0.843147 0.0705222 0.0863311
0.84955 0.0475408 0.102909
0.752429 0.209669 0.037902
0.808208 0.102666 0.0891257
0.757375 0.160012 0.0826133
0.587413 0.407319 0.00526829
0.57651 0.402851 0.020639
0.708288 0.283419 0.00829309
0.79509 0.101552 0.103358
0.578165 0.343589 0.0782457
0.587374 0.390494 0.0221316
0.705734 9.9991E-05 0.294166
0.534818 0.413034 0.0521482
0.688469 0.243997 0.067534
0.586546 0.332133 0.0813211
0.653571 0.148267 0.198162
0.762774 0.0389128 0.198313
0.699759 0.235037 0.0652031
0.544292 0.365053 0.0906544
0.562041 0.284811 0.153148
0.661553 0.129765 0.208682
0.589041 0.401773 0.00918641
0.854143 0.145757 9.9991E-05
0.76852 0.23138 9.9991E-05
0.553597 0.383297 0.0631054
0.239914 0.374588 0.385497
0.0345197 0.20919 0.75629
0.214412 0.14311 0.642477
0.0810903 0.44926 0.46965
0.644858 0.355042 9.9991E-05
0.598346 0.363861 0.0377932
0.141902 0.857998 9.9991E-05
0.305043 0.644048 0.0509092
0.295651 0.596911 0.107438
0.787274 0.176355 0.0363713
0.60819 0.39171 9.9991E-05
0.875029 0.0324109 0.0925597
0.662019 0.337881 9.9991E-05
0.712281 0.268612 0.0191071
0.601124 0.398776 9.9991E-05
0.843084 0.0524419 0.104475
0.518912 0.480988 9.9991E-05
0.589921 0.409979 9.9991E-05
9.9991E-05 0.971067 0.0288327
0.0209549 0.938634 0.0404106
0.165825 0.80975 0.0244246
0.0936565 0.87341 0.0329333
0.0735587 0.874704 0.0517371
9.9991E-05 0.959639 0.0402607
9.9991E-05 0.913385 0.0865153
9.999E-05 0.9998 9.999E-05
9.9991E-05 0.975677 0.0242228
9.9991E-05 0.978619 0.0212809
9.9991E-05 0.954141 0.0457592
0.0708439 0.858401 0.0707549
9.9991E-05 0.857921 0.141979
9.9991E-05 0.949143 0.0507568
0.288053 0.591589 0.120358
0.130593 0.796204 0.073203
0.0326483 0.880929 0.0864231
9.9991E-05 0.903762 0.0961377
9.9991E-05 0.952047 0.0478533
9.9991E-05 0.920597 0.079303
9.9991E-05 0.961262 0.0386383
0.0662129 0.758502 0.175285
9.9991E-05 0.901265 0.098635
0.439653 0.0358109 0.524536
0.484898 0.359954 0.155148
0.422904 0.334702 0.242394
0.433047 0.246216 0.320737
0.519558 0.372261 0.108181
0.439686 0.236069 0.324245
0.46752 0.375661 0.156819
0.466937 0.340895 0.192168
0.541158 0.39393 0.0649113
0.366973 0.436696 0.196331
0.455448 0.39035 0.154202
0.0489387 0.094675 0.856386
9.9991E-05 0.136733 0.863167
9.9991E-05 0.0497474 0.950153
9.9991E-05 0.0545502 0.94535
9.9991E-05 0.109359 0.890541
9.9991E-05 0.147021 0.852879
9.9991E-05 0.127243 0.872657
0.0165297 0.07911 0.90436
9.9991E-05 0.111091 0.888809
9.9991E-05 0.181136 0.818764
0.273943 9.9991E-05 0.725957
0.291577 0.015882 0.692541
0.314665 9.9991E-05 0.685235
0.386796 9.9991E-05 0.613104
0.730987 0.268913 9.9991E-05
0.701646 0.298254 9.9991E-05
0.627767 0.372133 9.9991E-05
0.802408 0.150253 0.0473388
0.873872 9.9991E-05 0.126028
0.535959 0.459898 0.0041427
0.654314 0.345586 9.9991E-05
0.725004 0.274896 9.9991E-05
0.812419 0.187481 9.9991E-05
0.622226 0.377674 9.9991E-05
0.751386 0.230805 0.0178097
0.968163 9.9991E-05 0.0317374
0.633148 0.292485 0.074367
0.853989 0.105559 0.0404524
0.68704 0.31286 9.9991E-05
0.908544 9.9991E-05 0.091356
0.676396 9.9991E-05 0.323504
0.687671 9.9991E-05 0.312229
0.718504 9.9991E-05 0.281396
0.698425 9.9991E-05 0.301475
0.763705 9.9991E-05 0.236195
0.725051 0.0252739 0.249675
9.9991E-05 0.170652 0.829248
0.0249203 0.128522 0.846558
9.9991E-05 0.28042 0.71948
9.9991E-05 0.210384 0.789516
9.9991E-05 0.205606 0.794294
0.448901 9.9991E-05 0.550999
0.389021 9.9991E-05 0.610879
0.426162 9.9991E-05 0.573738
9.9991E-05 0.20921 0.79069
0.466364 9.9991E-05 0.533536
0.194072 0.56999 0.235938
0.394853 0.544763 0.0603843
0.152874 0.694284 0.152842
0.320451 0.425734 0.253814
0.286961 0.48139 0.231649
0.0724369 0.375092 0.552471
0.736274 0.222409 0.041317
0.744067 0.212805 0.0431277
0.704191 0.1324 0.163408
0.737531 0.262369 9.9991E-05
0.917481 9.9991E-05 0.0824186
0.64987 0.31452 0.0356101
0.666558 0.287971 0.0454711
0.785638 0.102438 0.111925
0.63345 0.296967 0.0695831
0.899464 9.9991E-05 0.100436
0.66513 0.297879 0.0369902
0.693825 0.306075 9.9991E-05
0.438284 0.431643 0.130073
0.788844 0.211056 9.9991E-05
0.71016 0.249124 0.0407154
0.618827 0.351069 0.0301032
0.774971 0.221217 0.00381211
0.604522 0.395378 9.9991E-05
0.56729 0.424831 0.00787915
0.542013 0.36968 0.0883066
9.9991E-05 0.253863 0.746037
0.00577095 0.175507 0.818722
0.0914311 0.100686 0.807882
0.0601345 0.117426 0.82244
9.9991E-05 0.189083 0.810817
0.80247 0.0582063 0.139323
0.680666 0.272753 0.0465802
0.361765 0.45918 0.179056
0.580997 0.418903 9.9991E-05
0.631044 0.362716 0.00624006
0.717086 0.161275 0.121639
0.701027 9.9991E-05 0.298873
0.672455 0.299801 0.0277444
0.754259 0.0410235 0.204718
0.709565 0.268261 0.0221737
0.724481 9.9991E-05 0.275419
0.519034 0.405274 0.0756919
0.782601 0.0747622 0.142637
0.710272 0.238482 0.0512462
0.629076 0.352269 0.0186543
0.730807 0.16355 0.105643
0.696582 0.239348 0.0640696
0.586265 0.380341 0.0333939
0.807768 0.159512 0.0327193
0.552394 0.380491 0.0671155
0.65342 0.274532 0.0720479
0.902122 9.9991E-05 0.0977785
0.837248 0.103951 0.0588011
0.707029 0.292871 9.9991E-05
0.881202 9.9991E-05 0.118698
0.700709 0.221581 0.0777094
0.800886 0.0253106 0.173804
0.876378 0.123522 9.9991E-05
0.701082 0.205825 0.0930935
0.533245 0.423025 0.0437302
0.836847 0.129093 0.03406
0.539719 0.413446 0.0468358
0.620917 0.378983 9.9991E-05
0.677791 0.321361 0.000847977
0.646073 0.323746 0.0301813
0.626863 0.310117 0.0630206
0.805194 0.152417 0.0423895
0.715905 0.191503 0.0925914
0.660921 0.338979 9.9991E-05
0.577773 0.388279 0.0339482
0.711048 0.198661 0.0902911
0.622708 0.377192 9.9991E-05
0.656848 0.220426 0.122726
0.667677 0.332223 9.9991E-05
0.575397 0.347477 0.0771261
0.586172 0.338911 0.0749164
0.316444 0.401697 0.281858
0.40218 0.543522 0.0542977
0.410411 0.501379 0.08821
0.525778 0.445424 0.0287982
0.325898 0.522172 0.15193
0.713423 0.286477 9.9991E-05
0.358764 0.488992 0.152244
0.471585 0.13905 0.389365
0.516356 0.446197 0.0374468
0.374506 0.50171 0.123784
0.453036 0.488932 0.0580319
0.452519 0.328621 0.21886
0.391471 0.51855 0.0899792
0.341377 0.565052 0.093571
0.197591 0.159452 0.642957
0.33132 0.515723 0.152957
0.289769 0.603843 0.106388
0.485299 0.465704 0.0489972
0.300472 0.58582 0.113709
0.389338 0.454058 0.156604
0.69647 0.30343 9.9991E-05
0.559297 0.36524 0.0754629
0.964186 9.9991E-05 0.0357139
0.894855 9.9991E-05 0.105045
0.601631 0.336443 0.0619268
0.284152 0.602882 0.112966
0.29202 0.594064 0.113917
0.295922 0.434289 0.26979
0.311516 0.474677 0.213807
0.68354 0.129521 0.186939
0.652427 0.199574 0.147999
0.569036 0.430864 9.9991E-05
0.593412 0.394303 0.0122852
0.649805 0.221158 0.129037
0.576268 0.407707 0.0160246
0.573482 0.426418 9.9991E-05
0.471105 0.419953 0.108942
0.743885 0.161305 0.0948093
0.759212 0.240688 9.9991E-05
0.682558 0.317342 9.9991E-05
0.703309 0.249206 0.0474851
0.617765 0.338651 0.0435837
0.772952 0.214182 0.0128656
0.868285 0.101885 0.0298306
0.623318 0.376582 9.9991E-05
0.881937 0.0902602 0.0278026
0.75978 0.200319 0.0399019
0.612997 0.313604 0.0733988
0.626643 0.330491 0.0428663
0.382569 0.526025 0.0914062
0.480708 0.404488 0.114804
0.327614 0.497829 0.174557
0.383551 0.415148 0.201301
0.466644 0.452539 0.0808174
0.384299 0.480351 0.13535
0.54363 0.125022 0.331347
0.407338 0.558093 0.0345687
0.318516 0.154747 0.526737
0.501647 0.498253 9.9991E-05
0.942984 0.02963 0.0273858
0.898372 9.9991E-05 0.101528
0.803217 0.196683 9.9991E-05
0.635697 0.364203 9.9991E-05
0.810815 0.189085 9.9991E-05
0.677745 0.320772 0.0014825
0.724598 0.275302 9.9991E-05
0.0105285 0.197229 0.792242
0.0636854 0.150657 0.785658
9.9991E-05 0.116171 0.883729
9.9991E-05 0.0806007 0.919299
0.646108 0.336887 0.0170051
0.656299 0.297708 0.0459925
0.764044 0.235856 9.9991E-05
0.631436 0.297408 0.0711557
0.581076 0.39227 0.0266536
0.814528 0.0879539 0.0975177
0.671903 0.327997 9.9991E-05
0.809 0.163568 0.0274318
0.301953 0.505822 0.192225
0.779081 0.220819 9.9991E-05
0.797271 0.192322 0.010407
0.709647 0.290253 9.9991E-05
0.782603 0.217297 9.9991E-05
0.668187 0.331713 9.9991E-05
0.622287 0.377613 9.9991E-05
0.9998 9.999E-05 9.999E-05
0.852812 0.147088 9.9991E-05
0.812979 0.186921 9.9991E-05
0.9998 9.999E-05 9.999E-05
0.730024 0.263601 0.00637451
0.930726 0.0691744 9.9991E-05
0.920613 9.9991E-05 0.0792868
0.659917 0.339983 9.9991E-05
0.862914 0.095301 0.0417852
0.722136 0.277764 9.9991E-05
0.485398 0.482524 0.032078
0.742103 0.257797 9.9991E-05
0.756477 0.243423 9.9991E-05
0.694993 0.304907 9.9991E-05
0.706788 0.293112 9.9991E-05
0.880353 0.119547 9.9991E-05
0.614343 0.385558 9.9991E-05
0.268522 0.00475186 0.726726
0.129523 0.0876604 0.782817
0.0988612 9.9991E-05 0.901039
0.117224 9.9991E-05 0.882676
0.151879 0.0445706 0.803551
0.878174 0.0415104 0.0803153
0.907223 9.9991E-05 0.0926767
0.914925 0.084975 9.9991E-05
0.528462 0.373508 0.0980308
0.582071 0.401171 0.0167583
0.792487 0.202388 0.00512468
0.608558 0.391342 9.9991E-05
0.659065 0.28939 0.0515445
0.642522 0.357378 9.9991E-05
0.593925 0.405975 9.9991E-05
0.864673 0.129109 0.00621804
0.803719 0.196181 9.9991E-05
0.850475 0.149425 9.9991E-05
0.573379 0.35431 0.0723112
0.795149 0.204751 9.9991E-05
0.726084 0.266475 0.00744163
0.228869 0.735209 0.0359215
0.24538 0.67168 0.0829403
0.169815 0.755619 0.0745657
0.160624 0.651598 0.187778
0.289237 0.596813 0.113951
0.6942 0.30541 0.000390367
9.9991E-05 0.685068 0.314832
0.132461 0.713877 0.153662
0.452499 0.395467 0.152034
0.542983 0.333389 0.123628
0.630158 0.252692 0.11715
0.528201 0.390657 0.0811422
0.571979 0.342972 0.0850491
0.0460875 0.772053 0.18186
0.199564 0.697707 0.102729
0.150657 0.804687 0.0446566
0.35271 0.537036 0.110254
0.160662 0.709623 0.129714
0.302577 0.629914 0.0675091
0.141971 0.693449 0.164581
0.266782 0.637411 0.0958065
0.606094 0.348065 0.0458409
0.287319 0.569266 0.143415
0.028622 0.782252 0.189126
0.276428 0.591542 0.132029
0.639162 0.0967843 0.264053
0.628619 0.371281 9.9991E-05
0.264982 0.577086 0.157931
0.53659 0.409603 0.0538067
0.607505 0.291244 0.101251
0.330593 0.464495 0.204912
0.241842 0.532498 0.22566
0.453644 0.479443 0.0669128
0.211329 0.674244 0.114427
0.164145 0.751045 0.0848103
0.0179882 0.729748 0.252263
0.580411 0.4141 0.00548861
0.628542 0.204685 0.166773
0.641839 0.0843224 0.273839
0.440097 0.468192 0.0917113
0.643229 0.300621 0.0561496
0.42237 0.447445 0.130185
0.552596 0.390193 0.0572107
0.300623 0.194773 0.504604
0.39263 0.107794 0.499576
0.512251 0.277229 0.21052
0.276863 0.23222 0.490917
0.149409 0.272921 0.57767
0.444582 0.384981 0.170437
0.33267 0.415546 0.251784
0.333856 0.309374 0.35677
0.353358 0.250304 0.396338
0.441915 0.425595 0.13249
0.485718 0.210561 0.303721
0.295536 0.0840606 0.620404
0.439059 0.504365 0.0565762
0.269716 0.518173 0.212111
0.261106 0.494317 0.244577
0.270045 0.647638 0.0823173
0.30837 0.596671 0.0949596
0.373416 0.520837 0.105748
0.155241 0.467184 0.377575
0.322113 0.539396 0.138491
0.228023 0.612852 0.159125
0.27448 0.475939 0.249582
0.490586 0.349739 0.159675
0.449789 0.402248 0.147963
0.41047 0.552647 0.036883
0.470992 0.494809 0.0341993
0.194023 0.523046 0.282931
0.339069 0.547394 0.113537
0.219591 0.341245 0.439164
0.394345 0.555184 0.0504713
0.277703 0.451441 0.270856
0.136825 0.0533234 0.809852
0.73126 9.9991E-05 0.26864
0.730314 9.9991E-05 0.269586
0.72513 9.9991E-05 0.27477
0.74768 9.9991E-05 0.25222
0.70293 9.9991E-05 0.29697
0.810892 9.9991E-05 0.189008
0.715446 9.9991E-05 0.284454
0.575677 9.9991E-05 0.424223
0.00600481 0.13376 0.860236
0.0705938 0.101988 0.827418
9.9991E-05 0.138611 0.861289
0.106591 0.0486341 0.844775
9.9991E-05 0.124324 0.875576
0.0228692 0.0656794 0.911451
0.0494266 0.228596 0.721977
9.9991E-05 0.161322 0.838578
0.125608 0.135392 0.739001
9.9991E-05 0.13954 0.86036
9.9991E-05 0.0486662 0.951234
0.00384076 0.123462 0.872697
9.9991E-05 0.0694012 0.930499
9.9991E-05 0.101215 0.898685
9.9991E-05 0.163553 0.836347
9.9991E-05 0.204136 0.795764
9.9991E-05 0.265315 0.734585
9.9991E-05 0.263064 0.736836
9.9991E-05 0.218684 0.781216
0.589228 0.256981 0.153791
0.587018 0.412882 9.9991E-05
0.52091 0.365413 0.113677
0.752478 0.0639326 0.183589
0.593976 0.296657 0.109367
0.640821 0.0883895 0.27079
0.574207 0.418284 0.0075087
0.659923 0.211434 0.128643
0.627206 0.317031 0.0557637
0.698035 0.301865 9.9991E-05
0.672491 0.231489 0.0960199
0.530246 0.454456 0.0152982
0.601204 0.315708 0.0830876
0.816333 0.0112676 0.172399
0.779488 9.9991E-05 0.220412
0.742723 0.0267703 0.230507
0.509609 0.451063 0.0393276
0.586984 0.333403 0.0796129
0.561808 0.294368 0.143824
0.555316 0.444584 9.9991E-05
0.338901 0.523009 0.13809
0.34802 0.598061 0.0539187
0.314889 0.250236 0.434875
0.541412 0.408374 0.0502134
0.394692 0.390615 0.214693
0.206489 0.174409 0.619103
0.270242 0.480901 0.248858
0.266268 0.38031 0.353422
0.352066 0.380564 0.26737
0.444969 0.481789 0.0732423
0.361847 0.476619 0.161534
0.395493 0.496077 0.10843
0.478904 0.413193 0.107902
0.152058 0.424704 0.423237
