9.9973E-05 0.0702097 0.884658 9.9973E-05 9.9973E-05 0.044832
9.9973E-05 0.0132228 0.926043 9.9973E-05 0.0604339 9.9973E-05
0.145444 0.00600875 0.795876 0.0125118 9.9991E-05 0.0400593
0.0516254 0.108639 0.770085 9.9982E-05 9.9982E-05 0.0694504
0.0555743 0.00252018 0.893139 0.0237791 9.9991E-05 0.0248869
0.0123041 0.0493753 0.611689 0.145376 0.0763484 0.104908
9.9973E-05 0.0642414 0.806706 0.128753 9.9973E-05 9.9973E-05
0.0146329 0.122992 0.692217 0.121607 0.0277206 0.0208311
9.9982E-05 0.0642784 0.81224 0.0738774 0.0494039 9.9982E-05
0.105359 9.9982E-05 0.710652 0.130344 9.9982E-05 0.0534456
0.0354563 0.141666 0.694969 0.112832 0.0147537 0.000322794
0.128025 0.477214 9.9982E-05 9.9982E-05 0.243154 0.151407
0.533876 0.320175 0.0397954 9.9991E-05 0.0476928 0.0583609
0.20215 0.43261 9.9991E-05 0.0699404 0.18645 0.108749
0.244435 0.323145 0.0296594 0.0255526 0.172467 0.204741
0.341034 0.0958751 0.137217 0.0892778 0.190869 0.145727
0.529876 0.101505 0.0722743 0.0660121 0.120661 0.109671
0.40036 0.259045 9.9991E-05 0.0439569 0.183072 0.113466
0.253855 0.343317 0.0699306 9.9991E-05 0.194693 0.138105
9.999E-05 0.655662 0.0217332 0.118773 0.10676 0.0969717
0.385018 0.322481 9.9982E-05 9.9982E-05 0.196211 0.0960899
0.497069 0.211658 0.0557304 0.17552 0.00613039 0.0538917
0.516529 0.193816 0.0380179 0.00992921 0.217114 0.0245939
0.242266 0.341461 9.9991E-05 0.0413381 0.235397 0.139438
0.688307 0.0667888 0.0765021 0.0667799 0.0590076 0.0426148
0.609058 0.17158 9.9991E-05 0.0707002 0.0747709 0.0737909
0.0937611 0.449687 0.0307303 9.9991E-05 0.285007 0.140714
0.163521 0.402464 0.0406479 9.9991E-05 0.182971 0.210295
0.188572 0.496597 9.9991E-05 0.0475746 0.195069 0.0720867
0.123201 9.9973E-05 0.828095 9.9973E-05 9.9973E-05 0.0484047
0.157485 9.9973E-05 0.799712 9.9973E-05 9.9973E-05 0.0425035
0.136689 9.9982E-05 0.770439 9.9982E-05 0.0313999 0.0612722
0.1175 9.9982E-05 0.749756 9.9982E-05 0.0704241 0.0621201
0.532516 0.104061 0.0728647 9.9982E-05 0.290358 9.9982E-05
0.536542 0.0228758 0.152662 0.0284268 0.247616 0.0118781
0.517346 0.0176241 0.0282506 9.9991E-05 0.345727 0.0909521
0.19504 0.547861 0.0938327 0.0142922 0.148875 9.9991E-05
0.31716 0.00325761 0.00323854 0.0416869 0.603633 0.0310239
0.539676 0.0986004 0.128086 9.9991E-05 0.197279 0.0362593
0.682858 9.9991E-05 0.0207419 0.0605075 0.190965 0.0448277
0.598021 0.0380134 0.117058 0.137983 0.108825 9.9991E-05
0.677631 0.0586684 0.0815403 0.00652597 0.175535 9.9991E-05
0.0718295 0.165997 9.9982E-05 0.00715301 0.754821 9.9982E-05
0.603188 0.0758912 0.0152383 0.161961 0.0894413 0.0542803
0.464393 0.0142901 0.000218338 0.132814 0.23916 0.149125
0.581441 0.07794 0.0581594 0.0352917 0.227979 0.0191887
0.317859 9.9982E-05 0.00218143 0.0679359 0.611824 9.9982E-05
0.599054 9.9973E-05 0.122557 9.9973E-05 0.278089 9.9973E-05
0.467498 9.9991E-05 0.117456 0.0121398 0.351815 0.0509912
9.9973E-05 9.9973E-05 0.0969078 0.307135 0.595657 9.9973E-05
0.230123 0.36256 9.9982E-05 0.145617 0.2615 9.9982E-05
0.0901672 0.207908 9.9991E-05 0.502806 0.168523 0.0304958
0.500595 0.295153 0.0331747 9.9991E-05 0.0748446 0.0961325
0.598878 0.104782 9.9982E-05 0.182868 9.9982E-05 0.113272
0.586257 0.101584 0.100553 0.139477 0.0520109 0.0201182
0.217489 0.356528 0.0866556 0.0882747 0.250953 9.9991E-05
0.540388 0.246608 9.9991E-05 0.107843 0.0859819 0.0190786
0.48431 0.113046 0.0290998 0.1103 0.0789507 0.184293
0.314499 0.200421 0.184473 0.0488914 0.230953 0.0207634
0.0231588 0.368252 0.170046 0.222016 0.131122 0.0854058
0.511875 0.0889334 0.14502 0.0542196 0.170185 0.0297671
0.431744 0.236307 0.100409 0.125241 0.0818626 0.0244364
0.00888626 0.523906 0.0701323 0.104553 0.292422 9.9991E-05
0.515517 0.238715 9.9991E-05 0.101758 0.102409 0.0415006
0.670033 0.0220483 0.0415061 0.135087 0.101529 0.0297953
0.581129 0.171408 0.0657787 0.105003 0.00936829 0.067313
0.221489 0.270465 0.0437931 0.0668348 0.317222 0.0801956
0.535878 0.167129 0.0138093 0.0674429 0.163894 0.0518463
0.562084 0.169954 0.0617832 0.0488786 0.0911458 0.0661541
0.203226 0.376463 0.0274725 0.207115 0.185623 9.9991E-05
0.574031 0.0538315 0.00703743 9.9982E-05 0.3649 9.9982E-05
0.152487 0.120113 0.0294783 9.9982E-05 0.697722 9.9982E-05
0.635399 0.022011 0.116275 0.0808378 0.145377 9.9991E-05
9.9973E-05 9.9973E-05 0.00286527 0.137166 0.859669 9.9973E-05
9.9973E-05 0.0296908 9.9973E-05 0.164479 0.80553 9.9973E-05
0.238153 0.0410319 9.9982E-05 9.9982E-05 0.706489 0.0141269
0.408049 0.0463399 0.051987 9.9982E-05 0.493424 9.9982E-05
0.577181 0.0728352 0.15234 0.0131331 0.160507 0.0240043
0.396004 0.025611 0.0467891 0.0173574 0.482034 0.0322043
0.111737 0.217118 9.9982E-05 9.9982E-05 0.561742 0.109203
0.199726 0.255629 0.0373198 9.9982E-05 0.507125 9.9982E-05
0.464287 0.125415 0.0317216 0.0189923 0.277859 0.081725
0.267177 0.00799122 0.0383388 9.9991E-05 0.666904 0.0194892
0.38699 0.0157584 0.0880295 9.9982E-05 0.509022 9.9982E-05
0.355824 9.9982E-05 0.0318806 0.121255 0.49084 9.9982E-05
9.9982E-05 0.046327 0.00312742 0.267073 0.683272 9.9982E-05
0.609402 0.0569292 9.9982E-05 9.9982E-05 0.280625 0.0528439
0.0592215 0.0860888 0.751464 9.9982E-05 9.9982E-05 0.103026
0.0825726 9.9964E-05 0.917028 9.9964E-05 9.9964E-05 9.9964E-05
0.0409861 9.9973E-05 0.8573 9.9973E-05 9.9973E-05 0.101414
0.078971 9.9973E-05 0.907823 9.9973E-05 0.0129059 9.9973E-05
0.0701305 9.9982E-05 0.857066 0.0129741 9.9982E-05 0.0596297
0.0116641 9.9991E-05 0.903962 0.000323023 0.0126951 0.0712557
0.0274173 9.9982E-05 0.913204 0.0161104 9.9982E-05 0.043068
0.503575 9.9991E-05 0.104487 0.0864037 0.1823 0.123135
0.554306 0.10009 0.114688 9.9991E-05 0.194658 0.0361578
9.9982E-05 0.10481 0.034122 0.00357132 0.857297 9.9982E-05
0.484622 0.0538253 0.110719 0.0853339 0.182574 0.082926
0.419729 0.0852994 0.0697687 9.9991E-05 0.420666 0.00443686
0.530346 9.9973E-05 0.0945365 9.9973E-05 0.374818 9.9973E-05
0.509534 9.9991E-05 0.0932187 0.0168084 0.366177 0.0141616
0.420492 9.9973E-05 9.9973E-05 9.9973E-05 0.467624 0.111584
9.9973E-05 0.186145 0.0588077 9.9973E-05 0.754747 9.9973E-05
0.435395 0.15307 0.0995609 0.0560147 0.178843 0.077117
0.686142 0.0641459 0.0381458 0.0627673 0.129894 0.0189051
0.472589 0.171546 0.0354193 0.0604477 0.115278 0.14472
0.326055 9.9991E-05 0.00940308 0.132732 0.467793 0.0639167
0.459622 9.9991E-05 0.0511738 0.0429815 0.438907 0.00721542
0.459897 0.177773 0.0509734 0.00420751 0.307049 9.9991E-05
0.210358 9.9973E-05 9.9973E-05 9.9973E-05 0.660629 0.128713
0.460665 0.0844571 0.0662667 9.9982E-05 0.388412 9.9982E-05
0.464587 9.9991E-05 0.168235 0.07112 0.200734 0.0952238
0.229295 0.392318 9.9991E-05 0.245128 0.0817202 0.0514389
0.431326 0.304082 0.134473 0.0631107 0.0559599 0.0110482
0.484994 0.167174 0.0780808 0.186647 9.9991E-05 0.0830044
0.601017 0.166037 0.0473998 0.107267 0.00388385 0.074395
0.48762 0.368144 0.0700066 0.0429313 0.0311987 9.9991E-05
0.611838 0.178592 0.00705 9.9991E-05 0.120227 0.0821935
0.498119 0.406442 0.044345 0.00251806 0.0484752 9.9991E-05
0.562387 0.207958 9.9982E-05 0.114578 0.114877 9.9982E-05
0.579382 0.146159 9.9991E-05 0.0405792 0.176964 0.0568164
0.575183 0.137767 0.0558798 0.0839815 0.147089 9.9991E-05
0.552522 0.316868 9.9982E-05 0.0376109 0.0927987 9.9982E-05
0.646148 0.14461 0.0273315 0.156406 9.9991E-05 0.0254047
0.508538 0.146213 0.089566 0.0699543 0.098159 0.0875697
0.51789 0.283191 9.9982E-05 9.9982E-05 0.123991 0.0747276
0.596142 0.114594 0.0890461 0.0439014 0.100654 0.0556622
0.514099 0.322634 9.9991E-05 0.00961132 0.0716358 0.0819202
0.484569 0.232351 0.096019 0.177975 9.9991E-05 0.00898622
0.641814 0.139865 9.9991E-05 0.0309461 0.148001 0.0392746
0.693161 0.156058 9.9982E-05 0.109177 9.9982E-05 0.0414029
0.183941 0.444211 9.9991E-05 0.0829178 0.213863 0.0749675
0.258366 0.309694 9.9991E-05 0.351248 0.0735679 0.00702378
0.638003 0.21564 9.9991E-05 0.03928 0.0734231 0.033554
0.0881841 0.340866 9.9991E-05 0.368894 0.1695 0.0324561
0.273912 0.437005 0.0591059 9.9982E-05 0.229778 9.9982E-05
0.455617 0.342283 0.0170786 0.0514299 0.133491 9.9991E-05
0.355271 0.437795 0.0217268 9.9982E-05 0.185007 9.9982E-05
0.326039 0.505653 9.9991E-05 0.0414714 0.123902 0.00283388
0.610018 0.084142 0.0800064 0.0429877 0.123171 0.0596754
0.435914 0.0683913 0.20826 0.04854 0.173455 0.0654401
0.5716 0.185151 0.0313743 0.0646373 0.138826 0.00841165
0.151466 0.342714 9.9991E-05 0.238463 0.205417 0.0618392
0.54144 9.9991E-05 0.179143 0.131643 0.100494 0.0471788
0.489595 0.0404428 0.0545139 0.198849 0.151776 0.0648237
0.0288103 0.155979 0.154008 0.523821 0.137282 9.9991E-05
0.672719 9.9991E-05 0.0466977 0.124485 0.0948955 0.0611027
0.322768 0.0205445 0.0804121 0.292312 0.236385 0.0475784
0.487653 0.00127462 0.110802 0.292999 0.0342645 0.0730064
0.269996 0.107735 0.104496 0.411031 0.106643 9.9991E-05
0.246042 0.173955 0.0498173 0.49672 0.0333657 9.9991E-05
0.45279 0.131139 0.0676442 0.225008 0.123319 9.9991E-05
0.534731 0.219677 0.00279924 0.109136 9.9991E-05 0.133556
0.503686 0.118005 0.0991378 0.147271 0.104287 0.0276133
9.9991E-05 0.0716258 0.0635168 0.406765 0.325173 0.13282
0.504921 0.0928256 0.0824759 0.174618 0.124127 0.0210325
0.383558 0.095874 9.9982E-05 0.325269 0.195099 9.9982E-05
0.448996 0.0580317 9.9991E-05 0.230675 0.232607 0.0295903
0.576702 0.115734 0.0426403 0.115288 0.0738557 0.0757797
0.152571 0.064356 0.248995 0.253488 9.9991E-05 0.280489
9.9973E-05 9.9973E-05 0.49127 0.373132 9.9973E-05 0.135299
9.9973E-05 9.9973E-05 0.425873 0.436814 9.9973E-05 0.137013
9.9982E-05 0.0266988 0.35964 0.224792 9.9982E-05 0.38867
0.67143 9.9982E-05 9.9982E-05 0.282912 0.0443801 0.00107722
0.543269 9.9991E-05 0.14614 0.183525 0.0783361 0.0486298
0.278619 0.0473987 9.9973E-05 9.9973E-05 9.9973E-05 0.673682
0.398031 0.141287 0.0270951 9.9991E-05 0.0375412 0.395945
0.269289 0.0846249 0.0604685 0.0852822 0.064468 0.435867
0.346501 9.9982E-05 0.00227454 0.488999 0.162025 9.9982E-05
0.583943 9.9982E-05 0.037984 0.216952 0.160921 9.9982E-05
0.228931 9.9973E-05 9.9973E-05 0.651877 0.118892 9.9973E-05
0.643238 0.0221819 9.9982E-05 0.217574 0.116806 9.9982E-05
0.516513 0.0799496 0.00729902 0.324291 0.0717778 0.000169232
0.606463 0.00814499 9.9991E-05 0.303101 0.00678708 0.0754032
0.22906 0.0556287 9.9982E-05 0.653439 0.0616727 9.9982E-05
0.56432 0.0237687 0.0549362 0.097153 0.15326 0.106563
0.587389 0.0400736 0.0574465 0.215886 0.0614673 0.0377377
9.9964E-05 9.9964E-05 9.9964E-05 9.9964E-05 0.0308131 0.968787
0.00989167 9.9973E-05 9.9973E-05 9.9973E-05 0.00250245 0.987306
0.346371 0.0513009 0.0239405 9.9991E-05 0.0173616 0.560926
0.321431 9.9973E-05 0.0651791 9.9973E-05 9.9973E-05 0.61309
0.105669 9.9982E-05 0.0235676 9.9982E-05 0.060804 0.809759
9.996E-05 9.996E-05 9.996E-05 9.996E-05 9.996E-05 0.9995
9.9964E-05 0.0366129 9.9964E-05 9.9964E-05 9.9964E-05 0.962987
0.121172 9.9964E-05 9.9964E-05 9.9964E-05 9.9964E-05 0.878428
0.0329408 0.0246084 9.9973E-05 9.9973E-05 9.9973E-05 0.942151
9.996E-05 9.996E-05 9.996E-05 9.996E-05 9.996E-05 0.9995
9.996E-05 9.996E-05 9.996E-05 9.996E-05 9.996E-05 0.9995
0.169523 9.9982E-05 0.0985479 9.9982E-05 0.0161762 0.715553
0.0985634 0.0559816 0.0216259 9.9991E-05 0.0109548 0.812774
9.9964E-05 9.9964E-05 9.9964E-05 9.9964E-05 0.0435046 0.956096
0.248497 0.2133 0.0299645 9.9991E-05 0.0585112 0.449628
0.169865 0.0693995 9.9991E-05 0.0109393 0.0432497 0.706447
0.197081 9.9973E-05 0.044238 9.9973E-05 9.9973E-05 0.758381
0.0780697 9.9973E-05 0.0324241 9.9973E-05 9.9973E-05 0.889206
0.0349304 9.9973E-05 0.0125727 9.9973E-05 9.9973E-05 0.952197
0.112118 0.0241867 0.0239971 0.0123115 9.9991E-05 0.827287
9.996E-05 9.996E-05 9.996E-05 9.996E-05 9.996E-05 0.9995
0.199043 0.0495608 9.9982E-05 9.9982E-05 0.0797035 0.671493
0.0343519 0.0640177 9.9982E-05 0.000500239 9.9982E-05 0.90093
9.9973E-05 9.9973E-05 0.315278 0.639809 9.9973E-05 0.0446125
0.360839 0.117573 0.166741 0.224154 0.028603 0.102091
0.445072 0.0555482 0.248218 0.191603 9.9991E-05 0.0594593
0.189779 9.9991E-05 0.267383 0.442002 0.0221866 0.0785492
0.442211 0.0164881 0.159682 0.176738 0.0983518 0.106529
0.238669 9.9991E-05 0.252816 0.415456 0.0109981 0.0819615
0.457232 0.0338861 0.223796 0.109448 0.13831 0.0373276
0.361501 9.9991E-05 0.13364 0.37136 0.00211219 0.131286
0.51299 0.00729159 0.178528 0.196861 9.9991E-05 0.104231
0.376139 9.9982E-05 0.174359 0.258338 9.9982E-05 0.190965
0.55252 0.0281157 0.239052 0.155384 9.9991E-05 0.0248278
0.0374161 0.0780546 0.842089 0.0422399 9.9982E-05 9.9982E-05
9.9973E-05 9.9973E-05 0.892772 0.038511 9.9973E-05 0.0684169
9.9964E-05 0.0238519 0.975748 9.9964E-05 9.9964E-05 9.9964E-05
9.9964E-05 0.055523 0.944077 9.9964E-05 9.9964E-05 9.9964E-05
0.0523472 0.072083 0.87527 9.9973E-05 9.9973E-05 9.9973E-05
9.9973E-05 9.9973E-05 0.897568 9.9973E-05 0.0120074 0.0901249
0.0201094 9.9982E-05 0.882553 9.9982E-05 0.0179957 0.0791421
0.0185293 9.9973E-05 0.888232 0.0929385 9.9973E-05 9.9973E-05
0.0528012 9.9973E-05 0.938507 9.9973E-05 9.9973E-05 0.00839217
0.0158757 9.9982E-05 0.818799 0.0389087 9.9982E-05 0.126217
9.9991E-05 0.265318 0.578439 0.0122018 0.123894 0.020047
9.9982E-05 0.331151 0.570502 9.9982E-05 0.0744523 0.0236948
9.9982E-05 0.287351 0.530804 0.112534 0.0691107 9.9982E-05
9.9982E-05 0.381088 0.472128 0.0653419 0.0812426 9.9982E-05
0.486413 0.11637 0.109199 9.9982E-05 0.287818 9.9982E-05
0.462853 0.133587 9.9991E-05 0.0027469 0.339232 0.0614811
0.565822 0.12815 0.0356084 9.9991E-05 0.249397 0.0209228
0.396856 0.225989 0.0389115 0.13203 0.206114 9.9991E-05
0.178968 0.650378 9.9991E-05 0.0444685 0.107813 0.0182729
0.612583 0.0588115 0.013517 0.0702079 0.19374 0.0511407
0.50802 0.0855159 9.9991E-05 0.0481111 0.299826 0.0584273
0.580447 0.0950475 9.9982E-05 0.125307 0.198998 9.9982E-05
0.286332 9.9982E-05 9.9982E-05 0.069635 0.591708 0.0521249
0.690894 0.107424 0.0239628 0.0743206 0.0686679 0.0347308
0.448267 0.099048 9.9982E-05 0.0429675 0.409518 9.9982E-05
9.9973E-05 0.0920515 9.9973E-05 0.222976 0.684672 9.9973E-05
0.583006 0.171744 0.0611091 0.0510328 0.133008 9.9991E-05
0.255787 9.9991E-05 0.0319518 0.177622 0.519987 0.0145521
0.542393 0.00320937 9.9991E-05 0.09246 0.343042 0.0187954
0.0598975 0.201526 0.059333 9.9982E-05 0.679044 9.9982E-05
0.000404365 0.719966 0.114558 0.164871 9.9982E-05 9.9982E-05
0.00359799 0.743122 0.0270247 0.172368 9.9991E-05 0.0537873
9.9964E-05 0.863099 9.9964E-05 0.136501 9.9964E-05 9.9964E-05
9.9982E-05 0.805046 0.0965654 0.039283 0.0589059 9.9982E-05
0.00909745 0.827315 0.0204704 0.0713295 9.9991E-05 0.0716872
0.0721726 0.788686 0.0403214 0.0633059 9.9991E-05 0.0354142
0.111883 9.9982E-05 0.857633 9.9982E-05 0.00799342 0.0222904
0.0806842 0.0610425 0.804647 9.9982E-05 9.9982E-05 0.0534264
0.153544 9.9973E-05 0.767264 9.9973E-05 9.9973E-05 0.0788917
0.0292058 0.106123 0.744671 9.9982E-05 9.9982E-05 0.1198
0.131104 9.9973E-05 0.827236 9.9973E-05 9.9973E-05 0.0413601
9.9973E-05 0.578981 0.382647 0.0380722 9.9973E-05 9.9973E-05
9.9982E-05 0.386755 0.462143 0.136074 0.0148271 9.9982E-05
9.9973E-05 0.442925 0.47552 9.9973E-05 0.0812548 9.9973E-05
0.163731 0.00472858 0.812689 9.9982E-05 9.9982E-05 0.0186521
9.9982E-05 0.480231 0.380677 0.0487213 0.0901708 9.9982E-05
0.286052 9.9982E-05 0.198633 0.165464 9.9982E-05 0.349651
0.613256 0.0204855 0.104096 0.113718 9.9991E-05 0.148345
0.593976 0.00319739 0.18524 9.9982E-05 9.9982E-05 0.217386
0.302735 9.9991E-05 0.235362 0.140246 0.0765072 0.24505
0.515674 0.0942968 0.199697 0.0405536 0.0518618 0.0979176
9.9973E-05 9.9973E-05 0.404784 0.266728 9.9973E-05 0.328189
0.461966 0.34989 9.9982E-05 0.0917498 0.0961941 9.9982E-05
0.349738 0.180641 9.9991E-05 0.298688 0.123211 0.0476222
0.331268 0.557897 0.0969162 0.00491074 0.00890751 9.9991E-05
0.522623 0.152538 9.9982E-05 0.171558 0.153082 9.9982E-05
9.9973E-05 0.189451 9.9973E-05 0.55496 0.255289 9.9973E-05
0.503755 0.224255 0.0229167 0.0951005 0.0350026 0.11897
0.48423 0.257977 9.9991E-05 0.15324 0.0658984 0.0385549
0.357137 0.457462 0.019542 0.0310951 0.134663 9.9991E-05
0.537527 0.190868 0.12701 0.0202487 0.124247 9.9991E-05
0.11779 0.305583 9.9982E-05 0.416241 0.160186 9.9982E-05
0.481213 0.184228 0.0468686 0.194986 0.0908261 0.0018787
0.560589 0.284518 9.9982E-05 0.0609864 0.0937075 9.9982E-05
0.393226 0.1023 0.0942867 0.115579 0.0685635 0.226045
0.389653 0.273067 9.9982E-05 0.228459 0.108621 9.9982E-05
0.474227 0.277815 9.9991E-05 0.11043 0.0917146 0.0457128
0.461289 0.155324 9.9991E-05 0.235374 0.0514513 0.0964615
0.571673 0.198729 0.00887903 0.130666 0.0643743 0.0256783
0.683127 0.113468 0.0172468 0.0953119 0.0787952 0.0120509
0.477914 0.162874 0.0972838 0.0197794 0.146128 0.0960215
0.51982 0.164229 0.0858119 0.0378453 0.105247 0.0870464
0.150342 9.9973E-05 0.76933 9.9973E-05 9.9973E-05 0.0800283
0.0722715 9.9991E-05 0.832981 0.0224558 0.0239434 0.0482488
0.0800021 0.0654257 0.783521 0.0708509 9.9982E-05 9.9982E-05
0.0365162 0.014447 0.814143 0.00802315 0.0852383 0.0416328
0.132091 9.9964E-05 0.867509 9.9964E-05 9.9964E-05 9.9964E-05
0.160206 0.599734 0.00481548 9.9991E-05 0.172042 0.0631022
0.412164 0.178078 0.0766217 0.175089 0.0768628 0.0811851
0.482381 0.0554215 0.171858 0.154454 0.0488924 0.0869929
0.676211 0.155622 9.9991E-05 0.0620734 0.0845011 0.0214916
0.453714 0.236519 0.0170437 0.0421836 0.173693 0.0768473
0.274021 0.358767 9.9982E-05 0.286877 9.9982E-05 0.080135
0.00329809 0.58362 0.178292 0.0871622 0.147528 9.9991E-05
0.566534 0.366345 0.0239303 9.9991E-05 0.0264329 0.0166583
0.196228 0.527043 0.0417319 0.174622 9.9991E-05 0.0602757
0.488826 0.158335 0.0052285 0.267586 0.053775 0.0262493
0.116526 0.561421 0.126928 0.0483432 0.110397 0.0363847
0.51396 0.217472 0.105346 0.0357903 0.0572665 0.0701641
0.233828 0.494376 0.110049 0.0245269 0.13712 9.9991E-05
0.395237 0.250692 0.0554489 0.223621 0.0650322 0.00996947
0.508116 0.0483192 9.9991E-05 0.3408 0.0130927 0.0895722
0.341784 0.147233 0.00297929 0.507804 9.9982E-05 9.9982E-05
0.564598 9.9991E-05 0.0722494 0.169182 0.166383 0.0274879
0.607058 9.9982E-05 0.148133 0.219161 0.0254476 9.9982E-05
0.347442 0.133241 9.9982E-05 0.503299 0.0158179 9.9982E-05
0.403042 0.161912 0.0275366 0.135076 0.137735 0.134699
0.597532 0.0867328 9.9982E-05 0.288116 0.0274192 9.9982E-05
0.109592 0.0839815 9.9982E-05 0.651608 0.154619 9.9982E-05
0.324851 0.00919979 9.9982E-05 0.621022 0.0447272 9.9982E-05
0.520768 0.131831 9.9973E-05 0.347101 9.9973E-05 9.9973E-05
0.181375 0.0731716 9.9982E-05 0.534392 0.210862 9.9982E-05
0.505525 0.101728 9.9982E-05 0.284029 0.108517 9.9982E-05
0.088302 0.650927 0.0237214 9.9991E-05 0.21777 0.0191786
0.258363 0.338969 9.9991E-05 0.280097 0.113225 0.00924499
0.356278 0.417462 0.0611414 9.9991E-05 0.0875879 0.0774314
0.643291 0.147651 0.0360335 0.0333222 0.0453856 0.0943175
0.243457 0.554999 9.9982E-05 9.9982E-05 0.182496 0.0188481
0.470697 0.109334 0.0992909 0.142669 0.0960191 0.0819899
0.521342 0.295255 0.0140435 0.0522614 0.00741341 0.109685
0.577364 0.198321 0.0261748 0.0855316 0.0596702 0.0529386
0.424119 0.358695 0.00106616 9.9991E-05 0.0887129 0.127307
0.342167 0.367319 0.00747917 9.9991E-05 0.171538 0.111397
0.176978 0.465588 9.9982E-05 9.9982E-05 0.251697 0.105537
0.311124 0.390761 9.9991E-05 0.146098 0.0580485 0.093869
0.598629 0.199209 9.9991E-05 0.0207389 0.116058 0.0652654
0.604398 0.176552 0.0263514 0.0802299 0.0678701 0.0445984
0.380503 0.254668 0.0173087 0.212857 0.0497349 0.0849282
0.491104 0.290034 9.9991E-05 0.0543968 0.0322384 0.132127
0.391075 0.438283 0.0840306 0.0675161 0.0116728 0.00742292
0.664155 0.26197 9.9982E-05 9.9982E-05 0.0625899 0.0110853
0.485216 0.231783 0.0952112 0.0409313 0.0922764 0.0545822
0.411763 0.249131 0.0303328 0.111351 0.0700062 0.127417
0.387329 0.0204439 0.374341 9.9991E-05 0.0474408 0.170345
0.36501 0.0167693 0.118723 0.143435 0.0708249 0.285238
0.479285 0.0892067 0.138997 0.0965377 0.0580499 0.137924
0.603075 0.0950003 0.0581705 0.1126 0.0162741 0.11488
0.443745 9.9991E-05 0.228438 0.0628135 0.0670881 0.197815
0.544172 0.167659 9.9991E-05 0.187616 0.0981585 0.00229467
0.667122 9.9982E-05 0.251341 0.0665874 9.9982E-05 0.0147494
0.0640992 9.9991E-05 0.268302 0.388023 0.163553 0.115923
0.481736 0.0208099 0.163228 0.102415 0.0440702 0.187741
0.46108 0.0583888 0.144598 0.069492 0.128009 0.138432
0.512193 0.134023 0.0700398 0.0465718 9.9991E-05 0.237072
0.236641 0.0827386 0.181251 0.219697 0.102906 0.176767
0.541382 0.0522052 0.190792 0.0893613 9.9991E-05 0.12616
0.555714 0.00752005 0.151666 0.147099 9.9991E-05 0.137901
9.9973E-05 9.9973E-05 0.470796 0.351539 9.9973E-05 0.177365
0.606338 9.9982E-05 0.189619 9.9982E-05 0.00792764 0.195916
0.564678 0.0194241 0.105878 0.0621456 0.0528726 0.195001
0.567908 9.9991E-05 0.0600367 0.0256674 0.156529 0.189759
0.582425 9.9982E-05 0.272611 0.013406 9.9982E-05 0.131359
0.540028 0.0981526 0.121879 0.0976341 9.9991E-05 0.142206
0.444737 0.142669 9.9991E-05 0.21217 0.163087 0.0372368
0.565259 0.10509 0.0642535 0.194035 0.0489436 0.0224193
0.0192765 0.0932191 9.9982E-05 0.573693 0.313612 9.9982E-05
0.0373494 0.101609 9.9982E-05 0.594218 0.266624 9.9982E-05
0.522341 0.0866627 0.103064 0.0725336 0.167227 0.0481715
0.440517 0.0233155 0.0609154 0.179198 9.9991E-05 0.295954
0.311869 9.9991E-05 0.0775767 0.208589 0.0245786 0.377287
0.235933 0.00808195 0.179753 0.309691 9.9991E-05 0.266441
0.320477 0.00336508 0.0946048 0.278891 0.0298717 0.272791
0.166549 0.00208759 0.00334956 0.749998 9.9991E-05 0.0779154
0.218018 9.9991E-05 0.0678682 0.611179 0.0308849 0.0719494
0.515538 9.9982E-05 9.9982E-05 0.258971 0.0814239 0.143867
0.489296 0.00527919 0.0106259 0.272861 0.0754855 0.146452
0.288714 9.9991E-05 0.0650028 0.519053 0.0493008 0.0778295
0.489772 0.0586666 0.0418927 0.22806 0.105252 0.076356
0.586601 0.0317942 0.00501664 0.231011 0.0357571 0.109819
0.391051 0.0926725 0.0737144 0.25843 9.9991E-05 0.184033
0.34219 0.072477 9.9982E-05 0.322346 0.262787 9.9982E-05
0.478019 0.0269613 9.9982E-05 0.36521 0.129609 9.9982E-05
0.539542 0.0973316 0.0364402 0.261412 0.0651741 9.9991E-05
0.389425 0.111578 0.0848814 0.240858 0.173157 9.9991E-05
0.421732 9.9991E-05 0.0299238 0.241528 0.0825607 0.224156
0.489665 9.9973E-05 9.9973E-05 0.402075 0.10796 9.9973E-05
0.249166 0.0787309 9.9982E-05 0.516219 0.155684 9.9982E-05
0.607827 0.0186726 9.9982E-05 0.205484 0.167817 9.9982E-05
0.221742 0.0925394 9.9982E-05 0.433729 0.251789 9.9982E-05
0.454025 9.9982E-05 0.00435584 0.393694 0.147725 9.9982E-05
0.481813 0.125638 0.0753969 0.0979411 0.134301 0.0849096
0.483897 0.0300411 9.9991E-05 0.237618 0.163807 0.084537
0.448219 0.0128901 0.127092 0.211865 9.9991E-05 0.199834
0.579936 0.0924273 0.149983 0.114407 9.9991E-05 0.0631463
0.375802 9.9991E-05 0.160838 0.184865 0.0165503 0.261845
0.3823 0.125332 0.139701 0.189874 9.9991E-05 0.162693
0.450199 9.9991E-05 0.231102 0.103522 0.0246297 0.190448
0.48782 0.0633043 0.114032 0.21162 0.00339244 0.119831
9.9982E-05 9.9982E-05 0.132855 0.636485 0.0411655 0.189295
0.551778 0.00447295 0.0533517 0.154163 9.9991E-05 0.236134
9.9973E-05 9.9973E-05 0.325287 0.546737 9.9973E-05 0.127676
0.449083 9.9991E-05 0.0313973 0.172619 0.107755 0.239045
0.140107 9.9973E-05 9.9973E-05 0.539139 0.320454 9.9973E-05
9.9973E-05 0.0345573 9.9973E-05 0.578981 0.386161 9.9973E-05
0.475271 0.0591836 9.9982E-05 0.22095 0.244395 9.9982E-05
0.679414 9.9982E-05 0.00735401 0.154891 0.158141 9.9982E-05
0.441104 0.0515807 9.9982E-05 0.34847 0.158645 9.9982E-05
0.571654 9.9982E-05 0.00175446 0.224173 0.202218 9.9982E-05
0.584734 0.00696738 9.9982E-05 0.261036 0.147062 9.9982E-05
0.0854959 0.0673461 0.76676 9.9991E-05 0.0207725 0.0595252
0.00431513 0.111712 0.720144 0.058452 9.9991E-05 0.105277
9.9973E-05 0.03965 0.893633 9.9973E-05 9.9973E-05 0.0664172
0.0680418 9.9964E-05 0.931558 9.9964E-05 9.9964E-05 9.9964E-05
0.481831 0.0353186 0.0668695 0.000410365 0.399329 0.0162414
0.513739 9.9982E-05 0.114289 0.00556374 0.366209 9.9982E-05
0.501609 0.0571403 9.9973E-05 9.9973E-05 0.440951 9.9973E-05
0.589555 9.9973E-05 0.147237 9.9973E-05 0.262908 9.9973E-05
0.471366 0.078233 0.0353342 0.0708678 0.242235 0.101963
0.208125 0.0731419 0.0228697 0.0771239 0.618639 9.9991E-05
0.552174 9.9973E-05 0.0369865 9.9973E-05 0.410539 9.9973E-05
0.327431 9.9973E-05 9.9973E-05 0.128419 0.54385 9.9973E-05
0.438575 9.9982E-05 0.235438 0.103414 9.9982E-05 0.222373
0.277887 0.0725733 9.9991E-05 0.042548 0.476434 0.130457
0.346322 0.0697327 0.0251827 9.9991E-05 0.537413 0.0212492
0.486262 0.0942116 9.9982E-05 9.9982E-05 0.414814 0.00451274
0.418928 0.0487904 0.0284726 9.9982E-05 0.503609 9.9982E-05
0.510352 9.9973E-05 9.9973E-05 9.9973E-05 0.465863 0.023485
0.529016 9.9982E-05 0.0882936 9.9982E-05 0.32607 0.0564205
0.0175435 9.9973E-05 9.9973E-05 0.0494734 0.932683 9.9973E-05
0.278045 0.0377248 9.9982E-05 0.182269 0.501761 9.9982E-05
0.211392 0.0576206 0.0777439 9.9991E-05 0.651971 0.00117265
9.9964E-05 9.9964E-05 9.9964E-05 0.214618 0.784982 9.9964E-05
0.364401 0.0618635 0.0415444 9.9982E-05 0.531991 9.9982E-05
0.0990164 9.9973E-05 9.9973E-05 0.270377 0.630307 9.9973E-05
9.9964E-05 9.9964E-05 9.9964E-05 0.312636 0.686964 9.9964E-05
0.509705 0.0335533 0.0211489 9.9991E-05 0.361826 0.0736669
0.161485 0.113735 0.0764664 9.9982E-05 0.648114 9.9982E-05
0.431607 0.0501792 0.0299901 9.9991E-05 0.451753 0.0363711
0.679862 9.9991E-05 0.0828287 0.0208977 0.195788 0.0205241
0.473381 0.0825405 9.9982E-05 9.9982E-05 0.394755 0.0491227
0.37404 0.241085 9.9991E-05 0.249534 0.1045 0.030742
0.510715 0.0516807 0.0269638 0.00759567 0.402945 9.9991E-05
0.482726 0.094038 0.0456103 9.9982E-05 0.377426 9.9982E-05
0.281661 9.9973E-05 9.9973E-05 0.0480027 0.670036 9.9973E-05
0.534102 0.0553626 0.152087 0.124736 0.133612 9.9991E-05
0.0188555 0.286506 0.64087 0.0315148 0.0221542 9.9991E-05
0.0367262 0.134886 0.786121 9.9982E-05 0.0420668 9.9982E-05
9.9973E-05 0.118288 0.831109 0.0503025 9.9973E-05 9.9973E-05
9.9973E-05 0.150505 0.812531 0.0366643 9.9973E-05 9.9973E-05
0.0250195 0.239717 0.706776 0.0282872 9.9982E-05 9.9982E-05
0.0847493 0.122221 0.0728119 9.9982E-05 0.720018 9.9982E-05
0.0864825 0.1359 0.0814084 0.00469193 0.691418 9.9991E-05
0.132964 9.9973E-05 9.9973E-05 0.119584 0.747152 9.9973E-05
0.440156 0.0554774 0.0693157 9.9991E-05 0.30942 0.125531
0.55911 0.113204 0.0947629 9.9991E-05 0.18924 0.0435827
0.229456 9.9991E-05 0.0769323 0.0527543 0.606872 0.0338854
0.642278 0.00671601 9.9982E-05 9.9982E-05 0.301527 0.0492788
0.454229 9.9991E-05 0.0505897 0.0684242 0.414307 0.0123508
0.506428 0.0881552 0.067078 9.9982E-05 0.338139 9.9982E-05
0.644897 0.00160557 0.0468552 0.0481229 0.246919 0.011601
0.233619 0.0826002 9.9991E-05 0.00476169 0.667322 0.0115973
0.314394 0.0529475 0.0018701 9.9982E-05 0.630589 9.9982E-05
0.376582 0.184307 9.9973E-05 9.9973E-05 0.438811 9.9973E-05
0.639676 9.9982E-05 0.0931943 0.226416 9.9982E-05 0.0405135
0.355956 0.0446499 0.00973369 9.9982E-05 0.58946 9.9982E-05
0.489568 0.034005 0.0528299 0.00701605 0.416481 9.9991E-05
0.434931 9.9982E-05 0.0442229 9.9982E-05 0.123209 0.397437
0.286887 0.0953833 0.0222724 0.0836145 9.9991E-05 0.511743
0.418907 9.9982E-05 0.0868801 0.0819197 9.9982E-05 0.412094
0.288757 9.9982E-05 0.0961625 0.132334 9.9982E-05 0.482547
0.40042 0.081144 0.087999 0.163323 9.9991E-05 0.267014
0.421258 9.9991E-05 0.0359192 0.161491 0.331298 0.0499334
0.0516006 0.0252988 0.219809 0.071116 9.9991E-05 0.632076
0.341176 9.9982E-05 0.164739 0.0506707 9.9982E-05 0.443214
0.358649 9.9991E-05 0.129008 0.20173 0.10546 0.205053
0.639159 9.9973E-05 0.169611 0.190931 9.9973E-05 9.9973E-05
0.372992 0.124578 0.139549 0.23093 0.0755622 0.0563882
0.631547 0.0231073 0.0982431 0.246903 9.9982E-05 9.9982E-05
0.606648 0.0630175 0.085245 0.12716 0.0663841 0.0515447
0.263503 9.9982E-05 0.254944 0.0109441 9.9982E-05 0.470408
0.299415 0.114841 0.131043 9.9982E-05 9.9982E-05 0.454501
0.436361 9.9982E-05 0.0589111 0.0227308 9.9982E-05 0.481797
0.416761 0.0763642 0.136979 0.0853183 0.000791076 0.283786
0.282106 0.0159224 0.0958871 0.0718427 0.00839445 0.525847
0.39645 9.9982E-05 0.223532 9.9982E-05 0.117149 0.26267
0.27235 9.9982E-05 0.129994 0.0513259 9.9982E-05 0.546131
0.386772 9.9991E-05 0.0934084 0.0900922 0.0206387 0.408989
0.527689 0.0301598 0.0688479 0.340324 0.0328789 9.9991E-05
0.339149 0.0220165 0.171366 0.0883965 0.0374304 0.341641
0.151925 9.9982E-05 0.183808 0.0552979 9.9982E-05 0.608769
0.205344 0.0900828 0.0981094 9.9991E-05 0.171197 0.435166
0.232195 0.206138 0.135569 0.308754 0.117244 9.9991E-05
0.527666 0.0763727 0.00350083 0.205366 0.0325971 0.154497
0.439466 0.0624989 0.212871 0.0966384 9.9991E-05 0.188426
0.648132 0.0870116 0.0565163 0.113334 9.9991E-05 0.094906
0.530042 0.0612116 0.219358 0.0614023 0.127887 9.9991E-05
0.375195 9.9991E-05 0.262355 0.0399603 0.192049 0.130341
0.382445 9.9982E-05 0.253607 0.151029 9.9982E-05 0.212719
0.510652 0.0661399 0.0878186 0.0392019 0.141 0.155188
0.30902 0.0721157 0.0977141 9.9991E-05 0.0689793 0.452071
0.455056 9.9973E-05 0.0948816 9.9973E-05 9.9973E-05 0.449763
0.0977534 9.9982E-05 0.189646 0.0845946 9.9982E-05 0.627806
0.639004 0.0143075 0.0961819 0.190162 0.0136718 0.0466732
0.49282 0.0841752 0.0956587 0.276785 0.0504613 9.9991E-05
0.239318 9.9982E-05 0.0893977 0.647356 0.0237289 9.9982E-05
0.532883 0.0150698 0.203093 0.193504 9.9991E-05 0.0553501
0.468435 0.20799 0.0816993 0.153915 0.0623439 0.0256162
0.528146 9.9991E-05 0.219377 0.113936 0.0667969 0.0716442
0.582521 0.115116 0.0903532 0.123404 9.9991E-05 0.0885054
9.9973E-05 9.9973E-05 0.238737 0.543875 9.9973E-05 0.217088
9.9973E-05 9.9973E-05 0.265135 0.657573 9.9973E-05 0.0769926
0.293587 0.00824584 0.130701 0.404224 9.9991E-05 0.163142
0.0358526 9.9982E-05 0.297548 0.467718 9.9982E-05 0.198681
9.9973E-05 9.9973E-05 0.396093 0.354662 9.9973E-05 0.248945
0.419694 9.9982E-05 0.118862 0.34977 9.9982E-05 0.111474
0.466702 9.9991E-05 0.244517 0.180805 0.00533933 0.102536
0.232446 9.9982E-05 0.284897 0.378976 9.9982E-05 0.103482
0.125168 9.9982E-05 0.263452 0.484994 9.9982E-05 0.126185
0.55367 0.0374256 0.100247 0.235104 9.9991E-05 0.0734539
0.17938 9.9991E-05 0.227861 0.421051 0.0466693 0.124939
9.9973E-05 9.9973E-05 0.417918 0.536804 9.9973E-05 0.0449789
0.521673 0.117137 0.110945 0.112256 0.0103861 0.127603
0.306903 0.03392 0.114279 0.288903 9.9991E-05 0.255895
0.43047 0.0385056 0.263539 9.9991E-05 0.0649562 0.20243
0.594281 0.00331148 0.150684 9.9991E-05 0.0206509 0.230973
0.550741 9.9982E-05 0.14176 0.0813493 9.9982E-05 0.225951
0.478727 9.9982E-05 0.172435 0.0902512 9.9982E-05 0.258386
0.370145 9.9982E-05 0.331633 0.0890253 9.9982E-05 0.208996
0.547013 0.040802 0.213121 0.0562609 9.9991E-05 0.142703
0.462535 9.9991E-05 0.239608 0.0129142 0.0293676 0.255476
0.329305 0.0400814 0.256747 0.0871729 0.0274601 0.259234
0.268534 0.140336 0.121549 0.0178472 0.283615 0.168119
0.41996 0.0589086 0.117216 0.0689454 0.173666 0.161304
0.603631 0.06749 0.133708 0.0480362 9.9991E-05 0.147034
0.52729 9.9982E-05 0.122918 9.9982E-05 0.186368 0.163225
0.379318 0.0660149 0.286971 0.0585616 9.9991E-05 0.209034
0.528516 0.005284 0.234118 0.0273798 0.0206305 0.184072
0.149957 9.9982E-05 0.351394 0.27778 9.9982E-05 0.220669
0.556809 0.111861 0.123236 0.0292581 9.9991E-05 0.178735
0.233977 9.9982E-05 0.267129 0.241596 9.9982E-05 0.257097
9.9973E-05 0.115257 0.811096 0.0733472 9.9973E-05 9.9973E-05
0.0723343 0.798188 0.0384274 0.00816155 0.0755764 0.0073122
9.996E-05 0.9995 9.996E-05 9.996E-05 9.996E-05 9.996E-05
9.9964E-05 0.990704 0.00889638 9.9964E-05 9.9964E-05 9.9964E-05
0.0532984 0.946302 9.9964E-05 9.9964E-05 9.9964E-05 9.9964E-05
0.0087545 0.940094 0.00938254 9.9982E-05 9.9982E-05 0.0415694
0.0830239 0.916576 9.9964E-05 9.9964E-05 9.9964E-05 9.9964E-05
9.9964E-05 0.967426 0.0321739 9.9964E-05 9.9964E-05 9.9964E-05
9.9964E-05 0.813458 0.186142 9.9964E-05 9.9964E-05 9.9964E-05
9.9982E-05 0.0277416 0.900813 9.9982E-05 0.0248845 0.0463611
0.0783773 0.105749 0.793485 9.9982E-05 9.9982E-05 0.0221882
9.9973E-05 9.9973E-05 0.890208 9.9973E-05 0.0378494 0.071643
0.00686446 0.127729 0.827747 0.0374602 9.9982E-05 9.9982E-05
9.9982E-05 0.0179368 0.894848 9.9982E-05 0.0127348 0.0742803
9.9991E-05 0.0562197 0.897313 0.00114401 0.0254267 0.0197965
0.058351 0.0646331 0.752741 9.9982E-05 9.9982E-05 0.124074
0.0667248 9.9982E-05 0.864345 0.0219766 9.9982E-05 0.0467532
0.0671521 0.119539 0.694099 9.9982E-05 9.9982E-05 0.11901
0.00544112 9.9982E-05 0.9219 9.9982E-05 0.00302913 0.0694297
9.9973E-05 0.0223892 0.959743 9.9973E-05 0.0175677 9.9973E-05
9.9982E-05 0.0940992 0.847529 9.9982E-05 0.0113918 0.04678
0.0103606 0.023605 0.952676 9.9982E-05 9.9982E-05 0.0131585
0.0821468 9.9964E-05 0.917453 9.9964E-05 9.9964E-05 9.9964E-05
0.0105858 9.9982E-05 0.843815 9.9982E-05 0.0545334 0.0908663
0.0621842 9.9973E-05 0.837606 9.9973E-05 9.9973E-05 0.0999104
0.0914265 9.9973E-05 0.737864 9.9973E-05 9.9973E-05 0.17041
0.0912058 9.9982E-05 0.755186 9.9982E-05 0.0170824 0.136326
0.0112941 9.9982E-05 0.77487 9.9982E-05 0.0878488 0.125787
0.43767 0.148811 0.159768 0.229083 0.0245689 9.9991E-05
0.689792 0.095071 0.122727 0.0922106 9.9982E-05 9.9982E-05
0.482862 0.145532 0.126902 0.0411665 0.0680086 0.13553
0.180846 9.9978E-05 9.9978E-05 0.729062 0.0897919 9.9978E-05
0.571165 0.0948113 0.136962 0.122367 0.0745951 9.9991E-05
0.184693 9.9973E-05 0.108507 0.706499 9.9973E-05 9.9973E-05
0.645132 9.9982E-05 0.0811145 0.209366 0.0641874 9.9982E-05
0.349932 0.168035 0.123925 0.122368 0.23564 9.9991E-05
0.539012 0.080743 0.122662 0.102374 0.155108 9.9991E-05
0.495012 0.0746633 0.0754471 0.0216773 0.333101 9.9991E-05
0.490508 0.144306 0.0244223 0.25053 0.0901339 9.9991E-05
0.775053 0.0171409 0.0455088 0.162097 9.9982E-05 9.9982E-05
0.624854 0.175893 0.0756977 0.113737 9.9991E-05 0.00971877
0.0195069 0.449185 9.9991E-05 0.228679 0.221926 0.080603
9.9973E-05 0.125555 9.9973E-05 0.870797 0.00334847 9.9973E-05
0.211261 0.0233414 0.028618 0.73658 9.9982E-05 9.9982E-05
0.645175 0.107584 0.116154 0.10851 0.0224782 9.9991E-05
0.569219 0.037347 0.0935299 0.299704 9.9982E-05 9.9982E-05
0.569176 0.0285895 0.115153 0.196712 0.0902693 9.9991E-05
0.680691 9.9982E-05 0.11806 0.196111 9.9982E-05 0.00493813
0.610826 9.9982E-05 0.22797 0.0626191 9.9982E-05 0.0983853
0.542011 0.00907501 0.161435 9.9991E-05 0.104259 0.18312
0.106811 0.157025 0.392702 0.0981777 0.0659479 0.179336
0.578441 0.168449 0.137594 0.0588075 0.0566086 9.9991E-05
0.344553 0.113466 0.169261 0.0962523 0.115435 0.161034
9.9973E-05 9.9973E-05 0.402252 0.420127 9.9973E-05 0.177321
0.32784 9.9991E-05 0.247972 0.195042 0.0325413 0.196506
0.321933 9.9991E-05 0.34822 0.104007 0.0723891 0.153351
0.485224 0.131521 0.35702 9.9991E-05 0.00748142 0.0186536
0.418419 0.132778 0.180218 9.9991E-05 0.00104319 0.267442
0.562012 0.0106996 0.254969 0.0365683 9.9991E-05 0.13565
0.6238 0.0297027 0.0915076 0.100427 0.0449584 0.109604
0.428834 0.0138993 0.157477 0.183245 0.0468022 0.169742
0.258914 0.0227839 0.461069 0.00373932 0.0592119 0.194282
