0.93011 0.0345884 9.9973E-05 0.0350014 9.9973E-05 9.9973E-05
0.934066 0.0159074 9.9973E-05 0.049727 9.9973E-05 9.9973E-05
0.798895 9.9982E-05 0.0590754 0.0664337 9.9982E-05 0.0753955
0.767398 9.9973E-05 0.11601 0.116293 9.9973E-05 9.9973E-05
0.883447 9.9982E-05 0.0707494 0.00543687 9.9982E-05 0.0401666
0.608428 0.0176108 0.0804925 0.0636458 0.167469 0.0623544
0.78718 0.0103898 9.9991E-05 0.0214228 0.175825 0.00508214
0.740818 9.9982E-05 0.023873 0.0983318 0.136777 9.9982E-05
0.826093 9.99729E-05 9.99729E-05 0.0775469 0.0960601 9.99729E-05
0.688591 9.9991E-05 0.0621791 0.00874923 0.109222 0.131159
0.755042 9.9982E-05 9.9982E-05 0.117442 0.0603133 0.0670023
9.9982E-05 0.16024 0.0843858 0.471562 9.9982E-05 0.283612
9.999E-05 0.0637793 0.0783243 0.250349 0.0286109 0.578837
9.9991E-05 0.0768781 0.151115 0.512469 0.0374656 0.221973
0.0895062 0.124936 0.153776 0.313017 9.9991E-05 0.318665
0.0686837 0.0917821 0.148286 0.217813 0.0645631 0.408872
0.0639341 0.0989083 0.18133 0.145407 9.9991E-05 0.510321
9.999E-05 0.243102 0.0612935 0.248023 0.00914814 0.438333
0.142509 0.154934 0.121085 0.32192 9.9991E-05 0.259452
0.0225699 0.118274 0.0600704 0.637556 0.16143 9.9991E-05
0.0465955 0.208694 0.0970239 0.17327 0.0596888 0.414727
0.0360746 0.10978 0.064497 0.0677253 0.203885 0.518039
9.999E-05 0.200559 0.0773034 0.130397 0.0713121 0.520329
0.0139389 0.195212 0.116038 0.321339 0.0598187 0.293652
0.0874299 9.9991E-05 0.0881203 0.111687 0.0712175 0.641445
0.0288253 0.0691123 0.125702 0.216988 0.0663451 0.493027
0.0161012 0.208773 0.211638 0.514055 0.00226419 0.0471682
0.00565643 0.13463 0.230944 0.413757 0.0548524 0.16016
9.9991E-05 0.113663 0.0414545 0.401084 0.153824 0.289874
0.836545 9.9973E-05 0.0527336 9.9973E-05 9.9973E-05 0.110422
0.857828 9.9964E-05 9.9964E-05 9.9964E-05 9.9964E-05 0.141772
0.807515 0.0294793 0.0266147 9.9982E-05 9.9982E-05 0.136191
0.728047 0.0880406 0.0952121 9.9982E-05 9.9982E-05 0.0885004
0.0481002 0.180849 0.012292 0.171556 0.039797 0.547406
0.198405 0.200122 0.000775983 9.9982E-05 9.9982E-05 0.600498
0.0477515 0.302189 9.9973E-05 9.9973E-05 9.9973E-05 0.649759
0.134873 0.110611 9.9991E-05 0.521343 0.0543788 0.178694
9.9991E-05 0.535493 0.0553171 0.0073194 0.0981427 0.303627
0.0424039 0.193067 0.101952 0.213303 9.9991E-05 0.449174
9.9982E-05 0.197008 0.0273518 9.9982E-05 0.077991 0.697449
0.109292 0.0847733 0.0154774 0.085886 0.149622 0.554949
0.0871007 0.201997 0.0534789 0.0657842 0.0323005 0.559338
0.0421661 0.764621 0.019386 0.129559 9.9991E-05 0.0441684
0.0598943 0.147632 0.082895 0.00894799 0.143525 0.557106
0.0679787 0.270265 0.0309558 9.9991E-05 0.0435831 0.587117
0.115073 0.107165 0.0658267 0.0307594 0.109631 0.571545
9.9973E-05 0.693599 9.9973E-05 9.9973E-05 0.000253188 0.305848
0.0727291 0.295204 0.00715889 9.9982E-05 9.9982E-05 0.624708
0.13193 0.227829 0.0262644 9.9991E-05 0.0525655 0.561311
0.068771 0.582797 9.9973E-05 9.9973E-05 0.348132 9.9973E-05
9.9991E-05 0.269818 0.025957 0.386534 0.188327 0.129264
9.9991E-05 0.198611 0.0211626 0.221376 0.441537 0.117213
0.0572677 0.10074 9.9982E-05 0.170073 9.9982E-05 0.671719
0.0741937 9.9991E-05 0.130365 0.135124 0.0723162 0.587901
0.0881442 9.9991E-05 0.0485311 0.0275573 0.100972 0.734695
0.10481 0.190395 9.9991E-05 0.369519 0.128007 0.207169
9.9991E-05 0.0525512 0.0172872 0.23722 0.121659 0.571183
0.0209583 0.059805 0.0903431 0.129766 0.162491 0.536636
0.0913458 0.210075 0.0273287 0.191743 0.105214 0.374293
0.206938 0.156547 0.0620214 0.295325 0.191601 0.0875673
0.157001 0.259148 9.9991E-05 0.0186195 0.0761729 0.488959
0.0439809 0.110123 0.10931 0.262491 0.113413 0.360683
0.0436795 0.211367 9.9991E-05 0.516084 0.184567 0.0442021
9.9982E-05 0.132164 9.9982E-05 0.227346 0.102948 0.537342
9.9991E-05 0.103365 0.0708347 0.111647 0.116916 0.597138
0.0835936 0.0561846 0.0760826 0.116456 0.107734 0.559949
0.0552563 0.211698 0.0930088 0.239084 0.107497 0.293455
0.0342386 0.281213 0.0583529 0.119176 0.120507 0.386513
0.0616463 0.0600184 0.15285 0.212873 9.9991E-05 0.512512
9.9982E-05 0.270721 9.9982E-05 0.349437 0.200101 0.179541
9.9973E-05 0.458949 9.9973E-05 0.0150635 9.9973E-05 0.525688
0.0324974 0.744427 9.9982E-05 0.0903081 9.9982E-05 0.132568
0.0996526 0.153073 0.0729063 0.0481957 0.0789955 0.547177
0.00260534 0.84352 9.9982E-05 0.00451705 0.149157 9.9982E-05
9.9973E-05 0.821102 9.9973E-05 0.0227651 0.155833 9.9973E-05
9.9973E-05 0.78808 9.9973E-05 0.0400714 9.9973E-05 0.171549
0.0277489 0.451311 0.0140831 0.125796 9.9991E-05 0.380961
0.149388 0.189008 0.066659 0.0100518 0.0201017 0.564791
9.9991E-05 0.50068 0.136197 0.0569791 0.00897553 0.297068
0.0413055 0.664959 0.0272797 0.193903 9.9991E-05 0.0724533
0.0427984 0.513215 9.9982E-05 0.271729 9.9982E-05 0.172058
0.0877795 0.226701 0.081285 0.0453767 0.0535501 0.505308
0.0320355 0.639133 0.0797089 0.0696407 9.9991E-05 0.179382
0.0535748 0.449695 9.9991E-05 0.0534493 0.0487408 0.394441
9.9973E-05 0.600419 9.9973E-05 9.9973E-05 0.0178601 0.381421
0.00181078 0.682753 9.9982E-05 0.0105155 0.304721 9.9982E-05
0.00211524 0.372478 0.0668715 0.0267311 9.9991E-05 0.531704
0.808826 9.9982E-05 0.0226443 0.0647265 9.9982E-05 0.103603
0.928682 9.9964E-05 9.9964E-05 9.9964E-05 9.9964E-05 0.0709177
0.893313 9.9973E-05 0.0665808 9.9973E-05 9.9973E-05 0.0398067
0.948672 9.9973E-05 0.00702229 9.9973E-05 9.9973E-05 0.0440059
0.867003 0.0150758 0.0335173 9.9982E-05 9.9982E-05 0.0842034
0.902423 9.9982E-05 0.0350664 9.9982E-05 0.0237973 0.0385134
0.924783 9.9973E-05 0.00240172 9.9973E-05 9.9973E-05 0.0725152
0.171053 0.195224 0.0837151 0.11141 9.9991E-05 0.438498
9.9991E-05 0.217269 0.0952701 0.0711481 0.0709374 0.545276
0.0589366 0.746763 9.9991E-05 0.122983 0.0400185 0.0311994
0.0747838 0.134109 0.080112 9.9991E-05 0.138583 0.572313
0.0642439 0.428736 0.0176949 0.0824729 9.9991E-05 0.406752
0.093163 0.328422 0.0579947 9.9991E-05 0.00826046 0.51206
0.0814815 0.248547 9.9982E-05 9.9982E-05 0.115336 0.554436
0.0341768 0.499916 0.0738914 9.9982E-05 9.9982E-05 0.391816
0.0144622 0.743687 9.9973E-05 0.241551 9.9973E-05 9.9973E-05
0.111711 0.197489 0.0400393 0.0933108 0.0857909 0.471659
0.0162738 0.260957 9.9982E-05 9.9982E-05 0.0351822 0.687387
0.073684 0.0678071 0.130003 0.159723 0.0545821 0.5142
9.9982E-05 0.567914 0.0291012 9.9982E-05 0.169817 0.232967
9.9982E-05 0.438592 0.0277878 9.9982E-05 0.0855235 0.447897
0.0858211 0.370347 0.0380023 0.0595638 9.9991E-05 0.446166
9.9973E-05 0.673175 0.113729 9.9973E-05 9.9973E-05 0.212795
0.0933099 0.444582 9.9982E-05 0.0372146 9.9982E-05 0.424694
0.13173 0.154557 0.0758615 0.143762 9.9991E-05 0.49399
9.9991E-05 0.00924537 0.00513077 0.295994 0.342564 0.346966
0.107437 0.0103813 0.0612294 0.318828 0.0512695 0.450854
0.0986359 0.0485165 0.0769261 0.171997 0.0615971 0.542328
0.104222 0.165321 0.0886766 0.0544708 0.0594214 0.527888
0.00913158 0.00377804 9.9991E-05 0.333404 0.0810629 0.572523
9.9982E-05 9.9982E-05 0.0343516 0.212339 0.0474101 0.705699
0.0486313 0.0674758 9.9982E-05 0.342435 9.9982E-05 0.541258
0.154733 9.9982E-05 9.9982E-05 0.0290882 0.160631 0.655347
0.0624818 0.0711887 0.04698 0.0872003 0.0671935 0.664956
0.062805 0.0729818 9.9991E-05 0.202447 0.0720966 0.589569
9.9982E-05 0.0111497 9.9982E-05 0.354906 0.0161827 0.617562
0.0297028 9.9982E-05 9.9982E-05 0.191748 0.102969 0.67538
0.09439 0.0111871 0.0892934 0.0480624 0.137669 0.619398
9.99894E-05 0.00705851 0.0384981 0.309348 9.99894E-05 0.644895
9.9982E-05 9.9982E-05 0.147278 0.180834 0.11971 0.551978
0.0608117 0.0595036 0.0843494 0.179669 9.9991E-05 0.615566
0.140713 0.0163476 0.0616009 0.216519 0.207029 0.35779
0.0232655 0.0368165 0.0738045 0.107739 0.0887276 0.669647
0.0437933 9.9991E-05 0.0370021 0.145442 0.100357 0.673306
0.0137508 0.16281 0.0535371 0.386612 0.104285 0.279004
0.00912674 0.111938 0.0530084 0.314876 0.352109 0.158942
9.9991E-05 0.0452174 0.0902668 0.240049 0.0754948 0.548872
9.9991E-05 0.208044 0.0434569 0.351042 0.326661 0.0706956
0.011271 0.191955 0.0209429 0.449867 0.0545571 0.271407
0.0114312 0.24511 9.9991E-05 0.319445 0.0396254 0.384289
0.043318 0.25568 9.9982E-05 0.378455 9.9982E-05 0.322347
0.000385215 0.175816 9.9991E-05 0.506063 0.0120484 0.305588
0.0630546 0.163713 0.0945215 0.0744561 9.9991E-05 0.604154
0.164052 0.106498 0.0641219 0.0541017 0.0417865 0.56944
0.0716574 0.114475 0.0718898 0.234884 0.017373 0.489721
9.9991E-05 0.0893946 0.0550293 0.354537 0.275089 0.22585
0.162572 0.0583112 0.0378818 0.032738 0.181707 0.52679
0.0461926 0.101884 0.0887444 0.0357256 0.265344 0.46211
0.0870747 0.08924 9.9991E-05 0.149278 0.639061 0.0352464
0.136929 0.102757 0.048958 9.9991E-05 0.136919 0.574337
0.123101 0.166796 0.0192648 9.9991E-05 0.36357 0.327169
0.0401293 0.0768593 0.103838 0.0884549 0.173365 0.517353
0.0899053 0.126215 0.0211307 0.100207 0.430574 0.231969
0.0307971 0.0249142 9.9991E-05 0.117456 0.536766 0.289967
0.0250044 0.0921281 9.9991E-05 0.171596 0.238644 0.472527
0.110752 0.0879987 0.0670212 0.124807 0.162855 0.446566
0.106123 0.124083 0.0393229 0.0596167 0.211867 0.458987
0.0418086 0.214068 0.185277 0.0479413 0.510805 9.9991E-05
0.0931286 0.143062 0.067254 9.9991E-05 0.172396 0.524059
9.9982E-05 0.139367 9.9982E-05 0.11391 0.323424 0.423099
9.9991E-05 0.164286 0.0326314 0.102554 0.257416 0.443013
0.0865109 0.138114 0.153064 0.139151 0.00754421 0.475616
0.30373 9.9982E-05 0.275726 9.9982E-05 0.271345 0.149
0.500582 9.9973E-05 0.139058 9.9973E-05 0.360059 9.9973E-05
0.393766 9.9973E-05 0.11904 9.9973E-05 0.486895 9.9973E-05
0.33672 9.9982E-05 0.3432 9.9982E-05 0.243626 0.0762537
9.9982E-05 0.0635069 9.9982E-05 0.00677056 0.288123 0.6414
0.133825 0.0421062 9.9991E-05 0.111053 0.151354 0.561561
9.9982E-05 0.00475041 0.709969 0.0201109 9.9982E-05 0.264969
0.0413944 0.099736 0.419716 0.101966 9.9991E-05 0.337088
0.0316147 0.0633153 0.38641 0.0817926 0.0880387 0.348829
9.9982E-05 0.0337573 9.9982E-05 0.0375293 0.485663 0.44285
0.0457227 0.0518291 0.0361773 0.0579897 0.188656 0.619625
9.9982E-05 0.0520639 9.9982E-05 0.0367083 0.655682 0.255346
9.9991E-05 0.065867 0.022784 0.0344032 0.218336 0.65851
0.0238367 0.167982 9.9991E-05 0.0214405 0.275326 0.511315
9.9982E-05 9.9982E-05 0.0635649 0.0676873 0.23102 0.637528
9.9982E-05 0.110249 9.9982E-05 0.0587782 0.581971 0.248802
0.0690032 0.0973298 0.10356 0.0773351 0.0943528 0.558419
0.0185722 0.086354 9.9991E-05 0.0278312 0.197731 0.669411
9.9964E-05 0.014621 0.984979 9.9964E-05 9.9964E-05 9.9964E-05
9.9973E-05 0.0203268 0.899889 9.9973E-05 9.9973E-05 0.0794847
0.039696 0.00265443 0.647677 0.0466848 0.00871384 0.254574
0.0118892 9.9982E-05 0.720111 0.0127505 9.9982E-05 0.25505
0.046644 9.9982E-05 0.789433 9.9982E-05 0.0269776 0.136746
9.996E-05 9.996E-05 0.9995 9.996E-05 9.996E-05 9.996E-05
9.9973E-05 0.00296554 0.957607 0.0391275 9.9973E-05 9.9973E-05
9.9964E-05 9.9964E-05 0.863166 9.9964E-05 9.9964E-05 0.136434
9.9973E-05 0.0128565 0.964672 0.0221719 9.9973E-05 9.9973E-05
9.996E-05 9.996E-05 0.9995 9.996E-05 9.996E-05 9.996E-05
9.996E-05 9.996E-05 0.9995 9.996E-05 9.996E-05 9.996E-05
0.0709795 9.9973E-05 0.783655 9.9973E-05 9.9973E-05 0.145065
0.0513771 9.9982E-05 0.813187 9.9982E-05 0.0311251 0.104111
9.9964E-05 0.0208035 0.978797 9.9964E-05 9.9964E-05 9.9964E-05
9.9982E-05 0.129495 0.445836 0.170676 9.9982E-05 0.253793
0.0348305 9.9982E-05 0.597903 0.00981369 9.9982E-05 0.357253
0.0137105 9.9982E-05 0.733115 0.0468155 9.9982E-05 0.206159
9.9973E-05 9.9973E-05 0.886012 0.0618041 9.9973E-05 0.0518843
0.000565874 9.9964E-05 0.999034 9.9964E-05 9.9964E-05 9.9964E-05
0.0420695 9.9982E-05 0.898845 0.0293685 9.9982E-05 0.0295171
9.996E-05 9.996E-05 0.9995 9.996E-05 9.996E-05 9.996E-05
0.0402851 9.9991E-05 0.58634 0.0232882 0.0912937 0.258693
9.9982E-05 0.0428838 0.919825 0.0366029 0.000488449 9.9982E-05
0.325045 9.9973E-05 0.0690422 9.9973E-05 0.605613 9.9973E-05
0.147004 9.9991E-05 0.108787 0.167497 0.153627 0.422986
0.261288 0.0184622 0.0335329 9.9991E-05 0.219654 0.466963
0.164381 9.9991E-05 0.181739 0.0330373 0.486587 0.134155
0.130921 9.9991E-05 0.113542 0.100686 0.265335 0.389417
0.260966 0.0187953 0.133452 9.9991E-05 0.408917 0.17777
0.22957 0.106199 0.0182445 0.00234009 0.0876019 0.556044
0.136715 9.9982E-05 0.162486 9.9982E-05 0.377501 0.323098
0.126701 9.9991E-05 0.183786 0.0156413 0.288579 0.385193
0.107333 9.9982E-05 0.224437 9.9982E-05 0.293766 0.374265
0.172503 0.0978161 0.153718 0.00589057 0.0915375 0.478535
0.842945 0.00168753 9.9991E-05 0.0715261 0.0227467 0.0609949
0.91487 0.000508843 0.0686922 9.9991E-05 0.000902894 0.0149261
0.982594 9.9973E-05 9.9973E-05 9.9973E-05 0.0133417 0.00376479
0.953846 9.9973E-05 9.9973E-05 0.0319221 9.9973E-05 0.0139324
0.887537 9.9991E-05 0.000333127 0.0537527 0.0265958 0.0316819
0.863023 9.9973E-05 0.092018 9.9973E-05 0.0446592 9.9973E-05
0.897717 0.00494776 0.0530679 0.0222774 9.9991E-05 0.0218896
0.895701 9.9973E-05 9.9973E-05 9.9973E-05 0.0764751 0.0275243
0.903312 0.0600038 9.9973E-05 9.9973E-05 9.9973E-05 0.0363841
0.848041 9.9982E-05 0.122176 0.00262906 0.0269543 9.9982E-05
0.642421 0.117244 9.9973E-05 0.240034 9.9973E-05 9.9973E-05
0.596409 0.0765824 9.9973E-05 0.326709 9.9973E-05 9.9973E-05
0.52974 0.0318026 9.9982E-05 0.276106 0.162151 9.9982E-05
0.4981 0.112661 9.9982E-05 0.320265 0.0687736 9.9982E-05
0.0408126 0.293949 0.00175452 0.156853 0.0192768 0.487354
0.000129961 0.340833 0.0397956 0.02777 0.0621143 0.529358
9.9991E-05 0.17598 0.0759492 0.115262 0.0827815 0.549928
0.0631835 0.222483 9.9991E-05 0.234458 0.0591605 0.420615
0.00610073 0.07758 0.0141041 0.638604 0.0749965 0.188615
0.0085993 0.227001 0.129003 0.060044 9.9991E-05 0.575253
0.0316551 0.3109 0.0219633 0.02884 0.0302415 0.5764
9.9982E-05 0.306211 9.9982E-05 0.0852013 0.0945111 0.513876
9.9991E-05 0.566741 0.044331 0.0475707 0.0317584 0.309499
0.0830464 0.189915 9.9982E-05 0.124296 9.9982E-05 0.602543
0.062496 0.398007 0.0103053 0.107941 0.0193874 0.401864
9.9973E-05 0.752965 9.9973E-05 0.0786381 0.168097 9.9973E-05
0.0832239 0.159752 9.9991E-05 0.178733 0.0418206 0.53637
9.9991E-05 0.556775 0.000194994 0.00164493 0.228965 0.21232
9.9973E-05 0.335831 9.9973E-05 9.9973E-05 0.044629 0.61924
0.0770052 0.734842 9.9982E-05 0.130688 9.9982E-05 0.0572648
0.122024 9.9973E-05 9.9973E-05 0.723694 0.153981 9.9973E-05
0.134262 9.9982E-05 9.9982E-05 0.694926 0.061023 0.10959
0.0518043 9.9982E-05 9.9982E-05 0.849958 0.0871621 0.0108761
0.114545 0.00675637 9.9982E-05 0.833407 0.0450925 9.9982E-05
9.9982E-05 9.9982E-05 0.0501396 0.859604 0.0598175 0.0302388
0.0571778 9.9991E-05 0.0486706 0.766864 0.0472319 0.079956
0.866086 0.0324441 0.043349 9.9982E-05 9.9982E-05 0.0579213
0.855119 9.9982E-05 0.00991047 0.0743141 9.9982E-05 0.0604569
0.735654 9.9973E-05 0.138153 9.9973E-05 9.9973E-05 0.125893
0.743945 9.9982E-05 0.15398 0.0923412 9.9982E-05 0.00953398
0.785716 9.9982E-05 0.114347 0.0485852 9.9982E-05 0.0511522
0.422867 0.0219517 9.9973E-05 0.554881 9.9973E-05 9.9973E-05
0.448233 0.0382348 9.9982E-05 0.402212 0.111119 9.9982E-05
0.444446 0.062507 9.9982E-05 0.466068 0.0267792 9.9982E-05
0.851213 9.9973E-05 0.00790256 9.9973E-05 9.9973E-05 0.140584
0.363955 0.0837006 9.9982E-05 0.456829 0.0953161 9.9982E-05
0.163205 9.9982E-05 0.398039 9.9982E-05 0.167451 0.271105
0.139487 9.9982E-05 0.236273 0.0731735 9.9982E-05 0.550867
0.211472 9.9973E-05 0.292331 9.9973E-05 9.9973E-05 0.495898
0.229887 0.0143723 0.208898 0.0408683 0.143919 0.362056
0.135968 0.0787284 0.157886 9.9991E-05 0.0758884 0.551429
0.456254 9.9973E-05 0.330641 9.9973E-05 0.212805 9.9973E-05
9.9982E-05 0.126715 9.9982E-05 0.265087 0.116646 0.491353
0.000365766 0.0335245 0.00621288 0.217618 0.291834 0.450446
0.097368 0.035585 0.0412425 0.517796 0.00855938 0.299449
9.9982E-05 0.101147 9.9982E-05 0.204555 0.221658 0.47244
9.9973E-05 0.181257 9.9973E-05 0.183537 0.634906 9.9973E-05
0.107088 9.9982E-05 9.9982E-05 0.0485702 0.163455 0.680687
0.000267999 0.0575676 9.9991E-05 0.222346 0.182513 0.537206
0.0282143 0.122345 9.9991E-05 0.460543 0.0229213 0.365877
0.0767606 0.0789428 0.0490065 0.184572 0.0273594 0.583358
9.9982E-05 0.1921 9.9982E-05 0.245495 0.421911 0.140294
9.9991E-05 0.160853 0.0447237 0.143633 0.219411 0.43128
0.0285064 0.0613256 0.0286069 0.33293 0.0122156 0.536415
0.185155 0.127758 0.179598 0.0578883 0.111897 0.337704
9.9982E-05 0.107065 9.9982E-05 0.236165 0.195971 0.460599
9.9991E-05 0.0962138 0.0508613 0.29733 0.0700941 0.485401
9.9991E-05 0.205591 0.174308 0.178549 0.109114 0.332338
0.0715783 0.119575 9.9991E-05 0.164004 0.119282 0.525461
9.9982E-05 9.9982E-05 0.0952881 0.149221 0.0797132 0.675578
0.0420294 0.133281 0.198635 0.162173 0.0239706 0.439911
0.0161041 0.0215283 0.10458 0.194048 0.126735 0.537005
0.791764 9.9973E-05 0.0827214 9.9973E-05 9.9973E-05 0.125215
0.836844 0.0737876 0.0486713 9.9982E-05 9.9982E-05 0.0404968
0.800286 0.0587231 0.0123118 0.0637715 9.9991E-05 0.0648073
0.821802 0.122084 0.0288129 0.0271012 9.9982E-05 9.9982E-05
0.881711 9.9964E-05 9.9964E-05 9.9964E-05 9.9964E-05 0.117889
9.9991E-05 0.0591142 0.0692203 0.615663 0.101674 0.154228
0.0286036 0.0767338 0.0795121 0.185535 0.107478 0.522137
0.220255 0.0173513 0.10801 0.0354484 0.161933 0.457002
0.0704967 0.0764301 0.00709521 0.0564385 0.069415 0.720124
0.0904309 0.119366 9.9982E-05 0.195352 9.9982E-05 0.594651
9.9982E-05 9.9982E-05 0.0186029 0.334256 0.297733 0.349208
0.135817 0.0962616 9.9991E-05 0.565052 0.169848 0.0329212
0.0406916 0.0323493 9.9982E-05 0.342486 9.9982E-05 0.584274
0.0538507 0.0683777 0.00474767 0.503702 0.118656 0.250666
9.9991E-05 0.100185 0.109997 0.189376 0.165157 0.435186
0.165836 0.0754669 9.9991E-05 0.532249 0.0877677 0.13858
0.15472 0.0732875 0.0262763 0.172291 9.9991E-05 0.573325
0.0576908 0.00120573 9.9991E-05 0.543517 0.118155 0.279331
0.0179588 0.102375 0.0529335 0.276314 0.173289 0.377129
9.9991E-05 0.01526 0.0799634 0.107253 0.275565 0.521859
0.0151667 9.9982E-05 9.9982E-05 0.111702 0.527234 0.345697
0.0436626 0.101012 0.0147704 0.0419454 0.187784 0.610825
0.0731505 9.9982E-05 9.9982E-05 0.0454376 0.203108 0.678104
9.9973E-05 9.9973E-05 9.9973E-05 0.123521 0.424269 0.451911
0.0402854 0.116821 0.0609521 0.0862637 0.195006 0.500672
0.0291393 0.0132545 9.9991E-05 0.125573 0.27002 0.561913
9.9982E-05 0.0368287 9.9982E-05 0.0582819 0.738808 0.165881
9.9964E-05 9.9964E-05 9.9964E-05 9.9964E-05 0.670863 0.328737
0.00667122 0.0424196 9.9991E-05 0.0968264 0.296146 0.557837
9.9982E-05 0.0740705 9.9982E-05 0.0966215 0.584225 0.244883
9.9982E-05 0.0761551 9.9982E-05 0.1868 0.231623 0.505222
9.9991E-05 0.108055 0.0179044 0.632558 0.0128553 0.228527
9.9982E-05 0.0880513 9.9982E-05 0.366687 0.254186 0.290876
0.0129786 0.124646 0.10952 0.405482 9.9991E-05 0.347274
9.9982E-05 9.9982E-05 0.170312 0.247365 0.0752416 0.506882
9.9982E-05 0.192117 9.9982E-05 0.461728 0.0528303 0.293125
0.0421013 9.9991E-05 0.139743 0.227991 0.145802 0.444264
0.0176771 0.0310255 0.130161 0.165823 0.0858099 0.569503
0.00459659 9.9991E-05 0.0403906 0.279457 0.0827833 0.592672
0.0152429 0.167839 0.100754 0.270144 0.0132456 0.432774
9.9982E-05 0.19336 0.0918662 0.324948 9.9982E-05 0.389626
9.9982E-05 0.182327 0.131302 0.483266 9.9982E-05 0.202905
9.9991E-05 0.0235003 0.0495235 0.378397 0.122243 0.426236
9.9982E-05 9.9982E-05 0.0232101 0.151489 0.0937423 0.731359
0.0386312 0.0144316 0.0580456 0.187776 0.0833675 0.617748
0.06719 0.0431421 9.9991E-05 0.23334 0.149656 0.506572
9.9982E-05 9.9982E-05 0.040597 0.295864 0.0802685 0.583071
0.0549356 9.9991E-05 0.0892036 0.362861 0.101457 0.391443
0.0600692 0.0756011 9.9982E-05 0.186358 9.9982E-05 0.677771
0.0391879 0.0302918 0.0816759 0.275646 0.0363765 0.536822
0.128739 0.0299592 0.091037 0.22145 0.000461177 0.528354
0.313254 0.0601365 0.140559 0.00660843 0.0669905 0.412451
0.159059 0.114526 0.230137 0.0161445 0.0306981 0.449436
0.151916 0.0876635 0.17518 0.0258143 0.0548629 0.504564
0.055238 0.110346 0.168142 0.049275 0.118928 0.49807
0.20681 0.0827551 0.204101 0.0160839 0.0496232 0.440627
9.9973E-05 9.9973E-05 9.9973E-05 0.201484 0.273092 0.525123
0.103558 0.0913087 0.224004 0.140483 9.9991E-05 0.440547
0.276887 0.107753 0.0503834 9.9991E-05 0.441938 0.122938
0.107262 0.117937 0.184223 0.130652 0.0347245 0.425201
0.128127 0.0344527 0.182204 0.0459699 0.0373262 0.57192
0.0438395 0.0575648 0.313518 0.0493015 0.136387 0.399389
0.207041 0.107553 0.153387 0.0917472 0.120803 0.319469
0.25497 0.0373793 0.184334 0.0508584 0.0688598 0.403598
0.10606 0.0823811 0.181349 9.9991E-05 0.113373 0.516737
0.443265 9.9973E-05 0.187767 9.9973E-05 0.368667 9.9973E-05
0.139417 9.9982E-05 0.23193 9.9982E-05 0.154691 0.473762
0.188904 0.0449566 0.241588 9.9991E-05 0.0502481 0.474204
0.143955 0.0527057 0.178168 0.0762095 0.0688206 0.480142
0.186979 9.9982E-05 0.14851 9.9982E-05 0.0613454 0.602966
0.216209 0.0455126 0.182514 0.011439 0.110059 0.434267
0.066 0.101403 0.0283384 0.0651698 0.178483 0.560606
0.0917171 0.126102 0.0588039 9.9991E-05 0.201196 0.52208
9.9982E-05 0.347565 9.9982E-05 0.146164 0.431649 0.0744224
9.9982E-05 0.190198 9.9982E-05 0.102732 0.609589 0.0972817
0.0208091 0.0398588 0.0711761 0.0700195 0.270258 0.527879
0.091395 9.9982E-05 0.353733 9.9982E-05 0.194713 0.359959
0.0658734 0.0345281 0.431595 9.9991E-05 0.172071 0.295832
0.159313 9.9982E-05 0.371425 9.9982E-05 0.328807 0.140256
0.220146 0.0269536 0.252214 9.9991E-05 0.156777 0.343809
0.0550687 9.9982E-05 0.0562356 9.9982E-05 0.689045 0.199451
0.047244 0.0759347 0.112701 9.9991E-05 0.507683 0.256337
9.9982E-05 0.101144 0.146861 9.9982E-05 0.208282 0.543512
0.0362417 0.0713312 0.0710373 0.00432265 0.220254 0.596813
0.105142 0.0733114 0.0542534 9.9991E-05 0.418159 0.349034
0.044639 0.0567049 0.171249 0.101274 0.142819 0.483314
9.9991E-05 0.0335436 0.146865 0.0204323 0.172284 0.626776
0.133041 0.0422367 0.129568 0.0670623 0.150338 0.477754
9.9982E-05 0.195052 9.9982E-05 0.0929896 0.342469 0.36929
9.9982E-05 0.166962 9.9982E-05 0.0956452 0.266407 0.470786
0.059374 0.0553944 0.0355232 0.102741 0.204663 0.542304
0.0503389 0.0740122 0.0396071 0.167541 0.290543 0.377958
0.0286693 0.118841 0.166288 0.175942 0.17349 0.336769
9.9982E-05 0.0453665 9.9982E-05 0.0229787 0.33809 0.593365
9.9982E-05 0.0494263 9.9982E-05 0.132851 0.468247 0.349275
0.0401424 0.193693 0.021564 9.9991E-05 0.171633 0.572868
9.9982E-05 0.206167 9.9982E-05 0.0653586 0.437103 0.291172
9.9982E-05 0.0282634 9.9982E-05 0.0811846 0.353346 0.537006
0.086613 0.12817 0.0846671 0.0708618 0.069632 0.560056
0.0431465 0.0727622 9.9991E-05 0.0371884 0.198705 0.648098
0.126387 0.0321147 0.202057 0.0235488 0.191395 0.424498
0.203916 0.0984311 0.1593 0.12363 0.0694272 0.345296
0.148458 0.0618571 0.261623 0.0671468 0.135462 0.325453
0.117935 9.9991E-05 0.211775 0.144212 0.1475 0.378478
0.166631 0.0420322 0.189468 0.109043 0.0648125 0.428013
0.132428 9.9991E-05 0.115369 0.0251238 0.23741 0.489569
0.174064 0.0281595 0.166097 0.0352117 0.586826 0.00964171
0.079877 9.9991E-05 0.276653 0.0967628 0.0382873 0.50832
0.359934 9.9973E-05 0.137165 9.9973E-05 0.502601 9.9973E-05
0.0195558 0.00241461 0.231303 0.0052234 0.198152 0.543351
9.9973E-05 0.336957 9.9973E-05 9.9973E-05 0.492951 0.169792
9.9973E-05 0.338435 9.9973E-05 0.0565262 0.604739 9.9973E-05
9.9982E-05 0.22929 9.9982E-05 0.0408445 0.204667 0.524999
9.9982E-05 0.0230332 0.0544911 9.9982E-05 0.26941 0.652865
9.9982E-05 0.0567324 9.9982E-05 0.048284 0.396796 0.497987
9.9982E-05 0.264234 0.00252075 9.9982E-05 0.19421 0.538835
9.9991E-05 0.124822 0.0411815 0.0245223 0.262845 0.546529
0.819518 0.00766253 0.0533215 0.0106228 0.00939244 0.0994832
0.681461 0.0076689 0.155495 0.145133 0.0101424 9.9991E-05
0.910539 9.9973E-05 0.0680626 0.021099 9.9973E-05 9.9973E-05
0.942019 9.9973E-05 9.9973E-05 9.9973E-05 0.0105624 0.0471183
0.0616329 0.354574 0.00979899 0.0559204 9.9991E-05 0.517974
0.0597208 0.482473 0.0516005 9.9982E-05 9.9982E-05 0.406005
9.9973E-05 0.515558 0.0243318 9.9973E-05 9.9973E-05 0.459811
0.0974989 0.202279 9.9982E-05 0.0121434 9.9982E-05 0.687879
0.137395 0.24156 0.0692681 9.9991E-05 0.0908396 0.460837
0.0310714 0.569892 9.9991E-05 0.122093 0.0912716 0.185572
9.9964E-05 0.383024 9.9964E-05 9.9964E-05 9.9964E-05 0.616576
0.022506 0.517791 9.9982E-05 9.9982E-05 0.137898 0.321606
0.253666 0.0386059 0.201109 9.9991E-05 0.0419954 0.464523
9.9991E-05 0.378023 0.0893928 0.0195515 0.106392 0.40654
0.0405763 0.630413 0.0279635 0.0848261 0.00117578 0.215045
0.0219057 0.4144 9.9982E-05 0.0289186 9.9982E-05 0.534576
0.0422342 0.521104 9.9982E-05 0.0380885 9.9982E-05 0.398374
0.00971821 0.263841 9.9982E-05 9.9982E-05 0.109305 0.616936
0.0914584 0.320894 9.9973E-05 9.9973E-05 9.9973E-05 0.587348
9.9973E-05 0.883964 9.9973E-05 9.9973E-05 0.111389 0.00434704
0.0128562 0.689432 0.00842923 9.9991E-05 0.0797964 0.209387
0.0488648 0.583328 0.0233969 0.0795278 9.9991E-05 0.264783
9.9964E-05 0.734668 9.9964E-05 9.9964E-05 0.264932 9.9964E-05
0.0404035 0.480175 0.0179407 0.0699728 9.9991E-05 0.391408
9.9973E-05 0.631985 9.9973E-05 9.9973E-05 0.278847 0.0888685
9.9964E-05 0.728511 9.9964E-05 9.9964E-05 0.271089 9.9964E-05
9.9982E-05 0.334655 0.027788 9.9982E-05 0.125519 0.511838
0.0516092 0.615379 0.0132979 0.137689 0.00459663 0.177428
9.9991E-05 0.472365 0.109322 0.101779 0.00821283 0.30822
0.142934 0.216669 0.103209 9.9982E-05 9.9982E-05 0.536988
0.0272877 0.457759 0.0332777 0.0541471 9.9991E-05 0.427428
9.9991E-05 0.0549237 0.0938726 0.358377 0.201511 0.291215
0.0228874 0.450203 0.0541242 0.0110388 0.0122438 0.449503
0.0614514 0.405074 0.095356 0.0290461 0.0126657 0.396407
9.9973E-05 0.691635 9.9973E-05 9.9973E-05 0.0198695 0.288195
0.0178452 0.261186 0.079678 0.11461 0.0602432 0.466438
0.630305 0.0220332 9.9982E-05 0.284972 0.0624901 9.9982E-05
0.763891 0.0957064 9.9991E-05 0.0808278 0.0370188 0.0224564
0.838192 0.00218204 9.9982E-05 0.100192 0.0592342 9.9982E-05
0.79934 9.9973E-05 9.9973E-05 0.162847 0.0375132 9.9973E-05
0.743401 9.9973E-05 9.9973E-05 0.232757 9.9973E-05 0.0235417
0.0794093 0.729499 0.0126961 0.114142 9.9991E-05 0.0641533
0.0691086 0.676454 9.9982E-05 0.187209 9.9982E-05 0.0670288
9.9973E-05 0.886818 9.9973E-05 9.9973E-05 0.044104 0.0687779
0.15445 0.18036 0.078957 0.0272257 0.00158586 0.557421
0.0752858 0.204963 0.152642 0.0827759 0.00582805 0.478505
0.083141 0.581047 0.0300875 9.9991E-05 0.0458478 0.259776
9.9991E-05 0.258573 0.0697864 0.0370777 0.0267093 0.607754
9.9982E-05 0.460969 0.0774931 9.9982E-05 0.0420821 0.419256
0.0270004 0.34843 9.9991E-05 0.0219714 0.0342094 0.568288
0.0458433 0.211943 0.0762731 0.0967848 0.0225808 0.546575
0.00696728 0.668409 0.036966 0.138255 9.9991E-05 0.149303
9.9973E-05 0.601898 9.9973E-05 0.0585299 9.9973E-05 0.339272
9.9973E-05 0.53504 9.9973E-05 0.1187 9.9973E-05 0.345961
0.0996123 0.0607518 9.9991E-05 0.044576 0.145195 0.649765
9.9973E-05 0.575845 9.9973E-05 0.0776518 9.9973E-05 0.346203
0.0823551 0.358262 0.009543 9.9991E-05 0.0526147 0.497125
0.0578736 9.9991E-05 0.357064 0.0598389 0.066212 0.458911
0.136927 0.00569906 0.436949 9.9991E-05 0.0422343 0.37809
0.0851978 9.9982E-05 0.46127 9.9982E-05 0.0300535 0.423279
0.110653 9.9982E-05 0.546204 9.9982E-05 0.137321 0.205622
0.0958887 9.9982E-05 0.330497 0.0453245 9.9982E-05 0.52809
0.0101578 0.247372 0.0499137 9.9991E-05 0.194023 0.498433
0.23426 9.9982E-05 0.666342 9.9982E-05 0.0712369 0.0279608
0.134401 0.0899547 0.494136 9.9991E-05 0.0136677 0.26774
0.147974 0.0601998 0.160441 9.9991E-05 0.222117 0.409168
0.173955 9.9982E-05 9.9982E-05 0.0138676 0.196888 0.61509
0.120786 0.0483408 0.0316825 0.0510843 0.298203 0.449903
0.101747 0.0422259 0.088467 0.0937696 0.0967119 0.577079
0.113529 0.0982132 0.0113943 0.0953342 0.151531 0.529998
0.210685 0.00143756 0.496333 9.9991E-05 0.0128314 0.278613
0.103725 0.0395038 0.415197 0.0627955 9.9991E-05 0.378678
0.054935 9.9973E-05 0.496223 9.9973E-05 9.9973E-05 0.448542
0.0888527 0.070699 0.32819 0.11158 9.9991E-05 0.400578
0.134887 0.0274609 0.569755 9.9991E-05 0.0403635 0.227434
0.142626 0.145725 0.324596 9.9991E-05 0.0417956 0.345158
0.115738 0.0584187 0.591643 9.9991E-05 0.0404023 0.193698
0.0652234 0.000554749 0.487529 0.0882627 0.0588739 0.299556
0.0572391 9.9973E-05 9.9973E-05 9.9973E-05 0.325849 0.616612
0.203548 0.0503003 0.342783 0.0584103 0.00943097 0.335527
0.124408 0.0325291 0.715508 9.9982E-05 9.9982E-05 0.127355
0.107141 0.0114421 0.41846 0.170488 0.00815137 0.284318
0.134059 0.0829205 9.9991E-05 0.283712 0.259434 0.239774
9.9991E-05 0.0592144 0.127471 0.0795167 0.234234 0.499464
0.134954 0.0501802 0.294292 0.0416595 0.00395997 0.474954
0.0931865 9.9982E-05 9.9982E-05 0.174182 0.0970785 0.635353
0.197992 0.1278 9.9982E-05 9.9982E-05 0.177838 0.496171
0.14637 0.182261 0.268601 0.0689745 0.0551046 0.27869
0.31731 9.9982E-05 0.205175 9.9982E-05 0.0888136 0.388501
0.114978 0.0300265 0.129033 9.9991E-05 0.114684 0.611178
0.131375 0.0816847 0.378595 0.00533687 9.9991E-05 0.402909
0.107282 9.9982E-05 0.410903 9.9982E-05 0.0866649 0.394951
0.266428 9.9973E-05 0.586405 9.9973E-05 9.9973E-05 0.146868
0.0920313 0.167923 0.102507 9.9991E-05 0.0792458 0.558193
0.0894493 0.150342 9.9991E-05 0.115147 0.171148 0.473814
0.125038 9.9973E-05 9.9973E-05 9.9973E-05 0.655606 0.219056
0.0968472 9.9991E-05 0.172627 0.0409181 0.162066 0.527441
0.0372544 9.9991E-05 0.0943237 0.288589 0.178789 0.400944
0.187082 0.0864554 0.162713 9.9991E-05 0.0739221 0.489727
0.157068 0.0642963 0.0599384 0.13257 0.116081 0.470046
0.257415 9.9973E-05 0.199586 9.9973E-05 0.542699 9.9973E-05
0.258771 9.9973E-05 0.120549 9.9973E-05 0.62038 9.9973E-05
0.146441 9.9991E-05 0.0908244 0.101919 0.346187 0.314528
0.288021 9.9982E-05 0.284858 9.9982E-05 0.408701 0.0182201
0.404995 9.9973E-05 0.231372 9.9973E-05 0.363333 9.9973E-05
0.0919191 0.0867513 0.201503 9.9991E-05 0.309404 0.310323
0.242063 0.0572725 0.117939 0.0865911 0.0916747 0.404459
0.285614 9.9991E-05 0.17679 0.0097068 0.312477 0.215312
0.309423 9.9982E-05 0.132527 9.9982E-05 0.429253 0.128597
0.0971118 0.0201125 0.107177 0.158365 0.127135 0.490099
0.232097 0.0709776 0.10827 9.9991E-05 0.401494 0.187061
0.405571 9.9973E-05 0.066071 9.9973E-05 0.528059 9.9973E-05
0.225844 0.0758559 0.165307 0.0179218 9.9991E-05 0.514971
0.184537 9.9991E-05 0.280822 0.0410579 0.193959 0.299524
0.307678 0.0724466 0.205532 0.0239206 0.000729316 0.389694
0.197716 0.0221811 0.237987 9.9991E-05 0.00023073 0.541785
0.206835 0.094254 0.20161 9.9991E-05 0.0029769 0.494224
0.122723 9.9991E-05 0.269155 0.0133822 0.0477894 0.546851
0.369184 9.9982E-05 0.233617 9.9982E-05 0.05702 0.339979
0.23037 0.04425 0.101419 0.0188976 9.9991E-05 0.604963
0.238019 0.0743837 0.318312 9.9982E-05 9.9982E-05 0.369086
0.287751 0.0183455 0.2304 0.0369366 0.118353 0.308214
0.193262 0.242571 0.120707 0.136413 0.00355406 0.303493
0.145539 0.126824 0.113958 0.0803395 0.0348924 0.498447
0.142992 0.00657099 0.18091 0.0579868 0.0414343 0.570106
0.115828 0.248003 0.102583 0.0563063 9.9991E-05 0.47718
0.280834 9.9991E-05 0.280445 0.0173265 0.0212121 0.400083
0.198041 9.9991E-05 0.195203 0.0338525 0.0370364 0.535767
0.335029 9.9982E-05 0.258847 9.9982E-05 0.262017 0.143907
0.127544 9.9982E-05 0.200677 9.9982E-05 0.176599 0.494979
0.278158 0.00791481 0.29568 9.9991E-05 0.199386 0.218761
0.788989 0.0581779 9.9982E-05 0.129245 0.0233877 9.9982E-05
0.120594 0.0412931 9.9982E-05 0.736087 9.9982E-05 0.101826
9.996E-05 9.996E-05 9.996E-05 0.9995 9.996E-05 9.996E-05
0.0248529 9.9964E-05 9.9964E-05 0.974747 9.9964E-05 9.9964E-05
9.9964E-05 9.9964E-05 9.9964E-05 0.933368 9.9964E-05 0.0662325
9.9964E-05 9.9964E-05 0.0703567 0.929243 9.9964E-05 9.9964E-05
9.9964E-05 9.9964E-05 9.9964E-05 0.867339 9.9964E-05 0.132261
0.0270531 9.9964E-05 9.9964E-05 0.972547 9.9964E-05 9.9964E-05
0.16846 9.9973E-05 0.0262177 0.805022 9.9973E-05 9.9973E-05
0.873295 9.9991E-05 0.0355241 0.0780171 0.0127865 0.000276859
0.813669 9.9982E-05 0.0220199 0.124684 9.9982E-05 0.0394273
0.893304 9.9982E-05 0.0505816 0.0032553 9.9982E-05 0.052659
0.805284 9.9982E-05 9.9982E-05 0.128574 0.0379379 0.0280038
0.885898 0.0196115 0.0675948 0.0266959 9.9982E-05 9.9982E-05
0.906143 9.9964E-05 9.9964E-05 0.0934566 9.9964E-05 9.9964E-05
0.746879 9.9982E-05 0.156836 0.0867713 9.9982E-05 0.00931411
0.872643 9.9982E-05 0.068691 9.9982E-05 0.00974818 0.0487173
0.690545 0.06564 0.0345367 0.138306 9.9991E-05 0.0708717
0.892604 0.0109238 0.0961721 9.9973E-05 9.9973E-05 9.9973E-05
0.955359 0.00100925 9.9982E-05 0.0352348 0.00819743 9.9982E-05
0.849845 0.0501447 0.0576218 0.0421888 9.9982E-05 9.9982E-05
0.951415 9.9973E-05 0.0158959 0.0323892 9.9973E-05 9.9973E-05
0.890741 9.9982E-05 0.0693563 0.0248494 0.0148536 9.9982E-05
0.864475 0.0295357 0.0146048 9.9982E-05 9.9982E-05 0.0911849
0.867442 9.9973E-05 0.0313796 9.9973E-05 9.9973E-05 0.100878
0.782431 9.9973E-05 0.12995 9.9973E-05 9.9973E-05 0.0873188
0.785594 9.9973E-05 0.0933281 9.9973E-05 9.9973E-05 0.120778
0.819283 0.0194475 0.0555272 9.9982E-05 9.9982E-05 0.105542
0.174656 0.0235105 9.9991E-05 0.131873 0.21716 0.452702
0.0679161 0.019892 9.9991E-05 0.0361909 0.130163 0.745738
0.126236 0.048785 0.0688627 0.0407116 0.105576 0.609829
0.0240017 0.0887753 9.9982E-05 9.9982E-05 0.673278 0.213745
0.102525 0.0289341 9.9991E-05 0.142648 0.163675 0.562118
0.139199 0.0321519 0.0256196 9.9991E-05 0.642439 0.160491
0.0668494 9.9982E-05 9.9982E-05 0.00503066 0.268368 0.659552
0.108399 0.0513513 9.9991E-05 0.117799 0.234443 0.487908
0.110929 0.108806 9.9982E-05 9.9982E-05 0.190161 0.589904
0.0656816 0.338439 9.9973E-05 9.9973E-05 9.9973E-05 0.59558
0.109098 0.11006 0.000252148 0.0916858 0.238562 0.450341
0.0575629 9.9991E-05 0.0230796 0.144078 0.111985 0.663195
0.109427 0.00469256 9.9991E-05 0.0605195 0.19239 0.632871
9.9991E-05 0.0678557 0.0243391 0.468763 0.302473 0.136469
0.0340485 0.00877237 9.9991E-05 0.124152 0.775456 0.0574712
0.0322429 9.9982E-05 9.9982E-05 0.0388397 0.684581 0.244136
0.100409 0.0759292 0.0217702 0.0894188 0.107008 0.605464
0.103051 9.9982E-05 9.9982E-05 0.0629344 0.239629 0.594186
0.144041 0.0683354 9.9991E-05 0.0179012 0.233867 0.535756
0.0676057 0.0221458 0.068359 9.9991E-05 0.182761 0.659028
0.196279 9.9982E-05 0.135385 9.9982E-05 0.142394 0.525742
0.216409 0.00412216 0.0792302 0.00598501 9.9991E-05 0.694153
0.391802 0.0189853 0.133168 0.148989 0.132541 0.174515
0.164025 0.0886004 0.0309148 0.0121666 0.0376804 0.666613
0.229014 0.0916391 0.13202 0.0452824 0.0300923 0.471952
0.41706 9.9973E-05 0.178372 9.9973E-05 0.404268 9.9973E-05
0.271455 9.9982E-05 0.232612 9.9982E-05 0.193064 0.302669
0.348896 0.183588 0.20472 0.0171389 0.00402712 0.24163
0.328113 0.0304629 0.0681723 0.105552 0.00995775 0.457742
0.174524 0.0192296 0.208464 0.110499 9.9991E-05 0.487184
0.242738 9.9991E-05 0.190005 0.0214801 0.0414463 0.504231
0.122904 0.084526 0.241102 9.9991E-05 0.0307053 0.520663
0.20227 0.0619849 0.149266 0.00511725 0.10924 0.472122
0.473006 9.9991E-05 0.115116 0.0173778 0.0238177 0.370583
