9.9973E-05 0.0758391 0.0165076 0.858276 0.049077 9.9973E-05 9.9973E-05
9.9973E-05 0.0246372 9.9973E-05 0.922546 0.0439311 9.9973E-05 0.00858552
0.0805674 0.0613688 0.0923799 0.742068 0.0234162 9.9982E-05 9.9982E-05
0.0316591 0.073343 0.052888 0.749472 0.092438 9.9982E-05 9.9982E-05
0.0956915 9.9955E-05 9.9955E-05 0.903809 9.9955E-05 9.9955E-05 9.9955E-05
0.0716547 0.00343964 0.0608468 0.617277 0.0701977 0.095495 0.0810894
9.999E-05 0.0196885 0.0303554 0.816456 0.0464436 0.0743206 0.0126361
9.9982E-05 0.0338319 0.0254313 0.714962 0.128949 0.0966264 9.9982E-05
9.99729E-05 9.99729E-05 9.99729E-05 0.830259 0.0303859 0.0950024 0.0440532
0.0727194 0.0345096 0.0492365 0.66247 0.0201582 0.160806 9.9991E-05
9.9982E-05 9.9982E-05 0.0115115 0.744966 0.11439 0.0588462 0.0700865
0.208049 9.9973E-05 0.113265 9.9973E-05 0.492653 9.9973E-05 0.185733
0.511435 0.0272849 0.00743808 0.0209849 0.263024 0.0661096 0.103723
0.185344 0.0573993 0.110762 9.9991E-05 0.419553 0.0867906 0.140051
0.237401 0.0391799 0.193804 0.0217022 0.358637 0.0564195 0.0928571
0.401365 0.0408708 0.0972083 0.109011 0.21486 0.0734355 0.0632481
0.60708 0.0444557 0.0543675 0.0793872 0.0475268 0.0731357 0.0940467
0.367219 0.0697016 0.0766472 9.9991E-05 0.197998 0.0373522 0.250982
0.254885 9.9982E-05 0.110585 0.14856 0.350105 9.9982E-05 0.135666
9.999E-05 0.0135348 0.0972572 0.0116932 0.622287 0.128626 0.126502
0.339293 0.000969549 0.0843228 0.0736473 0.246598 0.0644582 0.190711
0.496995 0.0591301 9.9982E-05 0.0120888 0.204475 0.227111 9.9982E-05
0.593778 9.9991E-05 0.00406421 0.0501072 0.178565 0.112533 0.0608526
0.241767 0.00978276 0.128582 9.9991E-05 0.360713 0.0720932 0.186962
0.636881 0.0409851 0.0562157 0.0792752 0.0769621 0.0540917 0.0555895
0.47915 0.0207225 0.113122 0.0408761 0.207104 0.0169043 0.122121
0.166345 0.033236 0.120463 9.9991E-05 0.509564 0.0303975 0.139895
0.0802447 0.00575669 0.24144 0.00596276 0.42403 0.00482388 0.237743
0.231642 9.9991E-05 0.0295141 0.0010116 0.412056 0.175847 0.149828
9.995E-05 0.9994 9.995E-05 9.995E-05 9.995E-05 9.995E-05 9.995E-05
9.995E-05 0.9994 9.995E-05 9.995E-05 9.995E-05 9.995E-05 9.995E-05
0.0850895 0.393827 0.0242451 0.481847 9.9982E-05 9.9982E-05 0.0147913
0.0794704 0.290489 0.0464269 0.516326 9.9982E-05 9.9982E-05 0.0670883
0.528566 9.9982E-05 9.9982E-05 0.0413795 0.0553284 0.0534715 0.321055
0.457765 9.9991E-05 0.105887 0.0353756 0.155539 0.0151188 0.230215
0.542196 0.000131482 0.0339106 0.0266855 9.9982E-05 9.9982E-05 0.396876
0.107733 0.0156677 0.0346161 0.0670193 0.603656 0.0403046 0.131003
0.236931 9.9991E-05 0.039122 0.0386218 0.0665268 0.00685797 0.61184
0.499594 0.00716258 0.0199288 0.125905 0.123583 9.9991E-05 0.223727
0.691901 9.9982E-05 0.0318048 0.00925653 9.9982E-05 0.0704391 0.196398
0.506658 0.0764488 0.0358522 0.0894603 0.0644132 0.0779043 0.149263
0.641764 0.02979 9.9991E-05 0.137917 0.146794 0.00229725 0.041338
0.0775641 0.0037141 0.0127837 0.0140862 0.188106 9.9991E-05 0.703646
0.669419 9.9982E-05 9.9982E-05 0.107049 0.0526858 0.108192 0.0624533
0.49254 0.0278185 0.112966 9.9982E-05 9.9982E-05 0.0054942 0.360982
0.575846 0.0817179 0.0422396 0.0120152 0.118628 0.115812 0.0537415
0.291931 0.0098678 9.9964E-05 9.9964E-05 9.9964E-05 9.9964E-05 0.697801
0.582238 0.0429178 0.0193611 0.0240863 9.9982E-05 9.9982E-05 0.331197
0.487203 0.0135892 0.187714 0.0704184 9.9991E-05 0.0059083 0.235067
9.9964E-05 9.9964E-05 9.9964E-05 0.088246 9.9964E-05 0.211312 0.700042
0.134726 9.9973E-05 9.9973E-05 9.9973E-05 0.425846 0.219162 0.219966
0.0828054 9.9982E-05 0.0282325 9.9982E-05 0.249448 0.461981 0.177333
0.556541 0.036637 0.0177974 0.126632 0.161216 9.9991E-05 0.101076
0.617601 0.0436156 0.00771413 0.136017 0.0454048 0.0576741 0.0919736
0.538403 9.9991E-05 0.0682694 0.045201 0.0730531 0.169277 0.105697
0.194442 0.0551082 9.9991E-05 0.0963851 0.338867 0.0442322 0.270865
0.566509 0.0351499 0.0174324 9.9991E-05 0.222469 0.015763 0.142577
0.587339 9.9991E-05 0.0795729 0.0847316 0.0101734 0.178449 0.059634
0.302572 0.0275648 0.0227391 0.10403 0.234244 0.187587 0.121263
0.0468243 0.0262069 0.0477844 0.181851 0.334889 0.24651 0.115933
0.450608 0.104656 0.081413 9.9991E-05 0.108733 0.139526 0.114964
0.426235 0.0282631 0.0426597 0.0768197 0.275248 0.0381748 0.1126
0.0391412 0.0860962 9.9982E-05 9.9982E-05 0.452031 0.225278 0.197253
0.492659 0.0277073 9.9982E-05 9.9982E-05 0.264277 0.0888785 0.126278
0.64166 9.9991E-05 0.0769079 0.0269759 0.132438 0.0811541 0.0407635
0.550862 0.0561048 0.0682194 0.0256473 0.17175 0.038656 0.0887603
0.24833 0.0620583 0.0529494 0.0158513 0.26966 0.117888 0.233262
0.49732 0.0669698 0.0505855 9.9991E-05 0.240931 0.0209664 0.123128
0.505015 0.0866762 0.0272485 0.0220284 0.197321 0.0252815 0.136429
0.190777 0.0885247 9.9982E-05 9.9982E-05 0.336109 0.236185 0.148204
0.492405 9.9964E-05 9.9964E-05 9.9964E-05 0.0261325 9.9964E-05 0.481063
0.143857 0.0648286 9.9973E-05 9.9973E-05 0.0599734 9.9973E-05 0.731041
0.499817 0.0294517 0.0429365 0.077198 0.0529384 0.0165644 0.281094
9.9955E-05 9.9955E-05 9.9955E-05 9.9955E-05 9.9955E-05 0.119082 0.880418
9.9964E-05 9.9964E-05 9.9964E-05 9.9964E-05 0.0153534 0.121678 0.862569
0.190693 9.9964E-05 0.0217182 9.9964E-05 9.9964E-05 9.9964E-05 0.787189
0.435848 0.0215946 9.9991E-05 0.0125267 0.0756347 0.0123812 0.441915
0.430319 0.0768313 0.0396278 0.100902 0.058925 9.9991E-05 0.293295
0.37699 0.00269709 0.0596571 9.9991E-05 0.0263088 0.0170016 0.517245
0.108737 9.9973E-05 0.10618 9.9973E-05 0.230438 9.9973E-05 0.554345
0.242031 9.9973E-05 9.9973E-05 0.0658507 0.193054 9.9973E-05 0.498765
0.429112 0.0128869 0.102689 0.061465 0.0704488 9.9991E-05 0.323298
0.178583 0.014281 0.070511 0.017401 0.0531736 9.9991E-05 0.66595
0.396736 0.0349905 9.9991E-05 0.0204682 0.0205955 0.00500341 0.522106
0.349301 9.9964E-05 9.9964E-05 9.9964E-05 9.9964E-05 0.0414711 0.608828
9.9964E-05 9.9964E-05 9.9964E-05 0.02127 9.9964E-05 0.225327 0.753003
0.551446 0.0336574 0.0618713 9.9991E-05 0.00649214 0.0741972 0.272236
0.0830705 0.0377379 9.9973E-05 0.79807 0.0808217 9.9973E-05 9.9973E-05
0.0727259 0.109792 9.9964E-05 0.817082 9.9964E-05 9.9964E-05 9.9964E-05
0.0772921 0.112815 0.0277742 0.781819 9.9973E-05 9.9973E-05 9.9973E-05
0.0135984 0.135251 0.0228055 0.815237 9.9982E-05 9.9982E-05 0.0129082
0.065184 0.106302 9.9973E-05 0.812272 9.9973E-05 9.9973E-05 0.0159413
0.066583 0.0316242 0.00204783 0.890826 9.9982E-05 9.9982E-05 0.00871854
0.0735338 0.060823 9.9964E-05 0.865243 9.9964E-05 9.9964E-05 9.9964E-05
0.415411 0.0537499 0.082275 0.0819885 9.9982E-05 9.9982E-05 0.366376
0.500676 0.0199266 0.0616835 0.0935324 0.0128923 9.9991E-05 0.311189
0.0136682 9.9973E-05 9.9973E-05 0.0543993 0.0822416 9.9973E-05 0.849391
0.618254 9.9991E-05 0.0628504 0.110029 0.0641909 0.0624077 0.0821683
0.430743 0.0389222 0.0384959 0.0115402 0.101896 9.9991E-05 0.378303
0.604621 0.0594257 0.0297347 0.0350852 9.9982E-05 9.9982E-05 0.270934
0.527543 0.0426934 9.9973E-05 0.0153433 9.9973E-05 9.9973E-05 0.41412
0.439259 0.0372358 0.0802503 9.9982E-05 9.9982E-05 0.00910993 0.433945
9.9964E-05 9.9964E-05 9.9964E-05 0.0683256 0.17324 9.9964E-05 0.758035
0.448411 0.0851335 9.9982E-05 0.169912 9.9982E-05 0.0812544 0.21509
0.666414 0.0293304 0.00920401 0.0649702 9.9991E-05 0.00342393 0.226558
0.480812 0.0859549 0.161391 0.0493405 0.108095 9.9991E-05 0.114306
0.281591 0.0265912 0.0150505 0.00832109 9.9991E-05 0.128186 0.54016
0.519262 0.00144746 0.00270463 0.0378475 9.9991E-05 0.054115 0.384524
0.451132 0.0175718 9.9982E-05 0.0237008 0.0827431 9.9982E-05 0.424653
0.280449 0.0437544 0.0712217 9.9982E-05 9.9982E-05 0.0055278 0.598847
0.395673 9.9973E-05 9.9973E-05 0.103172 0.0932418 9.9973E-05 0.407613
0.527641 9.9982E-05 9.9982E-05 0.177748 0.125854 0.0455921 0.122965
0.184216 0.0840507 9.9991E-05 0.0317487 0.27783 0.19757 0.224483
0.437435 0.030656 0.0521448 0.0679361 0.23615 0.0492154 0.126463
0.53456 0.0678664 9.9991E-05 0.0568637 0.243505 0.0104801 0.0866254
0.669645 0.0480681 0.0232992 0.082935 0.0579676 0.041843 0.0762421
0.487227 0.0769681 9.9982E-05 9.9982E-05 0.359542 0.00367279 0.0723903
0.538655 9.9991E-05 0.0340359 0.0366201 0.311886 0.0297649 0.0489381
0.507468 9.9973E-05 9.9973E-05 0.0248239 0.420702 9.9973E-05 0.0467063
0.536291 0.0232681 0.0279886 0.082612 0.179474 0.0452552 0.105112
0.569529 9.9991E-05 0.0694426 0.0886295 0.0774102 0.0849146 0.109974
0.572759 0.0425392 9.9991E-05 0.0610781 0.103469 0.0313951 0.188659
0.503155 0.0385691 9.9982E-05 0.0192322 0.384157 9.9982E-05 0.0546863
0.601008 9.9991E-05 0.0580982 0.0286246 0.2071 0.0376 0.0674694
0.524841 9.9991E-05 0.0502649 0.161872 0.121814 0.049501 0.0916065
0.62992 0.0147092 0.0808857 9.9982E-05 0.256218 9.9982E-05 0.018067
0.627227 0.074845 0.0142413 0.0124517 0.157321 0.113814 9.9991E-05
0.472759 0.0221652 0.0708557 9.9991E-05 0.183523 0.108279 0.142318
0.439678 0.035017 9.9991E-05 0.102355 0.214037 0.18702 0.0217923
0.57695 0.0523817 0.104123 0.0195251 0.197533 0.0256224 0.0238652
0.67571 0.000256367 9.9982E-05 0.0619898 0.152361 0.109483 9.9982E-05
0.192751 9.9982E-05 0.129294 9.9982E-05 0.418241 0.0104524 0.249062
0.167085 0.0117628 0.0387008 0.0067164 0.264631 0.392971 0.118133
0.579926 9.9991E-05 0.0211227 0.0633804 0.177379 0.0764389 0.0816528
0.181518 9.9973E-05 9.9973E-05 9.9973E-05 0.231581 0.398644 0.187956
0.270943 0.038578 0.00510855 0.0396601 0.418797 0.00618108 0.220732
0.419658 9.9973E-05 9.9973E-05 0.0125005 0.331761 9.9973E-05 0.235781
0.298998 0.0381229 9.9982E-05 0.00516595 0.3548 9.9982E-05 0.302713
0.322548 9.9982E-05 9.9982E-05 0.030744 0.417096 0.0366662 0.192745
0.572775 0.0459496 0.0829889 0.0394331 0.101364 0.00683608 0.150653
0.50056 9.9991E-05 0.0757377 0.0771967 0.223757 0.0133131 0.109335
0.610663 0.058953 9.9991E-05 0.0269459 0.135917 0.0612556 0.106166
0.183163 0.00197175 0.00689615 9.9991E-05 0.35531 0.296625 0.155934
0.548746 9.9991E-05 0.0312487 0.214696 0.0431987 0.0338917 0.128118
0.593387 9.9973E-05 9.9973E-05 0.00305406 0.0698306 0.333429 9.9973E-05
0.025466 0.043761 9.9991E-05 0.10343 0.13259 0.50337 0.191284
0.680561 0.00329989 0.0265165 0.109858 9.9991E-05 0.108489 0.071176
0.327462 0.0351659 0.0565462 0.0823674 0.0333882 0.250511 0.214559
0.483024 9.9991E-05 0.033321 0.10323 0.0464311 0.26716 0.0667333
0.3181 0.0310337 9.9991E-05 0.0783566 0.0533431 0.439153 0.0799139
0.186558 0.0640276 9.9982E-05 9.9982E-05 0.133663 0.526222 0.0893292
0.436727 0.0103988 9.9991E-05 0.077679 0.152145 0.233164 0.0897867
0.43515 9.9991E-05 0.130057 0.0481074 0.213884 0.138682 0.034019
0.498338 9.9991E-05 0.0193793 0.107321 0.0547036 0.204545 0.115613
9.9991E-05 0.0493256 0.163669 0.0187137 0.0959562 0.487466 0.184769
0.490452 0.0151077 0.0936392 0.136735 0.0593162 0.0810708 0.123679
0.408271 9.9973E-05 9.9973E-05 9.9973E-05 0.0959324 0.319187 0.176309
0.419479 9.9982E-05 0.0577941 9.9982E-05 0.075533 0.229939 0.217055
0.521832 0.0449768 0.09421 0.0912805 0.0899776 0.0736466 0.0840763
0.129034 0.104282 0.252339 0.229292 0.0479824 0.23697 9.9991E-05
9.9973E-05 0.0391424 0.117972 0.499929 9.9973E-05 0.342657 9.9973E-05
9.9973E-05 0.0587895 0.135469 0.375298 9.9973E-05 0.430144 9.9973E-05
0.0465937 0.0477529 0.341619 0.367965 0.0217386 0.174231 9.9991E-05
0.673791 9.9964E-05 9.9964E-05 9.9964E-05 9.9964E-05 0.267599 0.0582104
0.58653 0.0281804 0.0315811 0.112746 0.0644463 0.127231 0.0492847
0.211601 0.0212558 0.655255 9.9982E-05 0.0467995 9.9982E-05 0.0648887
0.252696 0.0548235 0.458952 9.9982E-05 0.181354 9.9982E-05 0.0519746
0.375227 9.9991E-05 0.371068 0.0582569 0.0816814 0.0442694 0.0693977
0.37443 0.0089694 9.9973E-05 9.9973E-05 9.9973E-05 0.476948 0.139352
0.521078 0.0738601 0.0402663 0.0261956 0.153207 0.185293 9.9991E-05
0.250629 0.00178329 9.9973E-05 9.9973E-05 9.9973E-05 0.681719 0.0655695
0.553353 0.0191734 0.0466037 0.00392705 9.9991E-05 0.259085 0.117758
0.512691 9.9982E-05 9.9982E-05 0.056973 0.00127791 0.255071 0.173787
0.63295 9.9973E-05 0.0214589 9.9973E-05 0.0809591 0.264332 9.9973E-05
0.232895 9.9973E-05 9.9973E-05 9.9973E-05 0.0513204 0.599772 0.115713
0.640853 0.000189394 0.0512956 0.119512 9.9991E-05 0.103784 0.0842664
0.556677 9.9991E-05 0.0601642 0.0858788 0.0226916 0.214859 0.0596297
9.9964E-05 9.9964E-05 0.993145 9.9964E-05 9.9964E-05 0.0014157 0.00503958
0.123332 9.9955E-05 0.876168 9.9955E-05 9.9955E-05 9.9955E-05 9.9955E-05
0.256997 0.0744511 0.534338 0.0273957 0.0342344 0.00454568 0.0680385
0.316955 0.0186095 0.664036 9.9964E-05 9.9964E-05 9.9964E-05 9.9964E-05
0.0618478 0.0229381 0.878005 9.9982E-05 0.00988172 9.9982E-05 0.0271272
9.995E-05 9.995E-05 0.9994 9.995E-05 9.995E-05 9.995E-05 9.995E-05
9.9955E-05 9.9955E-05 0.994271 0.0052294 9.9955E-05 9.9955E-05 9.9955E-05
0.144076 9.9955E-05 0.855424 9.9955E-05 9.9955E-05 9.9955E-05 9.9955E-05
9.9964E-05 0.0118017 0.934754 9.9964E-05 0.0530444 9.9964E-05 9.9964E-05
9.9955E-05 0.00586698 0.993633 9.9955E-05 9.9955E-05 9.9955E-05 9.9955E-05
9.9955E-05 0.0494414 0.950059 9.9955E-05 9.9955E-05 9.9955E-05 9.9955E-05
0.166563 0.0472181 0.751963 0.000816527 0.0332395 9.9982E-05 9.9982E-05
0.15504 9.9964E-05 0.785937 0.0586227 9.9964E-05 9.9964E-05 9.9964E-05
9.9964E-05 0.00372674 0.964413 9.9964E-05 9.9964E-05 9.9964E-05 0.0314607
0.385041 9.9973E-05 0.393754 0.0862933 9.9973E-05 9.9973E-05 0.134611
0.144567 9.9991E-05 0.678136 0.0137054 0.0972063 0.0359934 0.0302915
0.168604 0.00409078 0.753083 0.073922 9.9973E-05 9.9973E-05 9.9973E-05
0.0580545 0.0134861 0.871951 0.0115102 0.0447978 9.9982E-05 9.9982E-05
0.0126448 9.9964E-05 0.977209 0.00974613 9.9964E-05 9.9964E-05 9.9964E-05
9.9991E-05 0.0239432 0.906755 0.00839418 0.0397866 0.00914652 0.0118749
9.9964E-05 0.00235798 0.989833 0.00740905 9.9964E-05 9.9964E-05 9.9964E-05
0.269902 9.9982E-05 0.619543 0.0685956 0.00430061 9.9982E-05 0.0374586
9.9973E-05 9.9973E-05 0.904869 0.0211255 0.0411475 9.9973E-05 0.032558
0.00873882 9.9982E-05 0.0268903 0.355895 9.9982E-05 0.578898 0.0293779
0.43979 0.0481608 0.0538656 0.149614 0.0869662 0.221502 9.9991E-05
0.474794 0.00678269 0.00365035 0.2727 9.9991E-05 0.236136 0.00583753
0.208962 0.0756767 0.042672 0.180925 9.9991E-05 0.459318 0.0323459
0.372798 0.00342928 0.202676 0.118636 0.0995752 0.129512 0.0733739
0.21071 0.035945 0.11041 0.198676 9.9991E-05 0.395027 0.0491323
0.509377 9.9991E-05 0.0206794 0.189335 0.0517535 0.140669 0.0880857
0.345643 9.9973E-05 0.192784 0.0517483 9.9973E-05 0.409524 9.9973E-05
0.509779 0.0996016 0.10557 0.0957084 0.00178534 0.187455 9.9991E-05
0.371745 0.0731294 0.168908 0.0990507 9.9982E-05 0.286967 9.9982E-05
0.467451 9.9991E-05 0.0442883 0.230722 0.0335591 0.166979 0.0569005
0.0185306 0.00299414 9.9991E-05 0.816689 0.0885213 0.00845513 0.0647095
9.9973E-05 0.0654581 0.0514121 0.859916 9.9973E-05 9.9973E-05 0.0229141
9.9973E-05 0.0754034 9.9973E-05 0.908513 0.00920962 9.9973E-05 0.00657388
0.0268437 0.0291589 9.9982E-05 0.894345 0.0184004 0.0310523 9.9982E-05
0.0194198 0.158173 9.9973E-05 0.773223 0.0488834 9.9973E-05 9.9973E-05
9.9973E-05 0.0899167 0.0650148 0.825336 9.9973E-05 0.019433 9.9973E-05
9.9973E-05 0.0975372 0.112601 0.774201 0.0153604 9.9973E-05 9.9973E-05
0.0229566 0.0315665 9.9973E-05 0.856718 9.9973E-05 0.088459 9.9973E-05
0.00155266 0.0711517 0.0654177 0.814718 9.9982E-05 9.9982E-05 0.0469604
0.0343159 0.0234945 0.067849 0.860142 9.9982E-05 0.013999 9.9982E-05
9.9973E-05 0.0734353 9.9973E-05 0.567366 0.139043 9.9973E-05 0.219855
9.9973E-05 0.0459884 9.9973E-05 0.539377 0.319075 9.9973E-05 0.0952595
9.9982E-05 0.056092 9.9982E-05 0.5035 0.274069 0.112051 0.0540877
9.9973E-05 9.9973E-05 9.9973E-05 0.496717 0.331551 0.057863 0.113569
0.510762 0.0396014 9.9973E-05 9.9973E-05 0.152817 9.9973E-05 0.296519
0.528867 0.00135921 9.9991E-05 0.0259472 0.0172944 0.102794 0.323638
0.54246 0.0265403 0.0611804 9.9982E-05 0.178028 9.9982E-05 0.191592
0.429791 0.0324311 9.9991E-05 0.0231182 0.215183 0.0861581 0.213218
0.196815 9.9973E-05 9.9973E-05 9.9973E-05 0.573693 0.0689293 0.160262
0.494959 0.00790151 0.0875776 0.0332799 0.0418444 9.9991E-05 0.334338
0.552238 9.9982E-05 0.0360114 9.9982E-05 0.105009 0.0355122 0.271029
0.494648 0.0331808 9.9982E-05 9.9982E-05 0.130362 0.0678237 0.273785
0.357741 9.9973E-05 0.0391362 9.9973E-05 9.9973E-05 0.0693349 0.533488
0.614311 9.9982E-05 9.9982E-05 0.13803 0.118964 0.0414463 0.0870483
0.391676 0.0152765 9.9982E-05 9.9982E-05 0.190878 0.0314398 0.37053
9.9964E-05 9.9964E-05 9.9964E-05 9.9964E-05 0.0858094 0.181502 0.732289
0.404976 0.0235904 0.0785223 0.0613505 0.17081 0.00315965 0.257591
0.251135 9.9973E-05 9.9973E-05 9.9973E-05 0.0397084 0.217479 0.491378
0.598097 9.9973E-05 9.9973E-05 9.9973E-05 0.0416252 0.108823 0.251155
0.0804568 9.9973E-05 9.9973E-05 0.0220548 0.266835 9.9973E-05 0.630353
9.9964E-05 9.9964E-05 9.9964E-05 0.131732 0.689458 0.17841 9.9964E-05
0.066179 9.9973E-05 9.9973E-05 0.0905269 0.684277 0.158717 9.9973E-05
9.9973E-05 0.0125281 9.9973E-05 0.0531186 0.801673 0.13238 9.9973E-05
9.9964E-05 9.9964E-05 9.9964E-05 0.134986 0.799901 0.0647128 9.9964E-05
0.0102108 9.9973E-05 0.0301086 9.9973E-05 0.803133 0.156247 9.9973E-05
0.0847151 9.9982E-05 0.0467251 0.108709 0.685523 0.0741286 9.9982E-05
0.0819755 0.0574763 0.00787022 0.843535 9.9982E-05 9.9982E-05 0.00894258
0.101931 0.0451804 0.0112814 0.775859 0.0655481 9.9982E-05 9.9982E-05
0.098533 0.0703217 0.136077 0.686307 9.9982E-05 0.0085613 9.9982E-05
0.0209569 0.07866 0.131239 0.669489 0.0994545 9.9982E-05 9.9982E-05
0.0608581 0.0074079 0.12503 0.773339 0.0331643 9.9982E-05 9.9982E-05
9.9982E-05 0.0322395 9.9982E-05 0.381194 0.537937 0.0438797 0.00454966
9.9973E-05 9.9973E-05 9.9973E-05 0.487156 0.337548 0.120446 0.0545497
9.9973E-05 0.0252541 9.9973E-05 0.447388 0.405875 9.9973E-05 0.121183
9.995E-05 0.9994 9.995E-05 9.995E-05 9.995E-05 9.995E-05 9.995E-05
9.9973E-05 9.9973E-05 9.9973E-05 0.376127 0.480009 0.0710929 0.0724712
0.338525 0.013058 0.314329 0.224166 0.0162244 0.0935975 9.9991E-05
0.520121 0.040706 0.216489 0.1586 0.0638842 9.9982E-05 9.9982E-05
0.532118 0.0896979 0.2288 0.124014 0.0251696 9.9982E-05 9.9982E-05
0.373714 0.0232593 0.191894 0.266057 9.9991E-05 0.120247 0.0247283
0.452611 0.00665366 0.142352 0.197179 0.121772 0.0242343 0.0551981
9.9973E-05 0.00642252 0.272461 0.464954 9.9973E-05 0.255863 9.9973E-05
0.46007 0.0154085 9.9991E-05 0.0126628 0.359392 0.0625715 0.0897951
0.314039 9.9982E-05 9.9982E-05 0.00936567 0.231811 0.283404 0.16118
0.286326 0.0277803 9.9982E-05 0.0809713 0.518416 9.9982E-05 0.0863061
0.501057 9.9973E-05 9.9973E-05 9.9973E-05 0.144405 0.182699 0.17154
9.9964E-05 9.9964E-05 9.9964E-05 9.9964E-05 0.168635 0.577614 0.25335
0.436867 0.0161113 0.116099 0.0592005 0.125353 0.11373 0.132639
0.425703 0.0388241 9.9991E-05 0.0708782 0.190739 0.155998 0.117758
0.338723 0.00264746 9.9991E-05 0.00268246 0.42501 0.0773913 0.153446
0.530055 9.9991E-05 0.0144543 0.118383 0.123345 0.0388117 0.17485
0.164158 9.9973E-05 9.9973E-05 9.9973E-05 0.259153 0.364529 0.21186
0.562726 0.00657393 9.9991E-05 0.00257386 0.140353 0.276424 0.01125
0.52311 0.00918361 0.0500613 0.0313745 0.221881 9.9991E-05 0.16429
0.343556 9.9991E-05 0.187344 0.150273 0.113533 0.114306 0.0908886
0.377949 9.9973E-05 9.9973E-05 9.9973E-05 0.295938 0.249241 0.0765719
0.421037 9.9982E-05 0.0202055 9.9982E-05 0.252554 0.132208 0.173796
0.452804 9.9982E-05 0.0938862 9.9982E-05 0.182127 0.148068 0.122915
0.600989 0.0230085 0.00183807 0.0240069 0.118319 0.123875 0.107963
0.599747 0.0127369 0.0880073 0.0496409 0.128398 0.099832 0.0216379
0.447625 0.0219774 0.0866461 0.11882 0.12756 0.0448515 0.152519
0.586386 9.9982E-05 9.9982E-05 0.108997 0.118737 0.0811362 0.104544
0.148537 9.9964E-05 0.0730595 0.778003 9.9964E-05 9.9964E-05 9.9964E-05
0.0852921 0.0170751 0.0297601 0.860567 9.9982E-05 9.9982E-05 0.00710613
0.0351107 9.9991E-05 0.00409645 0.785051 0.101823 0.0654641 0.00835431
9.9982E-05 0.0378189 0.0720069 0.782441 0.0607375 9.9982E-05 0.0467956
0.089825 0.0628619 0.0354043 0.811609 9.9973E-05 9.9973E-05 9.9973E-05
0.109874 9.9982E-05 0.0722588 9.9982E-05 0.606526 0.0170473 0.194094
0.49159 9.9982E-05 0.094543 9.9982E-05 0.185383 0.165074 0.063209
0.429003 0.0223213 0.114984 0.213958 9.9991E-05 0.148601 0.0710329
0.573524 0.00213206 0.0882819 0.0420218 0.165624 0.031642 0.0967746
0.433769 0.0599746 0.0664151 9.9991E-05 0.18218 0.0341702 0.22339
0.323928 0.0511412 0.0179906 9.9991E-05 0.334032 0.264619 0.00818939
0.00203435 0.0376792 9.9991E-05 0.0758386 0.628261 0.154791 0.101296
0.486026 0.0179188 0.0218694 0.0296582 0.355768 0.0577291 0.031031
0.106088 0.0347564 0.0823142 0.00789531 0.57028 0.0883302 0.110336
0.365751 0.0110505 0.0633759 9.9991E-05 0.205097 0.134088 0.220538
0.111313 0.0213627 0.031162 0.0821327 0.615379 0.13575 0.00290092
0.616178 0.00219379 0.0934946 0.067992 0.211158 9.9991E-05 0.00888376
0.211618 0.00716831 0.00197039 0.0774685 0.520381 0.0897521 0.0916418
0.422994 0.00632697 0.0261399 9.9991E-05 0.312472 0.17648 0.0554869
0.51225 9.9991E-05 0.00262848 0.0304433 0.0952247 0.238264 0.12109
0.342028 9.9973E-05 0.00482387 9.9973E-05 0.142728 0.51012 9.9973E-05
0.603455 9.9982E-05 9.9982E-05 0.070546 0.0661453 0.225445 0.0342087
0.499179 0.04676 0.0619394 0.0658411 0.106308 0.0842634 0.135709
0.40635 9.9973E-05 9.9973E-05 9.9973E-05 0.0469272 0.539482 0.00694056
0.559341 0.0400491 0.0232674 0.0647986 0.132488 0.179956 9.9991E-05
0.585694 0.0183819 9.9991E-05 0.0166882 0.014502 0.264073 0.10056
0.148604 9.9973E-05 9.9973E-05 9.9973E-05 0.105786 0.62552 0.119789
0.299529 0.00186436 9.9982E-05 9.9982E-05 0.0369954 0.644083 0.0173276
0.587833 0.00606848 9.9973E-05 9.9973E-05 0.0942686 0.31153 9.9973E-05
0.187369 9.9973E-05 9.9973E-05 9.9973E-05 0.111854 0.514789 0.185688
0.491887 9.9982E-05 9.9982E-05 0.0193569 0.171073 0.260391 0.0570928
0.028495 0.00457267 0.0791785 9.9982E-05 0.633897 9.9982E-05 0.253657
0.243745 9.9982E-05 0.0223931 9.9982E-05 0.343797 0.208676 0.181189
0.290276 0.0639941 0.0703685 9.9991E-05 0.35295 0.00504567 0.217266
0.621749 0.0225261 0.0257469 0.0382181 0.124409 0.0465805 0.12077
0.218445 9.9982E-05 0.0421028 9.9982E-05 0.491468 0.015033 0.232752
0.435853 0.0152772 0.103405 0.0411272 0.166653 0.206468 0.0312172
0.539801 0.0721311 0.091828 9.9982E-05 0.228479 9.9982E-05 0.0675609
0.543964 0.00970253 0.141502 9.9991E-05 0.243701 0.0437944 0.0172358
0.349266 0.00982291 0.165037 9.9991E-05 0.369547 0.00397887 0.102249
0.407385 0.02609 0.0581406 0.00857399 0.321239 0.0795001 0.0990716
0.10939 0.0100277 0.114141 9.9982E-05 0.547118 9.9982E-05 0.219124
0.322888 9.9982E-05 0.0788441 9.9982E-05 0.474537 0.0514937 0.0720377
0.612373 0.0377288 0.0194916 9.9991E-05 0.260606 0.021705 0.0479954
0.605826 0.0841685 9.9982E-05 9.9982E-05 0.204361 0.0701518 0.0352923
0.335036 0.0353111 0.0360842 0.0579365 0.24129 0.140953 0.153389
0.564537 0.0139602 0.0245302 9.9991E-05 0.274607 0.0832467 0.0390188
0.471768 0.0374292 9.9982E-05 0.0587982 0.405881 0.0259235 9.9982E-05
0.608552 9.9982E-05 9.9982E-05 0.0328637 0.252312 0.00828249 0.0977899
0.506429 9.9991E-05 0.0635794 0.0253188 0.204876 0.0783946 0.121303
0.513132 0.0318754 0.0659538 0.0633623 0.210274 0.055368 0.0600352
0.39292 0.0472877 0.131199 0.296369 9.9991E-05 0.0992642 0.032861
0.383002 0.114318 0.175835 0.0757576 0.015647 0.0858769 0.149563
0.438021 0.120284 0.149275 0.0690271 0.0708459 0.140393 0.0121542
0.532134 0.0671871 0.135604 0.02676 0.0432768 0.0921524 0.102886
0.363154 0.0729154 0.197706 0.175848 9.9991E-05 0.0372629 0.153013
0.503437 0.0122128 9.9982E-05 9.9982E-05 0.228921 0.188027 0.0672024
0.494256 0.0215593 0.136624 0.179355 9.9982E-05 9.9982E-05 0.168005
0.0382754 0.00266768 0.148439 0.218879 9.9991E-05 0.511956 0.079683
0.442463 0.0166904 0.160963 0.159511 0.0764542 0.0262906 0.117628
0.534848 9.9991E-05 0.145496 0.128498 0.0764679 0.0318725 0.0827175
0.477892 0.00606242 0.242667 0.0168602 0.11012 0.100749 0.0456498
0.292806 0.0759979 0.127916 0.133084 0.0305742 0.191965 0.147657
0.537893 9.9973E-05 0.116887 0.158584 9.9973E-05 0.186335 9.9973E-05
0.648371 0.0431467 0.0845746 0.167191 9.9991E-05 0.0471327 0.00948457
9.9973E-05 0.0396269 0.187558 0.470324 9.9973E-05 0.302192 9.9973E-05
0.487083 0.126629 0.188521 0.146352 0.00124628 9.9991E-05 0.0500681
0.437236 9.9982E-05 0.256714 0.130445 9.9982E-05 0.127393 0.0480115
0.547801 0.0493193 0.165974 0.0381326 0.0129566 0.1079 0.0779168
0.525908 0.0786308 0.177298 0.137589 9.9982E-05 0.0803748 9.9982E-05
0.570577 0.0436888 0.142698 0.0993735 0.0840458 0.0350868 0.0245297
0.486226 0.0156841 0.0289338 0.00205128 0.0618241 0.163317 0.241964
0.548928 0.0285462 0.0475022 0.0513378 0.128743 0.109916 0.0850266
0.0419426 9.9973E-05 9.9973E-05 9.9973E-05 0.0738538 0.47728 0.406624
0.0464308 9.9973E-05 9.9973E-05 9.9973E-05 0.0288974 0.586395 0.337977
0.43833 0.0390088 0.172877 9.9991E-05 0.132628 0.211457 0.00560006
0.430599 9.9982E-05 0.278192 0.140307 0.00160672 0.149095 9.9982E-05
0.306253 0.0074481 0.322328 0.120222 9.9991E-05 0.164001 0.0796481
0.202484 0.0111721 0.275394 0.169611 9.9991E-05 0.316054 0.0251839
0.26451 0.114046 0.276625 0.131716 0.0242358 0.103668 0.0851995
0.140532 9.9982E-05 0.0950709 0.00431202 9.9982E-05 0.739268 0.0206169
0.229906 0.0132885 0.0711244 0.0575485 9.9991E-05 0.477209 0.150823
0.517279 0.0181366 0.116357 9.9982E-05 9.9982E-05 0.230736 0.117292
0.442512 9.9982E-05 0.116937 0.0328953 9.9982E-05 0.211598 0.195858
0.283035 0.0382281 0.0891352 0.0361308 9.9991E-05 0.377947 0.175424
0.524022 0.00531249 0.095775 0.0367758 0.0600728 0.143152 0.13489
0.571914 0.0255647 0.0967252 0.0354553 9.9991E-05 0.227728 0.0425124
0.454908 0.0472207 0.169809 0.0385157 9.9991E-05 0.16807 0.121377
0.424212 0.00483451 9.9982E-05 9.9982E-05 0.0973697 0.231955 0.241428
0.420185 9.9973E-05 9.9973E-05 9.9973E-05 0.067656 0.295393 0.216466
0.648646 0.02302 9.9991E-05 0.0225794 0.0309131 0.243211 0.03153
0.442405 0.0456035 0.0856842 0.00564008 0.0310705 0.181584 0.208013
0.469791 0.0314613 0.0809761 0.0382599 0.102571 0.246319 0.0306214
0.493353 0.00896906 9.9982E-05 9.9982E-05 0.00620878 0.35132 0.139949
0.314761 9.9973E-05 9.9973E-05 9.9973E-05 0.0725316 0.430015 0.182392
0.560836 9.9973E-05 9.9973E-05 0.0605768 9.9973E-05 0.102749 0.275538
0.258337 9.9973E-05 0.0175707 9.9973E-05 9.9973E-05 0.381372 0.342419
0.40323 0.0175002 0.0065827 9.9991E-05 0.02835 0.31173 0.232508
0.482775 0.0554394 0.0935771 9.9982E-05 9.9982E-05 0.12167 0.246339
0.41073 0.0628142 0.060814 9.9991E-05 0.135049 0.0809907 0.249502
0.546839 0.02426 0.125686 0.159227 9.9982E-05 0.143788 9.9982E-05
0.454645 0.0379288 0.156859 0.0819049 0.140606 0.127956 9.9991E-05
0.23609 0.0439407 0.346307 0.113881 0.107936 0.151745 9.9991E-05
0.326909 0.0704117 0.230026 0.09801 0.089403 0.185141 9.9991E-05
0.559387 0.0228697 0.065292 0.169684 0.125212 0.0574552 9.9991E-05
0.382068 0.0428912 0.171266 0.106911 0.0128913 0.258259 0.0257136
0.0143139 0.0294326 0.120066 0.175523 0.0389863 0.536304 0.0853741
0.624408 0.0441058 0.163125 0.0308401 0.0728823 0.0645396 9.9991E-05
9.9964E-05 9.9964E-05 0.13697 0.34292 9.9964E-05 0.519711 9.9964E-05
0.58236 9.9973E-05 0.179827 0.0481355 9.9973E-05 0.189377 9.9973E-05
0.158425 9.9964E-05 9.9964E-05 9.9964E-05 9.9964E-05 0.499194 0.341981
9.9973E-05 0.0144875 9.9973E-05 9.9973E-05 0.0119929 0.533341 0.439879
0.467265 0.0167741 9.99744E-05 9.99744E-05 9.99744E-05 0.231113 0.284548
0.610851 0.0422887 9.9973E-05 9.9973E-05 9.9973E-05 0.114159 0.232402
0.429474 9.9964E-05 9.9964E-05 9.9964E-05 9.9964E-05 0.270611 0.299515
0.523341 9.9982E-05 0.0075762 9.9982E-05 0.00262311 0.125305 0.340954
0.671697 0.000994604 9.9973E-05 9.9973E-05 9.9973E-05 0.192902 0.134106
0.025237 0.0902932 0.062265 0.734025 9.9982E-05 0.0879798 9.9982E-05
9.9982E-05 0.0560044 0.107123 0.676067 0.149896 9.9982E-05 0.0107091
9.9973E-05 0.0612333 0.0384495 0.833848 0.0661693 9.9973E-05 9.9973E-05
0.0408987 0.16345 9.9973E-05 0.782007 9.9973E-05 0.0133451 9.9973E-05
0.485918 0.0901054 0.0304852 0.000893004 0.0523856 9.9991E-05 0.340113
0.363946 9.9982E-05 0.173994 0.0412974 0.00704864 9.9982E-05 0.413514
0.507968 0.0407983 9.9964E-05 9.9964E-05 9.9964E-05 9.9964E-05 0.450834
0.651283 0.0355548 9.9982E-05 0.0622993 0.0498609 9.9982E-05 0.200802
0.444552 9.9991E-05 0.088564 0.0613586 0.157303 0.0967075 0.151414
0.197295 9.9982E-05 9.9982E-05 0.0600232 0.0967924 0.0473277 0.598361
0.584928 0.0492839 0.0128482 0.0141778 0.0283746 9.9991E-05 0.310287
0.331958 0.0380647 9.9973E-05 9.9973E-05 9.9973E-05 0.226631 0.403046
0.441174 9.9982E-05 0.152956 0.220295 0.0672001 0.118175 9.9982E-05
0.363767 9.9982E-05 0.0554411 9.9982E-05 0.0694742 0.119074 0.392043
0.304174 0.0303368 0.00122975 9.9982E-05 0.213277 9.9982E-05 0.450782
0.513247 9.9964E-05 9.9964E-05 9.9964E-05 0.0616372 9.9964E-05 0.424716
0.382688 0.024115 9.9973E-05 9.9973E-05 0.066776 9.9973E-05 0.526121
0.560744 0.0108953 9.9973E-05 9.9973E-05 9.9973E-05 0.0643941 0.363667
0.518576 0.030801 9.9973E-05 0.138664 9.9973E-05 9.9973E-05 0.311659
0.0617277 9.9964E-05 9.9964E-05 9.9964E-05 9.9964E-05 0.0130031 0.924869
0.225125 9.9991E-05 0.0267039 0.0103681 0.0189775 0.159462 0.559263
0.307095 0.0406626 0.0191423 9.9991E-05 0.0192642 0.0260442 0.587692
9.9955E-05 9.9955E-05 9.9955E-05 9.9955E-05 9.9955E-05 0.165207 0.834293
0.403588 0.0106374 9.9991E-05 0.0313412 0.0821532 0.0628468 0.409334
0.0855364 9.9973E-05 9.9973E-05 9.9973E-05 0.0281187 0.30739 0.578655
9.9964E-05 9.9964E-05 9.9964E-05 0.00521384 9.9964E-05 0.239606 0.75478
0.487053 0.0230404 0.0668698 0.0330655 0.0160024 0.0449489 0.32902
0.169964 9.9973E-05 9.9973E-05 0.0650366 0.0504499 9.9973E-05 0.71425
0.369438 0.0127856 0.091298 0.00346766 0.147277 0.0066049 0.369128
0.512906 0.0635782 0.0535236 0.0846719 0.0626493 9.9991E-05 0.222571
0.460256 0.00687231 0.0191774 0.0315327 0.0719267 9.9991E-05 0.410135
0.363213 0.00993125 0.0386634 9.9991E-05 0.199716 0.213044 0.175333
0.535186 9.9973E-05 0.0108866 9.9973E-05 0.110644 9.9973E-05 0.342984
0.45228 0.0483467 0.0124095 0.0538851 0.0652891 9.9991E-05 0.36769
0.290878 0.0404745 9.9973E-05 9.9973E-05 9.9973E-05 0.0132615 0.655086
0.588844 0.017109 0.0288993 0.0480428 0.136655 0.0294759 0.150974
9.9973E-05 0.0558371 9.9973E-05 0.582786 0.256039 0.105038 9.9973E-05
0.0612877 0.0611921 9.9982E-05 0.704193 0.113082 0.0600457 9.9982E-05
9.9973E-05 0.132081 9.9973E-05 0.701104 0.0960853 0.0704296 9.9973E-05
9.9973E-05 0.0906784 9.9973E-05 0.728071 0.126887 0.0540637 9.9973E-05
0.008905 0.0207424 9.9973E-05 0.730841 0.239212 9.9973E-05 9.9973E-05
0.049646 9.9982E-05 0.0401459 0.0439498 0.111924 9.9982E-05 0.754134
0.110938 0.0539863 9.9982E-05 9.9982E-05 0.114214 0.0369765 0.683685
0.132899 0.00972412 0.00838854 9.9982E-05 9.9982E-05 0.0513603 0.797428
0.444683 9.9991E-05 0.173985 0.165944 0.0137507 0.0700659 0.131472
0.532826 0.0677499 9.9991E-05 0.0864184 0.0790394 0.090436 0.14343
0.329995 9.9982E-05 0.00246294 0.0740996 9.9982E-05 0.015938 0.577305
0.568377 0.000142965 0.0526735 0.0325087 9.9991E-05 0.0408825 0.305315
0.337456 9.9973E-05 0.0440637 0.119644 9.9973E-05 9.9973E-05 0.498536
0.477701 9.9973E-05 9.9973E-05 0.0632935 0.0907403 9.9973E-05 0.367965
0.52751 9.9982E-05 0.0403148 0.0927391 0.0221795 9.9982E-05 0.317056
0.192114 9.9973E-05 0.0255394 9.9973E-05 0.0982515 9.9973E-05 0.683795
0.315104 0.0437559 9.9973E-05 9.9973E-05 0.0684166 9.9973E-05 0.572424
0.294277 9.9964E-05 9.9964E-05 9.9964E-05 0.166945 9.9964E-05 0.538379
0.672005 9.9973E-05 9.9973E-05 0.103786 0.0496125 0.174297 9.9973E-05
0.34992 0.0266914 9.9982E-05 0.0284985 0.0128805 9.9982E-05 0.581809
0.455349 9.9982E-05 0.0144841 0.0961001 0.058044 9.9982E-05 0.375822
0.45611 0.00727522 0.411255 0.0600746 0.00182576 9.9991E-05 0.0633592
0.379554 0.0179096 0.435174 0.106077 9.9982E-05 0.061085 9.9982E-05
0.444969 9.9973E-05 0.379725 0.146195 9.9973E-05 0.0288105 9.9973E-05
0.230395 0.0464287 0.514927 0.149365 9.9982E-05 0.0586845 9.9982E-05
0.488937 9.9982E-05 0.294821 0.137994 0.0750006 0.00304773 9.9982E-05
0.474692 0.0137125 0.0174341 0.0024405 9.9991E-05 0.178569 0.313053
0.052332 0.0391227 0.610355 0.226839 9.9982E-05 0.0711522 9.9982E-05
0.246266 0.0423258 0.518109 0.150661 9.9982E-05 0.0424384 9.9982E-05
0.402917 0.042087 0.191409 0.125246 9.9991E-05 0.120975 0.117267
0.608183 0.0306918 9.9982E-05 0.118945 0.0552132 0.186766 9.9982E-05
0.415932 0.0355015 0.0137397 0.0558629 0.0810158 0.389394 0.00855335
0.622432 0.0417027 9.9982E-05 0.0552692 0.083506 0.19689 9.9982E-05
0.595436 9.9991E-05 0.0249903 0.0401066 0.0608888 0.124825 0.153653
0.328692 9.9964E-05 0.48051 0.190398 9.9964E-05 9.9964E-05 9.9964E-05
0.383453 0.0728954 0.373667 0.0833801 0.0419748 9.9991E-05 0.0445292
0.440916 0.0348662 0.444375 0.0157857 0.0354217 0.0285353 9.9991E-05
0.38888 0.00412954 0.313179 0.154696 0.0143023 0.117918 0.00689592
0.208929 9.9982E-05 0.51773 0.166547 9.9982E-05 0.0904574 0.0161362
0.481996 0.0242235 0.190614 0.22244 9.9991E-05 0.0549632 0.0256632
0.155226 0.063683 0.534678 0.0843764 9.9991E-05 0.0967208 0.0652165
0.402307 0.0640631 0.409983 0.00540009 0.0510374 0.0671088 9.9991E-05
0.565296 0.0240129 9.9982E-05 0.0341996 0.080776 0.295516 9.9982E-05
0.350663 0.00587521 0.35363 0.166329 0.0632429 0.0204328 0.0398275
0.202885 0.0178361 0.582015 0.196965 9.9973E-05 9.9973E-05 9.9973E-05
0.330209 0.0215179 0.312235 0.192926 0.00874351 9.9991E-05 0.134268
0.177413 0.0454337 9.9991E-05 0.139605 0.278624 0.219053 0.139771
0.543336 0.0889349 0.0311729 9.9982E-05 0.084765 0.251591 9.9982E-05
0.38482 0.0273026 0.306494 0.160728 0.0558502 0.0647058 9.9991E-05
0.579997 0.012389 0.0211016 0.118359 0.0903812 0.177673 9.9991E-05
0.513472 0.0106045 0.0217349 0.118549 0.0571298 0.183984 0.094526
0.357768 9.9991E-05 0.202487 0.232971 0.0571136 0.0431911 0.106369
0.318073 0.0275589 0.297667 0.203004 9.9991E-05 0.089068 0.064529
0.521927 0.0773278 0.0490264 0.129633 0.0412463 0.137232 0.0436068
0.278015 0.0609586 0.393709 0.0602948 0.0483786 0.0375985 0.121046
0.427064 9.9964E-05 0.417654 0.154881 9.9964E-05 9.9964E-05 9.9964E-05
0.140156 0.0203106 0.563417 0.185932 9.9982E-05 0.0899847 9.9982E-05
0.632809 0.0838348 0.0573854 0.0192054 0.0494674 0.149067 0.00823112
0.49027 0.065071 9.9991E-05 0.0568391 0.132034 0.190204 0.065482
0.215973 0.107745 9.9964E-05 9.9964E-05 9.9964E-05 0.675882 9.9964E-05
0.616821 0.0535496 0.0510294 0.0909333 0.0759894 0.111577 9.9991E-05
0.429466 9.9973E-05 9.9973E-05 0.126684 0.263683 0.179868 9.9973E-05
0.400416 0.0163575 0.141178 0.202401 9.9991E-05 0.143936 0.0956123
0.413591 0.0580019 0.116718 0.0297308 0.0874145 0.20307 0.0914745
9.9964E-05 9.9964E-05 0.194043 0.299505 9.9964E-05 0.506052 9.9964E-05
9.9973E-05 0.0677612 0.102038 0.200911 9.9973E-05 0.62899 9.9973E-05
0.306508 9.9982E-05 0.121805 0.0997313 0.0695576 0.402198 9.9982E-05
0.00961149 0.0822244 0.19929 0.223752 9.9982E-05 0.484922 9.9982E-05
9.9964E-05 9.9964E-05 0.239945 0.400532 9.9964E-05 0.359123 9.9964E-05
0.412615 0.0334258 0.0797454 0.162767 0.0139206 0.259928 0.0375987
0.353749 9.9982E-05 0.158776 0.224051 9.9982E-05 0.223129 0.0400954
0.237776 0.0225836 0.128211 0.272768 9.9982E-05 0.338461 9.9982E-05
0.0831073 0.0537072 0.138392 0.212834 9.9982E-05 0.511759 9.9982E-05
0.393942 0.0443152 0.161062 0.0277929 0.119667 0.189927 0.063293
0.145892 0.12686 0.154903 0.0882295 9.9991E-05 0.455681 0.0283345
9.9964E-05 0.0618004 9.9964E-05 0.356047 9.9964E-05 0.581753 9.9964E-05
0.455029 0.0840257 0.140368 0.162661 0.101096 0.0567191 9.9991E-05
0.290031 0.0537734 0.269438 0.0595364 0.0210237 0.306097 9.9991E-05
0.387827 0.0230084 0.155696 0.306197 0.0735769 9.9991E-05 0.053594
0.609505 0.00451073 0.167684 0.218 9.9973E-05 9.9973E-05 9.9973E-05
0.538987 9.9982E-05 0.133867 0.253153 0.0242569 9.9982E-05 0.0495366
0.491695 9.9982E-05 0.207784 0.15495 9.9982E-05 0.124676 0.0206942
0.362977 0.0497989 0.191907 0.319568 0.0455167 0.0242874 0.00594587
0.484538 0.0358291 0.192913 0.15984 0.00473874 0.122041 9.9991E-05
0.50703 0.110261 0.13954 0.212955 0.00548328 0.0246313 9.9991E-05
0.314137 0.0844737 0.224834 0.19844 0.00679932 0.0940903 0.0772257
0.210648 9.9982E-05 0.135285 0.219703 0.111341 9.9982E-05 0.322823
0.552624 0.0445569 0.0300933 0.241985 0.038732 9.9991E-05 0.0919087
0.588871 0.0586411 0.0785037 0.155071 0.0364898 0.0304456 0.0519781
0.6745 0.0193192 0.0565306 0.149461 0.0613398 9.9991E-05 0.0387496
0.370496 0.0431297 0.242083 0.255489 0.0015961 0.0871058 9.9991E-05
0.500343 0.0479046 0.150938 0.19324 9.9991E-05 0.0304544 0.0770204
0.166723 0.00519636 0.203521 0.387038 9.9991E-05 0.229711 0.00771114
0.455197 9.9982E-05 0.266889 0.153301 0.109596 9.9982E-05 0.014817
0.218557 0.0508692 0.292487 0.229075 9.9991E-05 0.151635 0.0572771
9.9991E-05 0.0277775 0.00792723 0.762379 0.107408 0.0512835 0.0431242
0.173722 9.9982E-05 0.0257536 0.0718036 0.710571 9.9982E-05 0.0179492
9.9955E-05 9.9955E-05 9.9955E-05 0.0572012 0.942299 9.9955E-05 9.9955E-05
9.9955E-05 0.0312972 9.9955E-05 9.9955E-05 0.968203 9.9955E-05 9.9955E-05
0.0488336 9.9955E-05 9.9955E-05 9.9955E-05 0.950667 9.9955E-05 9.9955E-05
0.0116381 0.00925742 0.0494844 9.9973E-05 0.92932 9.9973E-05 9.9973E-05
0.0632649 0.0271826 9.9964E-05 9.9964E-05 0.909153 9.9964E-05 9.9964E-05
9.9964E-05 0.0603911 9.9964E-05 0.0167247 0.922484 9.9964E-05 9.9964E-05
9.9973E-05 0.0485943 0.00734287 0.157929 0.785834 9.9973E-05 9.9973E-05
0.0234534 0.0956031 0.00786471 0.830533 0.0423458 9.9982E-05 9.9982E-05
0.0621487 0.0893688 9.9973E-05 0.741563 0.106619 9.9973E-05 9.9973E-05
0.0205552 0.122787 0.0631799 0.757847 9.9982E-05 0.0354316 9.9982E-05
0.0130006 0.0331362 9.9982E-05 0.778791 0.154702 0.0201704 9.9982E-05
9.9973E-05 0.014731 0.0699335 0.871261 0.0437744 9.9973E-05 9.9973E-05
9.9982E-05 0.0214583 0.00172199 0.905668 0.0472485 9.9982E-05 0.0237037
0.0448271 0.0638122 0.146734 0.708962 0.0354648 9.9982E-05 9.9982E-05
0.0385214 0.0783913 0.0863392 0.795187 9.9982E-05 0.00136109 9.9982E-05
0.0932958 0.0566772 0.0209955 0.685124 0.0999706 9.9991E-05 0.0438369
0.00327448 0.0715638 0.0647595 0.860102 9.9973E-05 9.9973E-05 9.9973E-05
9.9964E-05 0.0838151 9.9964E-05 0.864539 0.0512458 9.9964E-05 9.9964E-05
0.0351072 0.052334 0.0837312 0.792892 9.9991E-05 0.0189999 0.0168354
0.014949 0.0270897 9.9973E-05 0.950311 0.0073504 9.9973E-05 9.9973E-05
0.0636691 0.0824212 9.9973E-05 0.827307 9.9973E-05 0.0263032 9.9973E-05
0.0561775 0.103 0.0531026 0.760956 9.9982E-05 9.9982E-05 0.0265634
0.128015 0.0364007 0.00945659 0.825828 9.9973E-05 9.9973E-05 9.9973E-05
0.131021 9.9964E-05 0.115577 0.753003 9.9964E-05 9.9964E-05 9.9964E-05
0.134237 0.0383336 0.0908045 0.736325 9.9973E-05 9.9973E-05 9.9973E-05
0.118632 0.0259358 0.0837135 0.771419 9.9973E-05 9.9973E-05 9.9973E-05
0.427791 9.9991E-05 0.0599406 0.16276 0.116998 0.16913 0.0632806
0.696232 0.0111495 9.9991E-05 0.0715705 0.0357526 0.132221 0.0529743
0.597633 0.0484981 9.9991E-05 0.160547 0.0644076 0.112494 0.0163201
0.173248 9.9982E-05 9.9982E-05 0.039503 0.0296357 0.667625 0.0897879
0.544343 0.036885 9.9982E-05 0.0656632 0.0613287 0.291581 9.9982E-05
0.149536 9.9973E-05 9.9973E-05 0.150803 9.9973E-05 0.694817 0.00454441
0.672499 9.9973E-05 0.0197308 0.0827514 9.9973E-05 0.224719 9.9973E-05
0.399848 9.9982E-05 9.9982E-05 0.0963116 0.105805 0.305306 0.0925303
0.516133 0.000929297 9.9991E-05 0.137193 0.0385643 0.157692 0.149388
0.387042 9.9982E-05 0.0897458 0.0834877 0.0414356 9.9982E-05 0.398089
0.476511 0.0264156 9.9991E-05 0.0323348 0.185827 0.248142 0.0306694
0.633284 0.0295163 9.9982E-05 0.084248 9.9982E-05 0.122815 0.129937
0.643 0.0602782 9.9991E-05 0.0408749 0.129291 0.112065 0.0143909
0.0426634 9.9982E-05 0.0275636 9.9982E-05 0.467047 0.270496 0.19203
9.9973E-05 9.9973E-05 9.9973E-05 0.0145758 0.0950304 0.868564 0.0215302
0.226948 9.9973E-05 9.9973E-05 0.057021 0.0031734 0.712558 9.9973E-05
0.635685 0.0408405 0.0527119 0.0318745 0.0869905 0.108746 0.0431514
0.54263 0.0402179 9.9991E-05 0.0957886 0.0437408 0.274165 0.00335817
0.549168 9.9973E-05 9.9973E-05 0.169098 9.9973E-05 0.183935 0.0974989
0.602363 0.0298184 0.0539238 0.0683946 9.9991E-05 0.0769115 0.168489
0.609247 9.9982E-05 0.118464 0.196791 9.9982E-05 0.0169363 0.0583617
