0.0750427 0.0084334 9.9973E-05 9.9973E-05 0.0406211 9.9973E-05 0.0280656 0.828489 0.0190482
0.0323842 0.0121398 9.9973E-05 0.0175434 9.9973E-05 0.0214637 0.0338272 0.882342 9.9973E-05
0.0624863 9.9964E-05 9.9964E-05 0.160945 0.0220231 9.9964E-05 9.9964E-05 0.737171 0.0169745
0.0452015 0.0034882 9.9973E-05 0.0808963 0.0534489 9.9973E-05 9.9973E-05 0.727199 0.0894659
9.9964E-05 9.9964E-05 9.9964E-05 0.0577644 0.0209286 0.0222532 9.9964E-05 0.853727 0.0449269
0.0423123 0.0021465 0.136786 0.0117165 0.126878 9.9991E-05 0.0421669 0.521898 0.115996
0.0280538 0.0967943 0.105956 9.9964E-05 0.00394699 9.9964E-05 9.9964E-05 0.76485 9.9964E-05
0.0271779 0.0131043 0.164373 0.011427 9.9973E-05 9.9973E-05 9.9973E-05 0.658558 0.12506
9.99729E-05 0.0215535 0.0254392 9.99729E-05 9.99729E-05 0.00448919 0.0764201 0.805772 0.0660258
0.0106906 0.0446871 0.0457741 0.104722 0.0677528 0.0340384 9.9991E-05 0.690582 0.00165283
9.9964E-05 0.079348 0.0847043 0.0406115 9.9964E-05 9.9964E-05 9.9964E-05 0.677444 0.117492
9.9946E-05 0.867624 9.9946E-05 0.0663122 0.0654644 9.9946E-05 9.9946E-05 9.9946E-05 9.9946E-05
0.0373686 0.363714 9.9955E-05 0.518266 9.9955E-05 9.9955E-05 9.9955E-05 9.9955E-05 0.0801509
0.056938 0.728245 9.9973E-05 0.0928979 0.0164474 0.0710514 9.9973E-05 0.0341206 9.9973E-05
0.0137667 0.723286 9.9955E-05 0.104102 0.158345 9.9955E-05 9.9955E-05 9.9955E-05 9.9955E-05
9.9973E-05 0.367006 0.0744693 0.259745 0.117863 9.9973E-05 0.0759399 0.104677 9.9973E-05
9.9973E-05 0.371571 0.0234864 0.445191 0.0979386 0.0218096 9.9973E-05 0.039703 9.9973E-05
0.0234795 0.354436 9.9982E-05 0.357572 0.0846073 0.0287144 0.129507 9.9982E-05 0.021484
9.9964E-05 0.608233 9.9964E-05 0.186311 0.0814878 9.9964E-05 0.0228085 0.10076 9.9964E-05
9.9955E-05 0.845494 0.0839409 9.9955E-05 9.9955E-05 9.9955E-05 9.9955E-05 0.0546345 0.0154303
0.0633111 0.298004 9.9982E-05 0.253291 0.0963388 0.105086 0.154838 9.9982E-05 0.0289303
0.020541 0.2846 0.168235 0.427313 0.0285992 0.0491294 0.0213833 9.9982E-05 9.9982E-05
0.00246472 0.165603 0.117681 0.552885 9.9982E-05 0.0526318 9.9982E-05 0.0277189 0.0808152
0.0234097 0.728482 0.0439732 0.188063 0.0156723 9.9964E-05 9.9964E-05 9.9964E-05 9.9964E-05
0.0265861 0.211341 0.0452457 0.474241 0.169563 0.00894528 0.0172208 0.0467572 9.9991E-05
0.00866437 0.495584 0.0286922 0.388987 0.0776731 9.9964E-05 9.9964E-05 9.9964E-05 9.9964E-05
0.0210256 0.849357 9.9955E-05 9.9955E-05 0.0892339 9.9955E-05 0.0398841 9.9955E-05 9.9955E-05
9.9964E-05 0.76142 9.9964E-05 0.012064 0.173951 9.9964E-05 0.0496764 0.00248879 9.9964E-05
9.9955E-05 0.778362 0.0226272 0.116376 9.9955E-05 0.0821348 9.9955E-05 9.9955E-05 9.9955E-05
0.999201 9.993E-05 9.993E-05 9.993E-05 9.993E-05 9.993E-05 9.993E-05 9.993E-05 9.993E-05
0.999201 9.993E-05 9.993E-05 9.993E-05 9.993E-05 9.993E-05 9.993E-05 9.993E-05 9.993E-05
0.357646 9.9964E-05 9.9964E-05 0.0919025 0.0565368 9.9964E-05 0.0136162 0.479899 9.9964E-05
0.25152 9.9964E-05 9.9964E-05 0.0619503 0.089758 9.9964E-05 0.0918877 0.504484 9.9964E-05
0.0233367 0.0677108 0.148242 0.496056 9.9991E-05 0.0172091 0.196984 0.0285069 0.0218545
9.9964E-05 0.0876346 9.9964E-05 0.462177 0.0358114 9.9964E-05 0.295628 0.118349 9.9964E-05
0.028842 9.9955E-05 9.9955E-05 0.521837 9.9955E-05 9.9955E-05 0.430395 0.0184266 9.9955E-05
0.0340655 0.585764 9.9982E-05 0.0376106 9.9982E-05 0.0580914 0.03761 0.109548 0.137111
9.9955E-05 9.9955E-05 0.0273635 0.361263 0.0202484 9.9955E-05 0.590625 9.9955E-05 9.9955E-05
9.9964E-05 0.166342 9.9964E-05 0.472662 9.9964E-05 0.0113394 0.217765 0.131492 9.9964E-05
9.9973E-05 9.9973E-05 0.0494874 0.66858 0.0338407 9.9973E-05 0.198259 0.0142331 0.0352999
0.00620294 0.011111 0.15977 0.545782 9.9982E-05 9.9982E-05 0.0955577 0.108436 0.0729402
0.0710347 0.080072 0.106698 0.54447 9.9973E-05 9.9973E-05 0.0763293 9.9973E-05 0.121096
0.0472387 0.100692 0.0351523 0.108552 9.9964E-05 9.9964E-05 0.707965 9.9964E-05 9.9964E-05
9.9973E-05 0.109497 0.236746 0.578811 9.9973E-05 9.9973E-05 0.000636948 0.0372613 0.0367478
9.9982E-05 0.0132294 0.0973815 0.561457 0.00952731 0.0362383 0.215095 0.0668708 9.9982E-05
0.080342 0.0974984 0.0236235 0.463115 0.064306 9.9991E-05 0.124294 0.0970435 0.0496776
9.9946E-05 9.9946E-05 9.9946E-05 0.303495 9.9946E-05 0.0356656 0.66024 9.9946E-05 9.9946E-05
0.0782172 9.9964E-05 9.9964E-05 0.590583 0.0229913 9.9964E-05 0.303031 0.00477732 9.9964E-05
0.0842686 0.010975 9.9982E-05 0.548282 9.9982E-05 0.0718736 0.189123 0.0832441 0.0120336
9.9955E-05 9.9955E-05 0.173579 9.9955E-05 9.9955E-05 0.0399752 0.67136 0.114586 9.9955E-05
9.9973E-05 0.395921 0.0938649 0.133037 9.9973E-05 0.076231 0.187717 9.9973E-05 0.11293
9.9973E-05 0.341409 0.357065 0.0300367 9.9973E-05 0.108076 0.142692 9.9973E-05 0.0204221
0.0589569 0.101186 0.0431376 0.438784 9.9991E-05 0.0819883 0.177904 0.0581489 0.0397948
0.00283156 0.219516 0.0169863 0.53159 0.0636377 0.0610345 0.00497304 0.0993307 9.9991E-05
0.0143396 9.9982E-05 0.0647721 0.594658 0.0317658 9.9982E-05 0.106051 0.117222 0.0709916
0.00862092 0.234719 0.0936736 0.185823 0.0156568 0.0887421 0.172615 0.0645155 0.135634
9.9982E-05 0.0772012 0.0234357 0.54446 0.0130046 0.106913 0.053339 9.9982E-05 0.181446
9.9982E-05 0.180589 0.0711023 0.538515 0.10801 9.9982E-05 0.00994118 0.0631628 0.0284797
0.0327403 0.275876 0.0808481 0.240598 9.9991E-05 0.0992663 0.134873 0.117817 0.0178814
0.0254031 0.475892 0.120066 0.0268765 9.9991E-05 0.0656674 0.0701132 0.192084 0.0237969
0.0261567 0.0425694 0.146636 0.473174 0.0112994 0.0111788 0.0595929 0.0648402 0.164552
9.9982E-05 0.21655 0.0436066 0.39254 9.9982E-05 0.125896 0.0666828 0.0798617 0.0746631
0.0586214 0.61984 0.117173 9.9964E-05 9.9964E-05 9.9964E-05 0.109657 9.9964E-05 0.0943086
9.9973E-05 0.382504 0.0352662 0.397914 0.027522 0.0668604 0.0896336 9.9973E-05 9.9973E-05
0.0240253 0.101852 0.041845 0.671294 0.0182881 0.11447 0.0191653 9.9991E-05 0.00896063
0.0931221 0.105595 0.020765 0.513809 9.9991E-05 0.109094 0.0685093 0.018605 0.0704006
0.0349227 0.34802 0.0734371 0.214098 0.0359666 0.115893 0.149586 0.00989185 0.0181854
0.0751679 0.347707 0.0374521 0.356245 0.0160644 0.0636114 0.103553 9.9982E-05 9.9982E-05
0.0886692 0.0468726 0.00577744 0.569805 9.9991E-05 0.112732 0.0682046 0.024777 0.083063
0.074663 0.441492 0.0990625 0.126015 9.9982E-05 0.0637931 0.119536 9.9982E-05 0.0752381
9.9946E-05 9.9946E-05 9.9946E-05 0.57161 9.9946E-05 9.9946E-05 0.354646 9.9946E-05 0.0731442
0.0199029 0.14061 9.9964E-05 0.162348 9.9964E-05 9.9964E-05 0.670537 9.9964E-05 0.00620256
9.9973E-05 9.9973E-05 0.0661063 0.583535 9.9973E-05 0.0832823 0.118395 0.114414 0.0339678
0.0146387 9.9955E-05 0.0838125 9.9955E-05 0.010879 9.9955E-05 0.89017 9.9955E-05 9.9955E-05
9.9955E-05 0.0910454 0.108612 9.9955E-05 9.9955E-05 0.070874 0.728969 9.9955E-05 9.9955E-05
9.9964E-05 9.9964E-05 9.9964E-05 0.276796 0.00271006 0.0489607 0.663979 9.9964E-05 0.00715457
9.9964E-05 0.0731197 9.9964E-05 0.373137 0.0134672 9.9964E-05 0.490986 9.9964E-05 0.0488906
0.0475979 0.00319262 0.0234083 0.47589 0.033975 0.044457 0.152849 0.0725374 0.146093
9.99643E-05 0.197952 9.99643E-05 0.357444 0.0406634 9.99643E-05 0.38513 0.0184108 9.99643E-05
9.9973E-05 0.073812 9.9973E-05 0.12655 0.0317171 9.9973E-05 0.642505 0.0341636 0.0909528
0.00647955 9.9964E-05 9.9964E-05 0.225772 9.9964E-05 9.9964E-05 0.494012 0.0178258 0.25551
9.9973E-05 9.9973E-05 9.9973E-05 0.536394 0.04004 0.0430804 0.203417 0.0603146 0.116454
0.00278636 0.0484872 9.9973E-05 0.246343 0.00759546 9.9973E-05 0.660516 9.9973E-05 0.0339724
0.0345138 9.9973E-05 0.0664353 0.409591 9.9973E-05 0.00114488 0.435373 0.0526421 9.9973E-05
0.0254106 9.9973E-05 0.0573696 0.395338 9.9973E-05 0.0408422 0.44963 0.0311096 9.9973E-05
9.9955E-05 9.9955E-05 0.1969 9.9955E-05 9.9955E-05 0.048535 0.7275 0.0265659 9.9955E-05
9.9964E-05 0.00240459 9.9964E-05 0.591968 9.9964E-05 9.9964E-05 0.337504 0.0504049 0.0173182
0.0265509 0.0969808 9.9973E-05 0.0500462 0.0627075 9.9973E-05 9.9973E-05 0.758716 0.00469911
0.107512 9.9946E-05 9.9946E-05 0.0862742 9.9946E-05 9.9946E-05 9.9946E-05 0.805614 9.9946E-05
0.12009 9.9955E-05 9.9955E-05 0.105891 0.00849617 9.9955E-05 9.9955E-05 0.765023 9.9955E-05
0.102921 9.9955E-05 0.045887 0.0872303 9.9955E-05 9.9955E-05 9.9955E-05 0.763462 9.9955E-05
0.0934318 9.9964E-05 0.0178772 0.119419 0.0089502 9.9964E-05 9.9964E-05 0.759922 9.9964E-05
0.0496792 9.9964E-05 9.9964E-05 0.0581174 0.0285442 0.0115386 9.9964E-05 0.851721 9.9964E-05
0.0246611 9.9964E-05 9.9964E-05 0.0782019 0.0026795 0.00304602 9.9964E-05 0.891012 9.9964E-05
0.0422475 0.00929306 0.150237 0.487824 9.9982E-05 9.9982E-05 0.154366 0.0704066 0.0854259
0.073619 9.9982E-05 9.9982E-05 0.493567 0.0345295 0.108738 0.224827 0.0449404 0.0195791
9.9964E-05 0.187528 9.9964E-05 0.0481997 9.9964E-05 0.0236514 0.699297 0.0409241 9.9964E-05
0.00438495 9.9991E-05 0.0368268 0.567506 0.0549788 0.0890615 0.16666 0.0750914 0.00539143
0.0381474 0.193925 0.0122206 0.308243 0.00581029 9.9982E-05 0.411432 0.0300214 9.9982E-05
0.0234828 0.0155313 9.9973E-05 0.580307 9.9973E-05 0.107312 0.232239 0.0408284 9.9973E-05
9.9973E-05 0.0618257 0.0228914 0.497291 9.9973E-05 0.0284649 0.303376 0.0858506 9.9973E-05
0.0365208 0.016035 9.9964E-05 0.446334 0.0444813 9.9964E-05 0.456229 9.9964E-05 9.9964E-05
9.9964E-05 0.228704 9.9964E-05 9.9964E-05 9.9964E-05 0.00820205 0.697863 0.0507002 0.0141311
0.0517532 0.00658504 9.9982E-05 0.59169 9.9982E-05 0.0758232 0.197666 0.0452343 0.0310487
9.9982E-05 0.0801661 0.00889095 0.573099 0.0195041 9.9982E-05 0.240188 0.075523 0.00242893
0.039491 0.0722316 0.149144 0.455241 0.101121 9.9991E-05 0.0653813 0.0697725 0.047518
0.0367127 9.9964E-05 0.0585895 0.288887 9.9964E-05 0.0705463 0.544865 9.9964E-05 9.9964E-05
0.0394301 9.9955E-05 9.9955E-05 0.48901 9.9955E-05 0.116993 0.354067 9.9955E-05 9.9955E-05
0.0254428 0.173107 0.00973705 0.357791 0.0204349 9.9973E-05 0.413187 9.9973E-05 9.9973E-05
9.9946E-05 9.9946E-05 9.9946E-05 0.229043 0.132592 9.9946E-05 0.637765 9.9946E-05 9.9946E-05
9.9964E-05 0.0414955 9.9964E-05 0.407298 9.9964E-05 9.9964E-05 0.446933 0.0689892 0.0348845
0.0172432 9.9973E-05 0.128287 0.575243 9.9973E-05 9.9973E-05 0.14065 0.0941238 0.0441534
0.0542547 0.348492 0.1354 0.115771 9.9991E-05 0.176046 0.0313405 0.00362058 0.134975
0.0576805 0.348083 0.124134 0.324506 9.9973E-05 9.9973E-05 9.9973E-05 0.055628 0.0896685
0.0141639 0.139048 9.9991E-05 0.545583 0.00157857 0.0619085 0.0438185 0.0822646 0.111535
9.9991E-05 0.0602426 0.0831011 0.584726 0.0387659 0.0635597 0.0217554 0.0966848 0.0510644
0.0195307 0.384091 9.9973E-05 0.394353 9.9973E-05 0.109803 0.0123717 9.9973E-05 0.0795508
0.0174093 0.162695 0.00703624 0.543311 0.0347728 0.0421151 0.0177896 0.0716562 0.103215
9.9973E-05 0.27356 9.9973E-05 0.406675 9.9973E-05 0.103736 0.0307572 0.047887 0.137085
0.0813163 0.0397229 0.0136961 0.4477 9.9991E-05 0.0945016 0.080101 0.0685357 0.174327
0.0101374 9.9982E-05 0.0334198 0.553558 0.0393515 9.9982E-05 0.152947 0.0789677 0.131419
0.0347012 0.1557 9.9973E-05 0.502778 9.9973E-05 0.111031 0.142264 0.0532271 9.9973E-05
9.9973E-05 0.0900643 0.0469381 0.51147 9.9973E-05 0.0797329 0.00516934 9.9973E-05 0.266325
9.9973E-05 9.9973E-05 0.0576261 0.598067 0.0971617 0.0922372 0.0498102 9.9973E-05 0.104798
9.9955E-05 9.9955E-05 9.9955E-05 0.667831 9.9955E-05 0.115532 9.9955E-05 0.146045 0.0700911
9.9964E-05 0.248897 9.9964E-05 0.529617 9.9964E-05 0.0259749 0.106078 9.9964E-05 0.0890343
0.019018 0.0588214 0.153723 0.585293 0.0121221 9.9991E-05 0.0759629 0.067549 0.0274099
0.0148688 0.0910822 0.0321561 0.57023 0.0528321 0.124449 9.9982E-05 9.9982E-05 0.114182
0.0232713 0.221492 0.0997478 0.396223 9.9982E-05 0.132967 9.9982E-05 0.0853771 0.0407215
9.9982E-05 0.141641 0.0170185 0.63082 0.0260845 0.0623399 9.9982E-05 0.0605196 0.0613769
0.0136114 0.1111 9.9964E-05 0.653741 9.9964E-05 0.118634 9.9964E-05 9.9964E-05 0.102513
0.00198966 0.241484 9.9982E-05 0.192599 0.0912533 0.0998757 0.128974 9.9982E-05 0.243624
9.9991E-05 0.250973 0.14347 0.0981781 0.0345335 0.233022 0.0391439 0.0299045 0.170675
9.9973E-05 0.162518 0.0524933 0.523346 9.9973E-05 9.9973E-05 0.0313752 0.000982898 0.228985
0.00583834 0.141583 0.0778048 0.0374259 0.0370284 0.247892 0.253113 9.9991E-05 0.199214
0.00305791 0.405794 9.9982E-05 0.179958 9.9982E-05 0.182887 0.0926396 0.0320367 0.103426
9.9982E-05 0.310954 0.0158211 0.321135 0.0290155 0.10208 0.119378 9.9982E-05 0.101417
0.0298307 0.397631 9.9973E-05 0.267444 9.9973E-05 9.9973E-05 0.13641 0.0252935 0.143091
0.0198008 0.501925 9.9982E-05 0.28881 9.9982E-05 0.0585234 0.0109779 0.00735843 0.112405
0.0314997 0.117744 0.111856 0.540837 0.0575981 9.9991E-05 0.0617493 0.0161472 0.0624679
9.9973E-05 9.9973E-05 9.9973E-05 0.579755 0.054828 0.150228 0.0149869 0.071832 0.12807
0.0385722 0.150684 9.9991E-05 0.547304 0.00706366 0.0787397 0.00156249 0.0776237 0.0983504
0.0023248 0.296032 0.221854 0.0753606 0.0381573 0.127593 0.0993944 9.9991E-05 0.139184
9.9964E-05 9.9964E-05 0.1201 0.535491 9.9964E-05 0.0288331 9.9964E-05 0.124358 0.190818
0.041383 0.0928757 0.202947 0.374374 0.0694379 0.0696332 0.132214 0.0170353 9.9991E-05
0.00777515 0.0859666 0.396775 9.9982E-05 9.9982E-05 0.141465 0.167877 0.143461 0.0564799
0.00340155 9.9982E-05 0.130349 0.61361 0.0374321 0.051042 0.0862125 0.0777537 9.9982E-05
9.9982E-05 0.0293547 0.118445 0.344524 9.9982E-05 0.12714 0.221202 0.155833 0.00330066
9.9982E-05 0.101689 0.134831 0.411297 0.0836126 0.148914 0.0451575 0.0742994 9.9982E-05
0.0305444 0.128749 0.430649 0.152054 0.00138358 9.9991E-05 0.17499 0.0290648 0.0524643
9.99838E-05 0.11415 0.38285 0.20821 9.99838E-05 0.150184 0.0327655 0.047866 0.0637735
0.00308245 0.0901209 0.161944 0.392918 9.9991E-05 0.139752 0.11606 0.0744085 0.0216136
9.9973E-05 0.104842 0.253574 0.506419 0.0215314 9.9973E-05 9.9973E-05 0.0688437 0.0444899
0.0415089 0.123701 0.105525 0.413209 9.9991E-05 0.0873226 0.081761 0.138178 0.0086946
0.0240649 0.121717 0.316342 9.9982E-05 0.113557 0.134434 0.238924 0.0507624 9.9982E-05
9.9991E-05 0.0199229 0.125956 0.483992 0.0791899 0.0343918 0.111162 0.0955811 0.049705
9.9964E-05 0.151756 0.354891 0.326598 9.9964E-05 0.0411324 0.125222 9.9964E-05 9.9964E-05
9.9973E-05 0.192377 0.136809 0.418062 9.9973E-05 0.104684 0.141074 9.9973E-05 0.00669486
0.0326476 0.0244875 0.0212452 0.631211 9.9982E-05 0.0214183 0.185868 0.0829224 9.9982E-05
0.0448009 0.102885 0.309927 0.0567281 0.306204 0.00043211 9.9982E-05 0.178823 9.9982E-05
9.9946E-05 9.9946E-05 0.352447 9.9946E-05 0.171339 9.9946E-05 9.9946E-05 0.475614 9.9946E-05
0.00893097 9.9964E-05 0.3629 9.9964E-05 0.159726 0.0233004 9.9964E-05 0.444743 9.9964E-05
0.0211602 9.9964E-05 0.218986 0.104915 0.320149 9.9964E-05 9.9964E-05 0.33439 9.9964E-05
9.9955E-05 9.9955E-05 0.322641 0.624599 9.9955E-05 9.9955E-05 0.0248331 9.9955E-05 0.0274277
0.0418782 0.0345535 0.188831 0.443269 0.0484463 0.0987564 0.0740015 0.0454724 0.0247926
0.0323941 0.0702738 9.9955E-05 0.309059 0.587773 9.9955E-05 9.9955E-05 9.9955E-05 9.9955E-05
0.0141988 0.0294947 9.9982E-05 0.454433 0.377959 0.051895 9.9982E-05 0.0441683 0.0276512
9.9973E-05 9.9973E-05 9.9973E-05 0.37403 0.328161 0.0550312 0.107415 0.122421 0.0126412
9.9964E-05 9.9964E-05 0.377299 0.318836 9.9964E-05 0.142024 0.154997 9.9964E-05 0.00644395
0.0523171 9.9991E-05 0.151124 0.512715 0.0272349 0.0791973 0.106945 0.0515118 0.018855
9.9955E-05 0.020361 0.615662 0.169755 9.9955E-05 0.193722 9.9955E-05 9.9955E-05 9.9955E-05
9.9973E-05 9.9973E-05 0.272355 0.531785 0.0401475 0.0181349 0.119977 9.9973E-05 0.0173005
0.00582076 9.9991E-05 0.241939 0.465372 0.00469776 0.18848 0.00814033 0.0333284 0.0521223
0.00841068 9.9982E-05 0.302691 0.599691 0.0229074 0.0421779 0.00681286 9.9982E-05 0.0171094
9.9964E-05 9.9964E-05 0.56361 0.173934 9.9964E-05 0.155373 0.0987679 9.9964E-05 0.00791601
9.9982E-05 0.0168515 0.138922 0.582216 0.146188 9.9982E-05 0.109573 0.000149695 0.00589972
9.9973E-05 0.072931 0.0828472 0.562771 9.9973E-05 0.0382971 0.147597 0.0952567 9.9973E-05
9.9955E-05 9.9955E-05 9.9955E-05 0.0470708 0.920427 9.9955E-05 0.0190058 0.0129969 9.9955E-05
9.9946E-05 9.9946E-05 9.9946E-05 0.122028 0.877246 9.9946E-05 0.000126125 9.9946E-05 9.9946E-05
9.9964E-05 0.0856106 9.9964E-05 0.259883 0.538329 9.9964E-05 9.9964E-05 0.0720572 0.0437205
9.9946E-05 9.9946E-05 9.9946E-05 0.312433 0.645158 0.0418087 9.9946E-05 9.9946E-05 9.9946E-05
9.9946E-05 9.9946E-05 0.0399473 0.157457 0.801996 9.9946E-05 9.9946E-05 9.9946E-05 9.9946E-05
0.0028559 9.9937E-05 9.9937E-05 9.9937E-05 0.996445 9.9937E-05 9.9937E-05 9.9937E-05 9.9937E-05
9.9946E-05 9.9946E-05 9.9946E-05 9.9946E-05 0.952204 9.9946E-05 0.0126459 9.9946E-05 0.03455
9.9946E-05 9.9946E-05 9.9946E-05 0.122201 0.853885 0.0233145 9.9946E-05 9.9946E-05 9.9946E-05
9.9937E-05 9.9937E-05 9.9937E-05 9.9937E-05 0.961363 9.9937E-05 9.9937E-05 9.9937E-05 0.0379374
9.993E-05 9.993E-05 9.993E-05 9.993E-05 0.999201 9.993E-05 9.993E-05 9.993E-05 9.993E-05
0.0267991 9.9937E-05 9.9937E-05 9.9937E-05 0.972501 9.9937E-05 9.9937E-05 9.9937E-05 9.9937E-05
0.0604634 9.9964E-05 0.00671264 0.164602 0.743855 0.0239672 9.9964E-05 9.9964E-05 9.9964E-05
0.0233584 0.0948161 9.9964E-05 0.0718135 0.799414 9.9964E-05 9.9964E-05 0.0101986 9.9964E-05
9.9937E-05 9.9937E-05 9.9937E-05 9.9937E-05 0.946713 9.9937E-05 0.0525874 9.9937E-05 9.9937E-05
0.028517 0.159061 0.0264673 0.337616 0.316031 0.000999983 0.0105088 9.9991E-05 0.1207
0.0477545 9.9964E-05 9.9964E-05 0.305055 0.583252 9.9964E-05 0.0390717 0.0244669 9.9964E-05
0.00942921 0.0246843 0.0207427 0.205299 0.677884 9.9973E-05 9.9973E-05 0.0616608 9.9973E-05
0.00652209 9.9955E-05 9.9955E-05 0.132284 0.813604 9.9955E-05 9.9955E-05 9.9955E-05 0.0470903
9.9946E-05 9.9946E-05 9.9946E-05 0.0478015 0.949707 9.9946E-05 9.9946E-05 9.9946E-05 0.00189163
0.0237281 9.9955E-05 9.9955E-05 0.0663279 0.822301 9.9955E-05 9.9955E-05 0.0871436 9.9955E-05
0.0191674 9.9937E-05 9.9937E-05 9.9937E-05 0.980133 9.9937E-05 9.9937E-05 9.9937E-05 9.9937E-05
0.0222319 0.0479803 9.9982E-05 0.234774 0.579395 0.0574243 0.00934035 0.048655 9.9982E-05
0.0228652 9.9973E-05 0.0218923 9.9973E-05 0.882275 0.0374486 0.0191814 0.0160378 9.9973E-05
9.9955E-05 9.9955E-05 0.618634 9.9955E-05 0.0449716 0.022223 9.9955E-05 0.313672 9.9955E-05
0.0375548 0.030591 0.231296 0.399895 0.0752876 9.9982E-05 9.9982E-05 0.107654 0.117522
9.9973E-05 9.9973E-05 0.296614 0.334188 0.0816733 9.9973E-05 0.0634398 0.166318 0.0574675
0.0545765 9.9973E-05 0.551279 0.121351 0.0911817 0.0400341 9.9973E-05 0.141278 9.9973E-05
0.0178388 9.9991E-05 0.260265 0.37928 0.114488 0.0131695 0.038292 0.0609751 0.115592
0.0345044 9.9973E-05 0.384098 0.0807086 0.155409 9.9973E-05 0.179739 0.165241 9.9973E-05
0.0301885 0.0863066 0.164381 0.352298 0.131836 0.0920691 9.9991E-05 0.102547 0.0402744
9.9964E-05 9.9964E-05 0.361464 0.310833 0.171327 9.9964E-05 0.0588815 0.0970947 9.9964E-05
0.100144 9.9973E-05 0.275233 0.446856 0.109238 9.9973E-05 9.9973E-05 0.043189 0.0250399
0.0936276 9.9973E-05 0.345702 0.401005 0.116853 9.9973E-05 0.0040592 0.0384525 9.9973E-05
0.027686 9.9973E-05 0.144585 0.369688 0.147129 9.9973E-05 0.155202 0.15541 9.9973E-05
9.9955E-05 9.9955E-05 0.0870397 0.0432555 9.9955E-05 9.9955E-05 9.9955E-05 0.809815 0.0593901
0.0481785 9.9964E-05 0.0175694 9.9964E-05 0.0460544 9.9964E-05 0.0215303 0.866268 9.9964E-05
0.0248843 0.00325936 0.00224365 0.0175281 9.9982E-05 9.9982E-05 0.00200887 0.936108 0.0137681
0.0125205 9.9955E-05 9.9955E-05 0.0359719 9.9955E-05 9.9955E-05 9.9955E-05 0.915974 0.0350339
0.105979 0.0399293 0.0170534 0.05362 9.9973E-05 9.9973E-05 9.9973E-05 0.773339 0.00978018
0.0597048 9.9955E-05 9.9955E-05 9.9955E-05 0.096019 0.0263318 9.9955E-05 0.817445 9.9955E-05
0.0553068 9.9955E-05 9.9955E-05 9.9955E-05 0.124932 9.9955E-05 9.9955E-05 0.773938 0.0453239
9.9964E-05 0.0260168 9.9964E-05 0.0336025 0.0111092 0.0718778 9.9964E-05 0.856994 9.9964E-05
9.9946E-05 9.9946E-05 9.9946E-05 0.041298 9.9946E-05 9.9946E-05 0.0618646 0.896238 9.9946E-05
0.0028013 0.0428914 9.9982E-05 0.0163956 0.118868 0.00405577 9.9982E-05 0.791474 0.0233143
0.0653483 0.19348 9.9973E-05 9.9973E-05 0.000967143 9.9973E-05 0.127424 0.535227 0.0772546
0.0536734 0.115266 9.9973E-05 9.9973E-05 9.9973E-05 0.0530613 0.0543633 0.502847 0.220489
0.0456711 0.229502 0.0528377 9.9973E-05 9.9973E-05 0.0451265 9.9973E-05 0.489662 0.136901
9.9964E-05 0.24221 9.9964E-05 9.9964E-05 9.9964E-05 0.0238006 0.110931 0.470333 0.152326
0.0288303 0.0749974 9.9991E-05 0.437125 0.0260195 0.042595 0.228714 0.0180055 0.143614
9.9973E-05 0.0420364 9.9973E-05 0.521584 0.0160525 0.0579093 0.295775 9.9973E-05 0.0663428
0.046621 0.196112 9.9982E-05 0.532475 9.9982E-05 0.0830045 0.067667 0.0226066 0.0513145
0.03889 0.193091 0.0470301 0.344979 9.9991E-05 0.0419206 0.240966 0.0284176 0.0646055
0.00258979 0.426085 0.00385807 0.112539 0.0136632 9.9982E-05 0.132959 9.9982E-05 0.308106
9.9982E-05 9.9982E-05 0.0110132 0.474102 0.134577 0.0758758 0.274773 0.0151463 0.0143123
9.9973E-05 0.169722 9.9973E-05 0.481392 0.0164514 0.0110111 0.275451 9.9973E-05 0.0456724
9.9973E-05 0.0387696 0.0814742 0.473523 0.0274475 0.110084 0.268402 9.9973E-05 9.9973E-05
9.9955E-05 9.9955E-05 9.9955E-05 0.30601 0.078051 9.9955E-05 0.607726 9.9955E-05 0.00771306
0.0120613 9.9991E-05 0.0741058 0.58339 0.0465837 0.109291 0.0709597 0.0319572 0.0715519
9.9973E-05 0.0498683 9.9973E-05 0.367183 9.9973E-05 0.0455634 0.407147 0.0214824 0.108456
9.9946E-05 0.0156412 9.9946E-05 9.9946E-05 9.9946E-05 0.238254 0.745506 9.9946E-05 9.9946E-05
0.0086647 0.00719662 9.9991E-05 0.550254 0.0518071 0.052481 0.184071 0.0336234 0.111802
9.9973E-05 9.9973E-05 0.162263 0.266337 0.00774071 0.0833347 0.450263 9.9973E-05 0.0297611
0.00706524 0.0302057 0.0172829 0.490173 9.9982E-05 0.0288131 0.383827 9.9982E-05 0.0424327
9.9964E-05 0.157842 9.9964E-05 0.0465107 9.9964E-05 9.9964E-05 0.703714 0.0324813 0.0590519
9.9955E-05 9.9955E-05 0.123418 9.9955E-05 0.00349129 9.9955E-05 9.9955E-05 0.0650496 0.807542
9.99572E-05 9.99572E-05 0.146624 0.0606694 9.99572E-05 9.99572E-05 9.99572E-05 0.0482291 0.743978
9.9937E-05 9.9937E-05 0.0773737 9.9937E-05 9.9937E-05 9.9937E-05 9.9937E-05 9.9937E-05 0.921927
9.9964E-05 9.9964E-05 0.0526435 0.0258836 9.9964E-05 9.9964E-05 0.0395957 0.0490557 0.832422
0.0038533 0.0301039 0.0600958 0.0642152 0.0295858 9.9973E-05 9.9973E-05 9.9973E-05 0.811846
9.9964E-05 9.9964E-05 0.0361879 0.0576278 0.0511406 9.9964E-05 9.9964E-05 0.00609903 0.848545
0.0255402 9.9964E-05 9.9964E-05 0.130094 9.9964E-05 0.0100055 0.0177389 0.816221 9.9964E-05
9.9955E-05 0.00224693 9.9955E-05 0.132953 9.9955E-05 9.9955E-05 9.9955E-05 0.830363 0.0339373
0.0638092 9.9964E-05 9.9964E-05 0.120721 0.120305 0.00554961 9.9964E-05 0.689215 9.9964E-05
0.0488271 0.0843133 9.9973E-05 0.0168985 0.15006 9.9973E-05 9.9973E-05 0.664044 0.035557
0.00524272 0.0310819 9.9973E-05 0.0606126 0.107283 9.9973E-05 0.0208407 0.774639 9.9973E-05
0.0666799 0.0514076 0.0583093 9.9973E-05 9.9973E-05 9.9973E-05 0.054658 0.330925 0.43772
0.000547695 9.9973E-05 0.0803955 9.9973E-05 9.9973E-05 0.0158928 0.127742 0.427553 0.347569
0.0355277 9.9964E-05 9.9964E-05 9.9964E-05 9.9964E-05 0.0286104 0.113899 0.415401 0.406162
0.999201 9.993E-05 9.993E-05 9.993E-05 9.993E-05 9.993E-05 9.993E-05 9.993E-05 9.993E-05
0.0232571 9.9964E-05 0.0573558 9.9964E-05 9.9964E-05 9.9964E-05 0.109528 0.338088 0.471371
0.0176405 9.9973E-05 0.108265 0.319724 0.321467 0.0198734 9.9973E-05 0.21273 9.9973E-05
9.9982E-05 0.0537646 0.0254146 0.51088 0.171714 9.9982E-05 0.0186942 0.136511 0.0828223
0.0188511 0.0554311 9.9964E-05 0.534284 0.246482 9.9964E-05 9.9964E-05 0.144551 9.9964E-05
9.9964E-05 9.9964E-05 0.0972794 0.478059 0.144804 9.9964E-05 9.9964E-05 0.234878 0.0445795
0.0548592 0.0976958 0.0711701 0.425073 0.16261 0.0523893 9.9982E-05 0.136003 9.9982E-05
9.9946E-05 9.9946E-05 0.24218 9.9946E-05 0.30743 9.9946E-05 9.9946E-05 0.44979 9.9946E-05
9.9973E-05 0.210718 0.0937516 0.34714 9.9973E-05 0.10413 0.065274 9.9973E-05 0.178686
9.9973E-05 0.0247937 0.16851 0.371808 9.9973E-05 0.114693 0.182908 9.9973E-05 0.136986
0.0219549 0.574718 9.9973E-05 0.134498 9.9973E-05 0.0287767 9.9973E-05 0.102072 0.137681
9.9973E-05 0.137762 0.00518628 0.44708 9.9973E-05 0.225314 0.10012 9.9973E-05 0.0842378
9.9964E-05 0.098349 0.202929 9.9964E-05 9.9964E-05 0.428634 0.203397 9.9964E-05 0.0662908
0.0485359 0.240127 0.0367599 0.463307 0.0329695 9.9982E-05 0.0795191 0.0985813 9.9982E-05
9.9982E-05 0.096158 9.9982E-05 0.462036 0.00597417 0.253693 0.120776 0.000792742 0.06037
0.0588421 0.525232 9.9973E-05 0.216378 9.9973E-05 0.0879922 0.0453081 9.9973E-05 0.0659475
9.9982E-05 0.0877844 9.9982E-05 0.49448 0.0144916 0.0247627 0.164415 0.132799 0.0810679
9.9964E-05 0.49079 0.252073 0.0342331 9.9964E-05 0.168512 0.0539921 9.9964E-05 9.9964E-05
0.00738594 0.0259303 0.0469763 0.408282 0.0775248 0.169771 0.135791 9.9991E-05 0.128238
0.00832014 0.191521 0.0107751 0.415866 0.0241431 0.00908943 0.155743 9.9991E-05 0.184443
0.00915805 0.0541104 0.0950297 0.407321 0.173055 9.9991E-05 0.0949987 0.158817 0.00741028
9.9973E-05 0.348367 0.0482572 0.321576 9.9973E-05 0.173551 0.0518373 9.9973E-05 0.0561118
0.0224629 0.217761 9.9973E-05 0.444636 9.9973E-05 0.144937 0.0472314 9.9973E-05 0.122672
9.9982E-05 0.198385 0.0479275 0.423761 0.0701704 0.16559 0.0756176 9.9982E-05 0.0183481
9.9982E-05 0.100794 0.0396719 0.484929 9.9982E-05 0.0820938 0.127741 0.0511743 0.113395
0.02307 0.0103745 0.0315167 0.643406 0.0496184 0.131052 0.0123157 9.9991E-05 0.0985465
9.9982E-05 0.178102 9.9982E-05 0.519532 0.0112326 0.096856 0.0640823 0.0934435 0.0365514
0.00137028 0.126817 0.0594684 0.461542 0.0465269 9.9991E-05 0.0947017 0.00781929 0.201654
9.9946E-05 9.9946E-05 9.9946E-05 0.219156 0.0138266 9.9946E-05 9.9946E-05 0.766418 9.9946E-05
9.9946E-05 9.9946E-05 9.9946E-05 0.140952 9.9946E-05 0.0211022 9.9946E-05 0.837346 9.9946E-05
9.9955E-05 9.9955E-05 0.0697432 0.0947009 9.9955E-05 9.9955E-05 9.9955E-05 0.757079 0.0779771
0.032129 9.9973E-05 9.9973E-05 0.0943636 9.9973E-05 0.0471455 0.0347972 0.783056 0.00820834
0.0476326 9.9946E-05 9.9946E-05 0.162086 9.9946E-05 9.9946E-05 9.9946E-05 0.789682 9.9946E-05
9.9973E-05 0.550429 0.039426 0.108763 9.9973E-05 9.9973E-05 0.0336014 0.0354616 0.232019
0.00684073 0.157257 9.9991E-05 0.438369 0.149865 0.146865 0.00670855 0.00349661 0.0904983
0.0174559 9.9982E-05 0.066214 0.341029 0.179286 0.0632144 0.169661 0.162939 9.9982E-05
0.00057341 0.176345 0.000901989 0.642488 0.0575183 0.0697194 9.9982E-05 9.9982E-05 0.0522541
0.0500339 0.0816522 9.9982E-05 0.468693 0.00531029 9.9982E-05 0.219681 0.0440847 0.130345
0.0202086 0.320212 0.207227 0.172851 0.0155023 0.148657 9.9982E-05 9.9982E-05 0.115142
0.0533542 0.432717 0.09511 9.9973E-05 9.9973E-05 9.9973E-05 0.117 0.0963285 0.205189
0.0152142 0.170303 0.00845343 0.508797 9.9982E-05 0.0825401 0.0344618 9.9982E-05 0.180031
0.032485 0.395063 9.9973E-05 0.126879 9.9973E-05 0.164431 9.9973E-05 0.0429792 0.237863
9.9991E-05 0.141063 0.141538 0.38283 0.0185218 0.0551855 0.164185 0.0211138 0.0754622
9.9964E-05 0.544156 9.9964E-05 0.0336268 9.9964E-05 0.113724 9.9964E-05 0.156812 0.151281
9.9973E-05 0.0422083 9.9973E-05 0.589464 0.0295249 9.9973E-05 0.0545687 0.0683659 0.215568
9.9964E-05 0.497954 9.9964E-05 0.116799 9.9964E-05 0.097117 9.9964E-05 0.123378 0.164351
0.0178808 0.220706 0.0269911 0.314263 9.9991E-05 0.202187 0.0148308 0.0695789 0.133462
0.0121369 0.10571 0.163373 0.442232 0.0153245 0.155672 9.9982E-05 9.9982E-05 0.105351
9.9973E-05 0.0726476 0.506857 0.22675 9.9973E-05 0.121509 0.0241314 9.9973E-05 0.0478049
9.9982E-05 0.0437294 0.281952 0.499001 9.9982E-05 0.0146227 0.0729127 0.00726481 0.0803176
9.9982E-05 0.0671442 0.263362 0.553455 0.0249327 9.9982E-05 0.056978 0.0260795 0.00784908
9.9964E-05 9.9964E-05 0.458613 0.308666 9.9964E-05 0.13549 0.0196475 9.9964E-05 0.0771841
0.0334275 0.0261996 0.22671 0.491343 0.0489906 0.0620619 0.0153917 0.0739046 0.0219713
0.00872111 9.9973E-05 0.25966 0.434716 9.9973E-05 0.1316 0.0629262 9.9973E-05 0.102077
9.9973E-05 0.0452532 0.584472 0.0534446 9.9973E-05 0.163055 0.0700279 9.9973E-05 0.0834475
9.9964E-05 9.9964E-05 0.563839 0.261486 9.9964E-05 0.0607 0.0403675 9.9964E-05 0.073207
0.010348 9.9973E-05 0.339333 0.43975 9.9973E-05 0.0871632 0.0557714 9.9973E-05 0.0673347
9.9964E-05 9.9964E-05 0.493299 0.139117 9.9964E-05 0.0602299 0.234638 9.9964E-05 0.0723158
9.9955E-05 0.101613 0.289706 0.47933 9.9955E-05 9.9955E-05 9.9955E-05 9.9955E-05 0.128852
9.9973E-05 0.486496 9.9973E-05 0.0162137 9.9973E-05 0.0501966 0.165576 0.0290988 0.252119
9.9973E-05 0.350896 9.9973E-05 0.160941 0.0134811 0.312942 0.0322861 9.9973E-05 0.129154
0.00994052 0.414459 9.9991E-05 0.27464 0.0426996 0.0367401 0.0745656 0.0462631 0.100592
0.0439068 0.27252 9.9964E-05 0.544717 0.00880711 0.129648 9.9964E-05 9.9964E-05 9.9964E-05
9.9973E-05 0.457014 0.00995879 0.172089 9.9973E-05 0.0460234 0.146801 9.9973E-05 0.167814
0.00802519 0.000684387 0.0201615 0.497712 0.0195376 0.145279 0.0645665 0.10671 0.137324
0.0249812 0.041531 9.9991E-05 0.535923 0.0737511 0.0166224 0.102071 0.0484067 0.156614
9.9973E-05 0.239445 9.9973E-05 0.53156 0.00209256 0.0534416 9.9973E-05 0.0458964 0.127265
9.9964E-05 0.203419 9.9964E-05 0.393551 0.108878 0.105838 9.9964E-05 9.9964E-05 0.187915
0.0106537 0.307997 0.00679935 0.363028 0.0486377 0.0757034 0.0688405 0.030866 0.0874734
0.00304685 0.374666 9.9982E-05 0.117541 0.131087 0.047645 0.103746 9.9982E-05 0.222068
9.9982E-05 0.169411 0.0274477 0.319354 0.089649 0.105314 0.0075323 9.9982E-05 0.281092
9.9964E-05 0.234103 0.0301663 0.593951 9.9964E-05 0.0870908 9.9964E-05 9.9964E-05 0.0542895
9.9973E-05 0.219188 0.0143377 0.564731 9.9973E-05 0.129417 9.9973E-05 0.0208987 0.0511273
0.0431305 0.0954409 0.0655307 0.399274 9.9991E-05 0.141083 0.104296 0.0219686 0.129177
9.9973E-05 0.155855 9.9973E-05 0.503092 0.0192307 0.180935 0.0328692 9.9973E-05 0.107717
0.0504987 0.317531 0.100137 0.307809 0.0118061 9.9991E-05 0.00684948 0.0147339 0.190535
0.0161173 0.258644 9.9973E-05 0.576476 0.000222012 0.0872733 9.9973E-05 9.9973E-05 0.0609677
0.00528505 0.182577 9.9982E-05 0.551776 9.9982E-05 0.0122064 0.0578953 0.0701728 0.119887
0.0266534 0.125872 9.9991E-05 0.4698 0.0596037 0.111495 0.0650276 0.0957644 0.0456841
0.0365516 0.0877656 0.0647903 0.393019 0.056853 9.9991E-05 0.0122696 0.319511 0.0291394
0.0428582 0.0585958 0.113533 0.405492 0.175469 9.9982E-05 0.130471 0.0733824 9.9982E-05
0.041749 0.144987 0.149953 0.348192 0.177413 9.9991E-05 0.0178164 0.0665159 0.0532734
0.0432773 0.0594361 0.0344775 0.602266 0.0943564 0.0790807 9.9991E-05 0.0479001 0.0391062
9.9973E-05 0.0567607 9.9973E-05 0.454133 0.206779 0.0629356 0.0257247 0.193367 9.9973E-05
9.9982E-05 0.158668 0.0847088 0.394362 0.025576 0.166555 0.130066 9.9982E-05 0.0398641
0.00989334 0.0599768 9.9991E-05 0.499097 0.13987 0.0415372 0.0517985 0.177345 0.0203827
9.9973E-05 0.0584442 0.372648 9.9973E-05 0.155144 0.0392927 0.165898 0.208274 9.9973E-05
0.0317043 0.0626383 0.00942817 0.507796 0.15404 0.0100182 0.0749296 0.106024 0.0434218
0.0205543 9.9982E-05 9.9982E-05 0.576945 0.147283 0.0721672 0.0476308 0.0762214 0.0589981
9.9982E-05 9.9982E-05 0.0800634 0.410606 0.245384 0.0350577 0.0523138 0.121565 0.0548095
0.0555267 0.193561 0.177133 0.152081 0.167417 0.0688743 0.0758504 0.061868 0.0476884
0.0370704 0.0610273 0.0900413 0.615749 0.050298 9.9973E-05 9.9973E-05 0.145514 9.9973E-05
0.0151553 0.0080246 0.0624986 0.553298 0.142303 0.0453464 9.9991E-05 0.16241 0.0108629
0.0362849 9.9973E-05 0.220197 9.9973E-05 0.186947 0.0822052 0.00318497 0.470881 9.9973E-05
0.0220437 0.129491 0.0509922 0.478142 0.197298 9.9973E-05 9.9973E-05 0.121733 9.9973E-05
9.9964E-05 0.00772546 0.116208 0.509455 0.203201 9.9964E-05 9.9964E-05 0.163011 9.9964E-05
0.021148 0.0850764 9.9982E-05 0.544161 0.118111 0.0626836 9.9982E-05 0.113484 0.055136
9.9964E-05 0.0800849 0.0666572 0.528421 0.154984 9.9964E-05 9.9964E-05 0.169454 9.9964E-05
0.0395348 0.0283429 0.158989 0.441256 0.140523 0.0824617 9.9991E-05 0.0554657 0.0533272
0.0358828 9.9973E-05 9.9973E-05 0.416059 0.0440847 0.344744 0.0873298 9.9973E-05 0.0715999
0.0187804 0.0742274 0.0507777 0.450065 0.0632778 0.28884 9.9991E-05 0.0480188 0.00591247
9.9955E-05 0.109656 9.9955E-05 9.9955E-05 9.9955E-05 0.818759 0.0670446 9.9955E-05 0.00404048
9.9964E-05 0.0140604 0.02205 9.9964E-05 9.9964E-05 0.902673 0.0249823 9.9964E-05 0.0358347
0.0160983 0.064534 0.026364 0.418345 0.0670542 0.22353 0.125293 0.0143939 0.0443889
9.9973E-05 0.0880989 0.0131128 0.391157 0.27225 0.120713 9.9973E-05 0.114368 9.9973E-05
0.0169539 9.9973E-05 0.0382755 0.27236 0.365173 0.246156 9.9973E-05 0.060782 9.9973E-05
9.9982E-05 0.0178719 0.133563 0.219776 0.25627 0.17695 0.00674827 0.188621 9.9982E-05
0.0323521 0.0911791 9.9973E-05 0.326946 0.243535 0.159558 9.9973E-05 0.14613 9.9973E-05
9.9964E-05 9.9964E-05 0.118461 0.0665318 0.0480279 0.679655 9.9964E-05 0.086925 9.9964E-05
0.0249278 9.9973E-05 0.0765299 0.124341 0.0980946 0.609108 9.9973E-05 0.0666991 9.9973E-05
0.00549273 9.9973E-05 9.9973E-05 0.382092 0.17861 0.370588 0.0240336 9.9973E-05 0.0388833
9.9955E-05 9.9955E-05 9.9955E-05 0.38428 0.107404 0.469875 9.9955E-05 0.0379412 9.9955E-05
0.0457075 9.9964E-05 9.9964E-05 0.122783 0.0955158 0.707004 9.9964E-05 0.028589 9.9964E-05
9.9973E-05 0.00426615 9.9973E-05 0.471654 0.0827281 0.330069 9.9973E-05 0.0992044 0.0117778
9.9964E-05 9.9964E-05 9.9964E-05 0.532383 0.0792326 0.355191 0.0150884 9.9964E-05 0.0177046
0.00137931 0.0296622 9.9973E-05 0.43627 0.181811 0.2025 9.9973E-05 0.148078 9.9973E-05
0.0128898 0.0528077 9.9973E-05 0.294738 9.9973E-05 0.54107 0.0691206 9.9973E-05 0.0290735
0.0338562 0.0338675 9.9973E-05 0.320159 0.0368683 0.488782 0.0861674 9.9973E-05 9.9973E-05
9.9991E-05 0.0442986 0.0581708 0.490965 0.0134511 0.242269 0.0202439 0.0483216 0.0821805
0.0202923 9.9982E-05 0.0171008 0.442133 9.9982E-05 0.331108 0.0566197 0.00424776 0.128299
9.9991E-05 0.0665262 0.0380918 0.408807 0.0908227 0.15718 0.114294 0.0617324 0.0624455
9.9955E-05 0.0628646 0.0911232 0.431812 9.9955E-05 0.4137 9.9955E-05 9.9955E-05 9.9955E-05
9.9946E-05 9.9946E-05 9.9946E-05 0.176346 9.9946E-05 0.770943 9.9946E-05 9.9946E-05 0.0521112
9.9955E-05 9.9955E-05 9.9955E-05 0.591581 9.9955E-05 0.312161 0.0103142 0.0854439 9.9955E-05
9.9964E-05 0.0385457 0.0163148 0.229753 9.9964E-05 0.613621 0.101366 9.9964E-05 9.9964E-05
0.0753689 0.0256918 0.0766562 0.376476 9.9964E-05 0.445407 9.9964E-05 9.9964E-05 9.9964E-05
0.0053889 9.9982E-05 9.9982E-05 0.559805 0.0537663 0.247441 0.0514371 0.0432617 0.0387
0.0581327 0.10139 0.0763978 0.430528 0.0260211 0.24385 0.0389964 0.0022051 0.0224787
0.0879054 0.0427591 0.0794885 0.377709 0.185542 0.0893044 9.9982E-05 0.137092 9.9982E-05
0.0329348 0.148489 0.0582318 0.406193 0.14874 0.0427554 0.0500459 0.0710884 0.0415214
9.9991E-05 0.0692079 0.0755432 0.341685 0.211534 0.0870304 0.0612844 0.153098 0.000517507
0.0476022 0.0826929 0.183138 0.24416 0.1889 0.0827453 9.9991E-05 0.141795 0.0288665
9.9982E-05 0.160808 0.0460029 0.383016 0.150906 9.9982E-05 0.0390102 0.131959 0.0880979
0.0494587 9.9991E-05 0.0355932 0.411632 0.114016 0.153109 0.0094212 0.115408 0.111263
9.9955E-05 9.9955E-05 0.0577213 9.9955E-05 0.159983 0.613679 9.9955E-05 0.168117 9.9955E-05
0.0233683 9.9982E-05 0.0462932 0.554797 0.176682 0.0659346 9.9982E-05 0.0389596 0.0937655
9.9955E-05 9.9955E-05 0.114476 9.9955E-05 0.109604 0.398878 9.9955E-05 0.376542 9.9955E-05
9.9955E-05 9.9955E-05 9.9955E-05 0.478827 0.158706 0.303234 9.9955E-05 0.0587337 9.9955E-05
0.00197314 9.9955E-05 9.9955E-05 0.0774614 9.9955E-05 0.7951 0.124966 9.9955E-05 9.9955E-05
0.00109321 9.9946E-05 9.9946E-05 9.9946E-05 9.9946E-05 0.886739 0.111568 9.9946E-05 9.9946E-05
9.9964E-05 0.0554242 0.0452248 0.445741 9.9964E-05 0.412344 0.0408663 9.9964E-05 9.9964E-05
0.0166961 9.9946E-05 9.9946E-05 0.557144 9.9946E-05 0.42556 9.9946E-05 9.9946E-05 9.9946E-05
9.9955E-05 0.0240781 9.9955E-05 0.38494 9.9955E-05 0.569402 9.9955E-05 9.9955E-05 0.0210809
0.00971051 9.9946E-05 9.9946E-05 0.492182 9.9946E-05 0.497508 9.9946E-05 9.9946E-05 9.9946E-05
9.9955E-05 9.9955E-05 9.9955E-05 0.522006 9.9955E-05 0.44568 0.00137279 9.9955E-05 0.0304409
0.0608759 0.000492437 9.9982E-05 0.0622583 0.0895448 0.0823242 9.9982E-05 0.676574 0.0277303
0.0141482 0.0631887 9.9973E-05 9.9973E-05 0.138894 0.0164366 9.9973E-05 0.681287 0.0857446
0.0134026 0.0268934 9.9964E-05 9.9964E-05 0.0949549 9.9964E-05 9.9964E-05 0.855056 0.00929317
0.108589 9.9946E-05 9.9946E-05 0.0555413 9.9946E-05 9.9946E-05 9.9946E-05 0.83527 9.9946E-05
0.0511912 9.9982E-05 9.9982E-05 0.43674 0.0329087 0.105586 0.343183 0.000128242 0.0300628
9.9973E-05 9.9973E-05 9.9973E-05 0.432764 0.0777804 0.0821143 0.355217 0.0268644 0.0249599
0.0375947 0.102465 9.9955E-05 0.41477 9.9955E-05 9.9955E-05 0.44467 9.9955E-05 9.9955E-05
0.00910179 9.9982E-05 0.0292829 0.591216 0.0228209 9.9982E-05 0.273626 0.0453427 0.0284094
9.9982E-05 0.056844 0.0520163 0.533761 0.0556974 9.9982E-05 0.146552 0.0672609 0.0876679
9.9973E-05 0.063772 0.0790089 0.207493 9.9973E-05 9.9973E-05 0.585371 0.0191711 0.0448837
9.9964E-05 0.141323 9.9964E-05 0.479389 0.0484882 9.9964E-05 0.322663 0.00773728 9.9964E-05
0.0209719 9.9982E-05 0.15447 0.338265 9.9982E-05 0.00858619 0.468563 0.00674274 0.00220141
0.0377758 0.123995 0.0691887 0.400608 0.19582 0.0045762 9.9982E-05 0.167836 9.9982E-05
9.9973E-05 9.9973E-05 0.0375965 0.387948 0.0727971 0.0044322 0.395681 9.9973E-05 0.101246
0.0430188 0.12553 9.9964E-05 0.34574 9.9964E-05 9.9964E-05 0.454125 9.9964E-05 0.0311867
0.0246647 0.0934857 9.9964E-05 0.496399 9.9964E-05 0.0417223 0.343329 9.9964E-05 9.9964E-05
9.9973E-05 0.0365802 9.9973E-05 0.414021 9.9973E-05 0.0121022 0.452123 0.0408823 0.0439915
9.9955E-05 9.9955E-05 9.9955E-05 0.572011 0.0372591 0.0246198 0.36561 9.9955E-05 9.9955E-05
0.00553079 0.012938 9.9973E-05 0.517336 9.9973E-05 0.00303709 0.365453 0.0954053 9.9973E-05
9.9955E-05 9.9955E-05 0.0423187 0.0637451 9.9955E-05 0.016181 0.877255 9.9955E-05 9.9955E-05
9.9973E-05 0.0637661 9.9973E-05 0.167506 0.0564146 0.0717267 0.627339 0.0129476 9.9973E-05
0.0280278 0.0526974 0.0387443 0.265989 0.00148049 0.00495315 0.569453 0.0385545 9.9991E-05
9.9946E-05 9.9946E-05 0.177694 9.9946E-05 9.9946E-05 0.0190565 0.802649 9.9946E-05 9.9946E-05
0.0521933 0.0337091 0.0228688 0.451775 0.013138 0.0369489 0.341513 9.9991E-05 0.047754
0.0165383 9.9973E-05 0.186484 0.123298 9.9973E-05 0.0779785 0.585718 9.9973E-05 0.00968385
9.9946E-05 9.9946E-05 0.132935 9.9946E-05 9.9946E-05 0.0678073 0.798658 9.9946E-05 9.9946E-05
9.9964E-05 9.9964E-05 9.9964E-05 0.595707 9.9964E-05 0.101181 0.248118 0.0323066 0.0222869
0.0085336 0.0814782 9.9973E-05 0.136227 9.9973E-05 9.9973E-05 0.692817 0.0644147 0.0162305
9.9973E-05 0.0905193 0.0344239 0.305673 0.112279 9.9973E-05 0.40702 9.9973E-05 0.0497849
9.9991E-05 0.0431874 0.0622639 0.524486 0.0906585 0.0443319 0.159367 0.017746 0.0578595
9.9955E-05 0.178996 9.9955E-05 0.528968 9.9955E-05 9.9955E-05 0.250798 9.9955E-05 0.0407381
9.9973E-05 0.249364 0.152023 0.270453 0.0463128 0.225267 9.9973E-05 9.9973E-05 0.0562802
0.0339475 9.9982E-05 9.9982E-05 0.541259 0.000800614 0.0400559 0.33995 0.00342035 0.0403665
0.0178371 0.132177 0.00699974 0.397499 0.0316505 9.9982E-05 0.38924 9.9982E-05 0.0243964
9.9946E-05 9.9946E-05 0.0230803 0.291607 9.9946E-05 9.9946E-05 0.684713 9.9946E-05 9.9946E-05
0.0381565 9.9982E-05 0.0601266 0.541751 0.0715044 0.0768057 0.139095 9.9982E-05 0.0723607
0.0365063 0.113311 0.0280127 9.9973E-05 9.9973E-05 9.9973E-05 0.0596648 0.626748 0.135457
0.080669 0.0935733 0.0305276 0.00282312 9.9982E-05 9.9982E-05 0.0724962 0.695705 0.0240054
0.115225 9.9964E-05 0.0400511 9.9964E-05 9.9964E-05 9.9964E-05 0.0239963 0.714284 0.106043
0.0767943 0.0103823 0.061046 9.9973E-05 9.9973E-05 0.01882 9.9973E-05 0.735181 0.0974766
0.0573393 0.0225688 0.101557 0.0291553 9.9973E-05 9.9973E-05 9.9973E-05 0.635267 0.153813
9.99639E-05 0.151009 9.99639E-05 0.0579658 9.99639E-05 9.99639E-05 0.636609 0.0661039 0.0879125
0.00860228 0.181657 0.0601431 0.101502 9.9982E-05 0.0319748 0.558129 0.0577919 9.9982E-05
