9.9982E-05 9.9982E-05 0.00717604 0.970043 0.0225806
0.0316399 9.9982E-05 9.9982E-05 0.925469 0.0426914
9.9991E-05 0.121531 0.0380181 0.808829 0.0315213
9.9982E-05 9.9982E-05 0.102263 0.788397 0.10914
9.999E-05 0.100981 0.0155197 0.854215 0.0291842
0.135661 9.9991E-05 0.100302 0.656575 0.107362
0.0942674 9.9991E-05 0.0459267 0.811563 0.0481429
0.0920549 9.9991E-05 0.00849341 0.745555 0.153796
0.0973335 9.9982E-05 9.9982E-05 0.834047 0.0684192
0.0663656 0.0379812 0.0994846 0.726066 0.0701029
0.120928 9.9982E-05 9.9982E-05 0.755599 0.123273
0.152128 0.257008 0.115627 9.9991E-05 0.475137
0.0206657 0.538426 0.0964392 0.0235008 0.320969
0.197141 0.224327 0.143773 0.0232551 0.411504
0.034975 0.307782 0.218415 0.0305885 0.408239
0.0265393 0.399411 0.187167 0.122501 0.264381
0.0420131 0.58806 0.121654 0.0765059 0.171767
0.0935942 0.500764 0.09177 0.0563344 0.257538
9.9991E-05 0.413849 0.0473718 0.129769 0.40891
0.201086 0.0765472 0.0602435 0.038097 0.624026
0.179962 0.448169 0.125595 0.0126942 0.23358
0.112902 0.58872 0.0413419 0.0684241 0.188611
0.121097 0.637453 9.9991E-05 0.0678007 0.173549
0.13184 0.297944 0.136972 9.9991E-05 0.433144
0.153142 0.570605 0.102845 0.104671 0.068736
9.9991E-05 0.586789 0.134461 0.0322104 0.24644
0.0914527 0.142375 0.1722 0.00313351 0.590839
0.115875 0.196606 0.19796 0.0366878 0.452871
0.289607 0.24424 0.0118503 0.0102638 0.444039
9.9982E-05 0.0566541 0.088966 0.85418 9.9982E-05
9.9973E-05 0.131498 9.9973E-05 0.868202 9.9973E-05
9.9982E-05 0.17709 0.0333847 0.789325 9.9982E-05
0.0179408 0.153087 0.0772221 0.75165 9.9991E-05
0.153103 0.610648 0.0408727 0.00348559 0.19189
0.050561 0.588837 0.0832442 0.0938115 0.183546
0.242211 0.735484 9.9991E-05 0.00788394 0.014321
0.064085 0.221387 0.00357816 0.113324 0.597626
0.450857 0.525374 0.0201409 9.9991E-05 0.00352824
0.0950657 0.628605 0.0723583 0.0674454 0.136526
0.121979 0.728155 0.0687168 0.0631127 0.0180367
0.103441 0.714926 9.9991E-05 0.149529 0.0320032
9.9982E-05 0.733192 9.9982E-05 0.164 0.102607
0.406831 0.351628 9.9982E-05 9.9982E-05 0.241341
0.19344 0.605608 0.107751 0.0467607 0.0464398
0.235318 0.642671 0.0892254 0.0326863 9.9991E-05
0.00531568 0.636639 0.123762 0.15882 0.0754629
0.417189 0.533184 9.9982E-05 9.9982E-05 0.0494268
0.117345 0.726691 0.0366336 0.0662255 0.053105
0.0900295 0.653895 0.0769904 0.145563 0.0335218
0.838746 0.0188141 9.9991E-05 0.102804 0.0395367
0.25676 0.244639 0.00783631 9.9991E-05 0.490665
0.516655 0.110153 0.0735291 0.00518892 0.294475
0.099435 0.572132 0.0875302 0.125283 0.11562
0.0642756 0.664678 0.0865504 0.0863509 0.0981452
0.0715333 0.548389 0.163694 0.0589827 0.157402
0.311019 0.225753 9.9991E-05 0.102329 0.360799
0.076074 0.640298 0.0273672 0.0459895 0.210271
0.106795 0.579575 0.109192 0.09206 0.112378
0.14821 0.375495 0.0489727 0.120022 0.307301
0.303334 0.112756 0.0939101 0.185615 0.304385
0.155888 0.498468 0.0912681 0.115232 0.139144
0.135511 0.317373 0.15548 0.00280531 0.38883
0.3305 0.082552 9.9991E-05 0.0421961 0.544652
0.10657 0.550981 0.0405265 0.0102978 0.291625
0.138971 0.661597 0.146366 0.00320356 0.049863
0.100051 0.568158 0.0942176 0.0764915 0.161082
0.236319 0.371687 0.0165535 0.0891979 0.286243
0.180374 0.546935 0.07625 9.9991E-05 0.196341
0.0521123 0.670937 0.0305655 0.114034 0.132351
0.3102 0.246625 9.9991E-05 0.0245579 0.418517
0.21773 0.680072 9.9982E-05 9.9982E-05 0.101998
0.402374 0.457341 9.9982E-05 9.9982E-05 0.140086
0.142721 0.639835 0.0555179 0.0886112 0.0733144
0.728834 0.204985 9.9982E-05 9.9982E-05 0.0659811
0.669041 0.190271 9.9982E-05 9.9982E-05 0.140488
0.510502 0.450726 9.9982E-05 9.9982E-05 0.0385721
0.190385 0.633488 9.9991E-05 0.0151273 0.1609
0.142736 0.659551 9.9991E-05 0.0971313 0.100481
0.353383 0.601859 9.9982E-05 9.9982E-05 0.044558
0.415771 0.326826 9.9991E-05 0.026096 0.231208
0.317587 0.348728 9.9991E-05 0.0312493 0.302336
0.175911 0.665412 0.0508838 0.0713453 0.0364479
0.339337 0.498 9.9991E-05 0.052663 0.1099
0.267637 0.611767 9.9991E-05 0.0277536 0.0927421
0.45439 0.54531 9.9973E-05 9.9973E-05 9.9973E-05
0.788672 0.177563 9.9982E-05 9.9982E-05 0.0335656
0.135642 0.670973 0.0855583 0.0235662 0.0842613
9.9991E-05 0.116713 0.0107538 0.817494 0.054939
9.9973E-05 0.0801419 9.9973E-05 0.919558 9.9973E-05
9.9973E-05 0.105935 9.9973E-05 0.893765 9.9973E-05
9.9982E-05 0.0619919 0.0250326 0.912775 9.9982E-05
0.00487154 0.0761107 0.0258746 0.875423 0.01772
9.9973E-05 0.0771885 9.9973E-05 0.922512 9.9973E-05
9.9973E-05 0.080753 9.9973E-05 0.918947 9.9973E-05
0.0660372 0.640389 0.0485134 0.0811369 0.163923
0.174033 0.511087 0.155728 0.0844527 0.0746999
0.550018 0.249653 9.9982E-05 9.9982E-05 0.200128
9.9991E-05 0.7115 0.0406215 0.145861 0.101917
0.19708 0.635773 9.9991E-05 0.0316004 0.135447
0.104188 0.681841 0.0513105 0.0394707 0.123189
0.212773 0.664013 0.0185145 0.0619952 0.0427038
0.30836 0.595177 0.0587107 9.9991E-05 0.0376522
0.5019 0.11753 9.9991E-05 0.0175108 0.36296
0.0290344 0.621203 0.113782 0.0700944 0.165886
0.158857 0.702127 0.0478015 0.0911147 9.9991E-05
0.144098 0.555707 0.144357 0.0982118 0.0576269
0.504677 0.478675 0.00511616 0.0114316 9.9991E-05
0.290767 0.647859 9.9991E-05 0.00451812 0.0567556
0.179876 0.668216 9.9991E-05 0.0269032 0.124904
0.392281 0.501791 0.076868 9.9991E-05 0.0289601
0.196572 0.595507 9.9991E-05 0.10013 0.107691
0.0569644 0.571844 0.0555936 0.144076 0.171522
0.373135 0.169199 0.0757168 9.9991E-05 0.381849
0.140056 0.326884 0.15036 0.0938581 0.288841
0.0932785 0.621624 0.00452301 0.143757 0.136817
9.9991E-05 0.631184 0.111951 0.110614 0.146152
0.102376 0.547514 0.0289546 0.00843436 0.312721
0.0759245 0.544071 0.0831584 9.9991E-05 0.296746
0.0494053 0.48189 0.0467621 0.0249834 0.396959
0.104625 0.598937 0.0271937 0.101277 0.167968
0.0056152 0.634261 0.0554115 0.0950275 0.209684
0.086786 0.634566 0.0313278 0.0857781 0.161542
9.9982E-05 0.545131 9.9982E-05 0.0284159 0.426253
0.141873 0.60329 0.124395 0.0399519 0.0904899
0.0748746 0.462793 0.235533 0.0895713 0.137228
0.0318932 0.634317 0.0694615 9.9991E-05 0.264228
0.127455 0.618622 0.0168529 0.128516 0.108555
0.0945235 0.508858 0.163585 0.0415427 0.19149
0.125949 0.451023 9.9991E-05 0.182449 0.240479
0.0546591 0.633744 0.0978152 9.9991E-05 0.213682
9.9991E-05 0.657334 0.0839845 0.0516517 0.20693
0.224072 0.324708 0.0779317 9.9991E-05 0.373188
0.395292 0.166632 0.0668472 0.0635492 0.307679
0.134683 0.560136 0.0532908 0.0252527 0.226638
0.511436 0.124042 0.073229 9.9991E-05 0.291193
0.152453 0.346704 0.00478415 0.0700373 0.426022
0.0607643 0.552578 9.9991E-05 0.0378811 0.348677
0.090579 0.434283 9.9982E-05 9.9982E-05 0.474938
0.0849039 0.396635 9.9991E-05 0.00942142 0.50894
0.0447406 0.653497 0.053727 0.0523954 0.19564
0.0815161 0.513587 0.145073 0.101523 0.1583
0.104714 0.538905 0.1398 0.0225834 0.193998
0.369762 0.172268 0.0843026 0.0264685 0.347199
0.0368919 0.550022 0.0689774 0.216457 0.127652
0.252116 0.572674 0.0623327 0.0616465 0.0512309
0.606622 0.0602528 9.9991E-05 0.173662 0.159364
0.193204 0.626209 0.120064 0.0604224 9.9991E-05
0.413505 0.428465 9.9991E-05 0.096267 0.0616631
0.191846 0.589428 0.085253 0.133372 9.9991E-05
0.445947 0.231389 0.100987 0.135177 0.0864991
0.44112 0.263794 9.9991E-05 0.119102 0.175883
0.263528 0.490788 0.0106801 0.104293 0.130712
0.184799 0.491713 0.151739 0.0457024 0.126046
0.282048 0.342994 0.102951 0.161091 0.110917
0.57199 0.0206658 0.178749 0.0915964 0.136999
0.0970613 0.560094 0.0372612 0.145067 0.160517
0.406014 0.480059 9.9982E-05 9.9982E-05 0.113727
0.288069 0.587626 0.0017931 0.00729239 0.115219
0.218455 0.528589 0.138366 0.11449 9.9991E-05
0.244505 0.145325 0.226109 0.381195 0.00286563
0.257149 9.9982E-05 0.136439 0.606212 9.9982E-05
0.354313 9.9982E-05 0.147421 0.498067 9.9982E-05
0.15219 0.0539239 0.366127 0.401641 0.0261168
0.266885 0.674669 0.058246 9.9982E-05 9.9982E-05
0.158712 0.637052 0.100735 0.103401 9.9991E-05
9.9982E-05 0.265231 0.717762 9.9982E-05 0.0168074
9.9991E-05 0.377522 0.489572 0.00278136 0.130025
0.198183 0.247358 0.397476 0.0983801 0.0586029
0.537557 0.38663 0.0364219 0.0339427 0.00544867
0.282369 0.478674 0.133767 0.0424337 0.062757
0.689653 0.239398 0.0311444 0.0397048 9.9991E-05
0.270217 0.631192 0.0664911 0.0320001 9.9991E-05
0.30445 0.571131 0.00977705 0.0976958 0.0169464
0.253527 0.627642 0.0617193 0.0126691 0.0444425
0.630453 0.274258 0.00594939 0.0362846 0.0530552
0.152007 0.63508 0.106784 0.0228804 0.0832482
0.242269 0.471485 0.1605 0.0624586 0.0632879
0.00840939 9.9973E-05 0.991291 9.9973E-05 9.9973E-05
9.9973E-05 0.0411243 0.958576 9.9973E-05 9.9973E-05
0.0202088 0.242173 0.637829 0.0127384 0.087051
9.9973E-05 0.292373 0.707327 9.9973E-05 9.9973E-05
9.9982E-05 0.161654 0.829464 9.9982E-05 0.00868198
9.997E-05 9.997E-05 0.9996 9.997E-05 9.997E-05
9.9973E-05 9.9973E-05 0.987326 9.9973E-05 0.0123737
9.9973E-05 0.165665 0.834035 9.9973E-05 9.9973E-05
9.9973E-05 9.9973E-05 0.987383 9.9973E-05 0.0123166
9.9973E-05 9.9973E-05 0.998709 0.000991395 9.9973E-05
9.997E-05 9.997E-05 0.9996 9.997E-05 9.997E-05
9.9982E-05 0.156509 0.802469 0.040822 9.9982E-05
9.9982E-05 0.0334995 0.882769 9.9982E-05 0.0835313
9.997E-05 9.997E-05 0.9996 9.997E-05 9.997E-05
9.9991E-05 0.299643 0.472545 0.0505594 0.177153
0.0367243 0.140231 0.695768 0.0515834 0.0756936
9.9982E-05 0.156369 0.794619 0.048812 9.9982E-05
9.9991E-05 0.0314395 0.888047 0.0381374 0.0422763
9.997E-05 9.997E-05 0.9996 9.997E-05 9.997E-05
9.9982E-05 9.9982E-05 0.958214 0.0413064 0.000279818
9.9973E-05 9.9973E-05 0.995917 0.00378293 9.9973E-05
9.9991E-05 0.234614 0.638103 0.05683 0.0703533
0.0245634 9.9982E-05 0.911209 9.9982E-05 0.0640272
0.565832 9.9982E-05 0.0722602 0.361708 9.9982E-05
0.157322 0.399164 0.127213 0.169447 0.146854
0.191219 0.450457 0.0671163 0.287637 0.00357042
0.390027 0.158033 0.130634 0.321206 9.9991E-05
0.201096 0.485596 0.239676 0.0401502 0.0334819
0.391119 0.203508 0.138548 0.266726 9.9991E-05
0.119273 0.467999 0.147041 0.196826 0.0688609
0.366659 0.230217 0.249222 0.153802 9.9991E-05
0.172223 0.450167 0.157611 0.219899 9.9991E-05
0.179962 0.351352 0.183094 0.285492 9.9991E-05
0.0683554 0.469591 0.0876359 0.170226 0.204192
0.0415625 0.0498791 0.00155944 0.815706 0.0912931
0.0249666 9.9982E-05 0.0470238 0.92781 9.9982E-05
0.0167944 9.9982E-05 9.9982E-05 0.941756 0.0412496
9.9982E-05 0.0142473 9.9982E-05 0.932086 0.0534671
9.9991E-05 0.0120442 0.0271958 0.887937 0.0727233
0.00248629 9.9982E-05 0.0694604 0.927853 9.9982E-05
9.9982E-05 0.034878 0.085008 0.879914 9.9982E-05
0.0646253 0.0285356 0.0042749 0.902464 9.9991E-05
9.9991E-05 0.0394868 0.00523849 0.946084 0.00909124
9.9973E-05 9.9973E-05 0.0993468 0.900353 9.9973E-05
0.11991 9.9991E-05 0.0132185 0.588612 0.27816
0.0566871 9.9982E-05 9.9982E-05 0.570643 0.37247
0.125083 9.9982E-05 9.9982E-05 0.548136 0.326581
0.0885281 9.9982E-05 9.9982E-05 0.476049 0.435223
0.193491 0.591423 9.9991E-05 0.0339625 0.181023
0.185999 0.581625 0.0660501 9.9991E-05 0.166226
0.0422752 0.708275 0.0463624 0.0478016 0.155285
0.150548 0.538427 9.9991E-05 0.0710326 0.239892
0.120626 0.227723 9.9982E-05 9.9982E-05 0.651451
0.119034 0.695476 0.109287 0.013533 0.0626704
0.144341 0.747589 0.0176605 9.9991E-05 0.0903096
0.235626 0.631295 0.0202535 9.9991E-05 0.112725
0.377434 0.483121 0.0482775 9.9991E-05 0.0910668
0.206451 0.589446 0.0744488 0.0283482 0.101306
0.258235 0.519166 9.9982E-05 9.9982E-05 0.222399
0.749545 0.0927766 9.9982E-05 9.9982E-05 0.157478
0.0837651 0.619437 9.9991E-05 0.0662187 0.230479
0.574712 0.421772 9.9982E-05 9.9982E-05 0.00331587
0.284607 0.688905 0.0262879 9.9982E-05 9.9982E-05
0.366791 0.295935 9.9982E-05 9.9982E-05 0.337074
0.0705288 9.9982E-05 9.9982E-05 0.122119 0.807152
0.0466892 0.0973182 9.9991E-05 0.0850204 0.770872
0.0268077 0.0156335 0.00809344 0.0322924 0.917173
0.0457355 9.9982E-05 9.9982E-05 0.112881 0.841184
0.0439475 0.0611501 0.0350005 0.00652771 0.853374
0.0374123 0.0546346 0.0692306 0.0830796 0.755643
9.9973E-05 0.11936 9.9973E-05 0.88034 9.9973E-05
9.9991E-05 0.0768055 0.00648734 0.82068 0.0959269
9.9991E-05 0.105539 0.0989547 0.766002 0.0294041
9.9991E-05 0.0692388 0.087513 0.771322 0.0718258
9.9991E-05 0.0215587 0.105941 0.817325 0.0550749
9.9973E-05 9.9973E-05 9.9973E-05 0.37861 0.62109
0.138061 9.9982E-05 9.9982E-05 0.479084 0.382656
0.104269 9.9982E-05 9.9982E-05 0.439186 0.456345
9.9991E-05 0.101834 0.0359718 0.844115 0.0179785
0.0938413 9.9982E-05 9.9982E-05 0.355109 0.55085
0.0956125 0.288376 0.390603 0.225308 9.9991E-05
9.9991E-05 0.480585 0.258726 0.185239 0.0753497
9.9982E-05 0.457778 0.342768 0.199254 9.9982E-05
0.0654943 0.368216 0.245145 0.257593 0.0635517
0.0581177 0.523636 0.182998 0.235148 9.9991E-05
0.182433 9.9982E-05 0.303966 0.513401 9.9982E-05
0.0836145 0.50733 9.9991E-05 0.0251156 0.38384
0.376078 0.410742 9.9991E-05 0.0752349 0.137845
0.036455 0.350868 9.9991E-05 0.125443 0.487135
0.287534 0.560669 0.0286818 9.9991E-05 0.123016
0.821043 9.9973E-05 9.9973E-05 9.9973E-05 0.178657
0.0492425 0.621716 0.0805625 0.134224 0.114255
0.202971 0.524132 0.0261965 0.00734613 0.239355
0.118446 0.411413 9.9991E-05 0.0270113 0.443029
0.0765701 0.557352 0.0814361 0.130802 0.153839
0.504307 0.209065 0.000647513 9.9991E-05 0.28588
0.198418 0.506341 0.0706182 0.016281 0.208342
9.9982E-05 0.588374 0.0206222 9.9982E-05 0.390804
0.173494 0.417761 0.211214 0.163808 0.0337238
0.270814 0.445359 0.0120209 9.9991E-05 0.271705
0.105068 0.556653 0.0158529 9.9991E-05 0.322327
0.155857 0.511916 0.147909 9.9991E-05 0.184219
0.165964 0.631274 0.0423517 9.9991E-05 0.16031
9.9991E-05 0.675067 0.0855965 0.0423676 0.196869
0.0477265 0.54154 0.110686 0.125756 0.174292
0.130046 0.589282 0.0801228 0.0647017 0.135848
9.9982E-05 0.116587 0.10309 0.780123 9.9982E-05
0.0184629 0.115776 0.00319664 0.862465 9.9991E-05
0.0313431 0.0960895 0.00152684 0.775302 0.0957382
0.0541085 0.0157602 0.0383975 0.807047 0.0846867
9.9982E-05 0.125537 0.00734498 0.866918 9.9982E-05
0.0364709 0.262935 0.0463159 9.9991E-05 0.654178
0.160828 0.473619 0.135654 0.0739926 0.155906
0.0601334 0.494644 0.110909 0.290367 0.0439462
0.0560237 0.678799 0.0886619 0.0121165 0.164399
0.0584165 0.539414 0.0803723 0.0454461 0.276351
0.262104 0.236449 0.12392 9.9991E-05 0.377427
0.211085 0.0454748 9.9991E-05 0.124836 0.618504
0.0905529 0.533213 0.0350745 0.0199705 0.321189
0.183236 0.178741 0.065332 0.0642536 0.508438
0.239251 0.399364 0.130471 0.0185453 0.212369
0.143832 0.151341 0.015354 0.124086 0.565387
9.9991E-05 0.540751 0.187369 0.0509415 0.220838
0.0949197 0.29066 9.9991E-05 0.0737487 0.540571
0.241732 0.290417 0.11503 0.0472359 0.305585
0.184753 0.659016 0.0521965 0.0709494 0.0330852
0.496253 0.321365 9.9991E-05 0.0537237 0.128559
0.244667 0.586673 0.0446435 0.12016 0.00385698
0.197177 0.631196 0.0609224 0.110604 9.9991E-05
0.465022 0.44499 9.9991E-05 0.00477915 0.0851083
0.217556 0.528767 0.120128 0.0330094 0.10054
0.220004 0.622207 0.0279465 0.101808 0.0280343
0.713722 0.182303 9.9982E-05 9.9982E-05 0.103775
0.66281 0.325409 9.9982E-05 0.0115808 9.9982E-05
0.370522 0.562953 9.9991E-05 0.00939786 0.0570264
0.614588 0.269655 9.9991E-05 0.00786774 0.107789
0.305422 0.540637 0.0130556 9.9991E-05 0.140786
0.195489 0.133196 0.0517156 9.9991E-05 0.619499
0.354222 0.24068 0.0488124 9.9991E-05 0.356186
0.0153892 0.448441 0.0650705 0.0644225 0.406677
9.9982E-05 0.639005 0.132612 9.9982E-05 0.228183
0.189881 0.30943 9.9982E-05 9.9982E-05 0.500489
0.23291 0.483812 0.107422 0.0934748 0.0823813
9.9991E-05 0.555977 0.190551 0.00973798 0.243634
0.149335 0.560002 0.108503 0.0359877 0.146171
0.118717 0.476757 0.13771 9.9991E-05 0.266716
0.0865488 0.459721 0.0685176 0.00370984 0.381503
0.107777 0.35656 0.0146219 9.9991E-05 0.520941
0.0527929 0.331915 0.163926 9.9991E-05 0.451266
0.0512406 0.681923 0.0639947 9.9991E-05 0.202741
0.0656709 0.644213 0.0737738 0.0469174 0.169425
0.171566 0.499881 0.000643369 0.114419 0.213491
0.112961 0.421126 0.177316 9.9991E-05 0.288497
9.9991E-05 0.446897 0.0721601 0.046508 0.434335
0.0400702 0.702555 0.0450357 9.9991E-05 0.212239
0.0507005 0.583256 0.0158941 0.116217 0.233933
0.13768 0.482124 0.135906 0.0398367 0.204453
9.9991E-05 0.402028 0.168654 0.385592 0.0436263
0.216864 0.316433 0.344961 0.0900848 0.031658
0.154052 0.381518 0.201667 0.231121 0.031643
0.0948002 0.558149 0.215092 0.0833832 0.0485758
0.0976634 0.472526 0.25803 0.169278 0.00250203
0.285829 0.480521 0.0751257 9.9991E-05 0.158425
0.0456993 0.575519 0.157189 0.148116 0.0734771
0.502022 0.0350929 0.147359 0.315427 9.9991E-05
0.0424814 0.466412 0.255539 0.0938589 0.141709
9.9982E-05 0.565463 0.200859 0.233478 9.9982E-05
0.147397 0.395422 0.34187 0.0199597 0.0953513
0.262944 0.282392 0.185026 0.219297 0.0503414
0.0574934 0.605958 0.138221 0.198228 9.9991E-05
0.0872074 0.512874 0.249434 0.128937 0.0215482
0.300482 9.9982E-05 0.177219 0.522099 9.9982E-05
0.0415822 0.569066 0.210431 0.17882 9.9991E-05
0.0765324 0.473055 0.247221 0.141764 0.0614277
0.0958608 0.649772 0.107303 0.146964 9.9991E-05
9.9982E-05 0.597101 0.197907 0.204792 9.9982E-05
0.0674226 0.459471 0.22665 0.159285 0.0871714
0.2584 0.471546 0.115792 0.0791547 0.0751076
0.158431 0.423578 0.202126 0.118516 0.097349
0.795555 0.0986997 9.9982E-05 9.9982E-05 0.105545
0.84097 0.0912355 0.0113071 9.9991E-05 0.0563874
0.257617 0.492944 0.105297 0.0982006 0.0459415
0.159046 0.383912 0.371803 0.0851384 9.9991E-05
0.234008 0.277333 0.388491 0.100068 9.9991E-05
0.260895 0.220067 0.307134 0.211804 9.9991E-05
0.176982 0.302573 0.35195 0.168395 9.9991E-05
0.662146 0.111731 0.119196 0.106828 9.9991E-05
0.515245 0.267493 0.100151 0.117011 9.9991E-05
0.245453 0.612901 0.13103 0.00735589 0.00326053
0.230639 0.56562 0.129283 0.0743572 9.9991E-05
0.473653 0.275694 0.128792 0.110151 0.0117094
0.222383 0.522659 0.148512 0.0132391 0.0932081
0.258997 0.556472 0.184331 9.9982E-05 9.9982E-05
0.227151 0.446585 0.184067 0.141907 0.000289838
0.519754 0.428337 9.9982E-05 9.9982E-05 0.0517088
0.49368 0.359934 0.119457 9.9991E-05 0.0268296
0.190156 0.591867 0.066933 0.0801925 0.0708512
0.290436 0.462003 0.0580059 0.0523636 0.137192
0.301483 0.427901 0.0459354 0.0666111 0.158069
0.36634 0.605797 9.9982E-05 0.0276639 9.9982E-05
0.569436 0.303843 0.0328039 9.9991E-05 0.0938167
0.345372 0.584937 0.0251101 0.0444816 9.9991E-05
0.596447 0.304669 0.021029 9.9991E-05 0.0777551
0.394407 0.562618 0.00823412 0.0346411 9.9991E-05
0.20518 0.677707 0.0238654 0.0931476 9.9991E-05
0.333693 0.477845 0.0671539 0.0205272 0.100781
0.115968 0.453144 0.346433 0.0843546 9.9991E-05
0.154985 0.396717 0.19395 0.110078 0.14427
0.16134 0.364227 0.31013 0.164202 9.9991E-05
0.115533 0.350972 0.262843 0.135946 0.134706
0.0709851 0.473231 0.217919 0.208495 0.0293696
0.164463 0.397238 0.216624 0.129233 0.0924426
0.586731 9.9982E-05 0.181045 0.232024 9.9982E-05
0.0660112 0.572443 0.280072 0.0813735 9.9991E-05
0.421277 9.9982E-05 0.154027 0.424496 9.9982E-05
0.141432 0.534076 0.292109 0.0322828 9.9991E-05
0.791147 0.208553 9.9973E-05 9.9973E-05 9.9973E-05
0.851084 0.0966423 9.9991E-05 0.014234 0.0379395
0.403564 0.5806 0.00940757 9.9991E-05 0.00632887
0.211542 0.690053 0.0750129 0.0232917 9.9991E-05
0.495723 0.491143 9.9982E-05 9.9982E-05 0.0129341
0.359464 0.590803 0.0495328 9.9982E-05 9.9982E-05
0.336807 0.583864 0.0791284 9.9982E-05 9.9982E-05
0.0655509 0.0413558 0.0474665 0.845527 9.9991E-05
9.9982E-05 9.9982E-05 0.123807 0.703226 0.172767
9.9982E-05 9.9982E-05 0.0374861 0.923999 0.0383145
9.9973E-05 0.0713441 9.9973E-05 0.928356 9.9973E-05
0.256714 0.590947 0.0563315 0.0185635 0.0774449
0.164035 0.66103 0.0275116 0.0637992 0.0836237
0.224351 0.65017 9.9982E-05 9.9982E-05 0.125279
0.174372 0.678696 9.9991E-05 0.11856 0.0282712
0.175861 0.564391 0.0612748 0.0835122 0.11496
0.352647 0.415774 9.9991E-05 0.0376141 0.193864
0.101499 0.740665 0.0236427 0.0653411 0.0688519
0.488075 0.483651 9.9982E-05 0.0280735 9.9982E-05
9.9991E-05 0.475077 0.208196 0.285722 0.030905
0.329205 0.565812 0.019879 9.9991E-05 0.085004
0.324706 0.522919 9.9982E-05 9.9982E-05 0.152175
0.272875 0.662201 0.0130558 9.9991E-05 0.0517683
0.302256 0.601179 9.9982E-05 9.9982E-05 0.0963652
0.273664 0.713513 9.9982E-05 0.0126226 9.9982E-05
0.119736 0.686012 9.9991E-05 0.111117 0.0830347
0.697995 0.301706 9.9973E-05 9.9973E-05 9.9973E-05
0.433752 0.437939 0.00519255 9.9991E-05 0.123017
0.340285 0.528286 9.9991E-05 0.0126506 0.118678
0.933708 0.065992 9.9973E-05 9.9973E-05 9.9973E-05
0.316427 0.5339 0.0216058 0.0507193 0.0773484
0.715776 0.283924 9.9973E-05 9.9973E-05 9.9973E-05
0.813672 0.138693 9.9991E-05 0.00336504 0.0441705
0.251779 0.611326 0.058701 0.0780945 9.9991E-05
0.43848 0.393581 9.9982E-05 9.9982E-05 0.167739
0.180119 0.581824 0.0405782 9.9991E-05 0.197379
0.225758 0.529374 0.091345 0.153423 9.9991E-05
0.218418 0.642967 0.0323642 9.9991E-05 0.106151
0.348903 0.347753 0.084596 9.9991E-05 0.218648
0.123626 0.687522 0.032184 9.9991E-05 0.156568
0.170657 0.622007 9.9991E-05 0.0251042 0.182131
0.467219 0.51646 9.9982E-05 9.9982E-05 0.016121
0.197592 0.646449 0.0929432 0.00283446 0.060182
0.00138163 0.0358806 9.9991E-05 0.666392 0.296246
9.9982E-05 0.0728308 9.9982E-05 0.789964 0.137005
0.0438938 9.9982E-05 9.9982E-05 0.8362 0.119706
0.0413895 9.9982E-05 9.9982E-05 0.816601 0.141809
9.9973E-05 9.9973E-05 9.9973E-05 0.723499 0.276201
0.40629 0.288632 9.9982E-05 9.9982E-05 0.304877
0.515064 0.286441 9.9991E-05 0.0205876 0.177808
0.6474 0.3523 9.9973E-05 9.9973E-05 9.9973E-05
0.149607 0.534657 0.0811219 0.146379 0.0882353
0.171032 0.568875 0.00753099 0.0979087 0.154654
0.45476 0.491718 9.9982E-05 0.053322 9.9982E-05
0.16431 0.677999 0.110524 0.0470668 9.9991E-05
0.30093 0.576064 9.9991E-05 0.0817424 0.0411644
0.165507 0.717749 9.9991E-05 0.0578571 0.0587869
9.9991E-05 0.667791 0.103608 0.00484289 0.223658
0.337093 0.413775 9.9982E-05 9.9982E-05 0.248932
0.236607 0.521856 9.9982E-05 9.9982E-05 0.241337
0.304103 0.492024 9.9982E-05 9.9982E-05 0.203673
0.152616 0.660373 0.0738889 0.0985457 0.0145764
0.269327 0.583193 9.9991E-05 0.019425 0.127956
0.223691 0.577299 0.0500083 0.0367203 0.112282
0.0383256 0.441868 0.459991 0.0597154 9.9991E-05
0.0144832 0.443119 0.414143 0.128155 9.9991E-05
0.0109308 0.368789 0.48237 0.137811 9.9991E-05
0.0362167 0.322965 0.516537 0.124181 9.9991E-05
0.0340835 0.414208 0.404755 0.087959 0.0589942
0.354362 0.566625 0.0788134 9.9982E-05 9.9982E-05
0.0209793 9.9991E-05 0.680782 0.276356 0.0217824
0.00753846 0.250169 0.537298 0.170873 0.0341216
0.1935 0.405768 0.266179 0.134453 9.9991E-05
0.107862 0.639833 0.0300866 0.21086 0.0113572
0.243998 0.489222 0.00025147 0.184137 0.0823916
0.141234 0.623545 0.072414 0.0612875 0.101519
0.088554 0.654893 0.0779886 0.0990664 0.0794979
9.9982E-05 0.308407 0.48408 0.207313 9.9982E-05
0.0230851 0.399304 0.465569 0.0752463 0.0367956
9.9982E-05 0.384305 0.506025 0.10947 9.9982E-05
0.0457735 0.449805 0.314083 0.11146 0.0788787
0.0216339 0.256339 0.606624 0.106856 0.00854708
0.0714553 0.447529 0.300632 0.13607 0.0443138
0.0167456 0.154043 0.619129 0.174463 0.03562
0.01523 0.383182 0.432513 0.11226 0.0568145
0.174077 0.600277 0.063105 0.10418 0.0583611
0.119793 0.31415 0.380609 0.185349 9.9991E-05
9.9991E-05 0.162292 0.641845 0.190435 0.00532801
0.139842 0.348521 0.435266 0.0610259 0.0153441
0.259499 0.266594 0.0198209 0.148687 0.305399
0.199796 0.51688 0.179675 0.0590597 0.0445904
0.0111805 0.277399 0.371953 0.137362 0.202106
0.0327752 0.630168 0.0517842 0.137893 0.147379
0.212953 0.50955 0.0661379 0.157309 0.05405
0.13146 0.415614 0.189145 0.263682 9.9991E-05
0.164581 0.28897 0.31096 0.23539 9.9991E-05
0.0265895 0.528543 0.166918 0.104675 0.173274
0.117118 0.313787 0.411185 0.157811 9.9991E-05
0.00268689 0.404955 0.51585 0.0764082 9.9991E-05
0.0737272 0.100409 0.615942 0.209821 9.9991E-05
0.11766 0.594533 0.12479 0.087488 0.07553
0.204858 0.539063 9.9991E-05 0.116027 0.139953
0.610253 0.167423 0.0967756 0.125448 9.9991E-05
0.101356 0.65879 0.0999188 0.109559 0.030376
0.174854 0.438859 0.0391009 0.136999 0.210187
0.104419 0.446271 0.209382 0.239827 9.9991E-05
0.144765 0.463618 0.142328 0.222139 0.0271493
0.425103 9.9982E-05 0.193086 0.38161 9.9982E-05
0.491782 9.9982E-05 0.150576 0.357443 9.9982E-05
0.297201 0.254607 0.204348 0.183578 0.060265
0.384298 9.9982E-05 0.230474 0.385028 9.9982E-05
0.261481 9.9982E-05 0.221842 0.516477 9.9982E-05
0.318117 0.309778 0.20059 0.171415 9.9991E-05
0.183364 0.339085 0.194249 0.283202 9.9991E-05
0.304212 0.0631426 0.296145 0.25958 0.07692
0.431151 0.0488326 0.212508 0.300039 0.00747044
0.188149 0.488498 0.171473 0.151163 0.000716837
0.480649 0.094253 0.206916 0.218082 9.9991E-05
0.423577 9.9982E-05 0.0571485 0.519075 9.9982E-05
0.0316198 0.480348 0.239343 0.174063 0.0746265
0.216243 0.316983 0.283899 0.182774 9.9991E-05
0.0453568 0.370786 0.239714 0.301635 0.0425082
9.9982E-05 0.497516 0.353456 0.148828 9.9982E-05
0.0724283 0.524063 0.182828 0.22058 9.9991E-05
0.094379 0.427941 0.272701 0.187365 0.0176135
9.9982E-05 0.423438 0.1545 0.421863 9.9982E-05
9.9991E-05 0.473028 0.289874 0.171906 0.0650915
9.9991E-05 0.435209 0.285191 0.214613 0.0648873
0.187886 0.263098 0.275226 0.226054 0.047736
0.206961 0.39253 0.0993656 0.197239 0.103905
0.0543469 0.522408 0.164485 0.201785 0.0569756
0.0500936 0.573238 0.154317 0.222251 9.9991E-05
0.154973 0.632231 0.153441 0.0228692 0.0364856
0.0227696 0.40901 0.207297 0.29679 0.0641331
9.9991E-05 0.55229 0.196217 0.209603 0.0417903
0.205484 0.2099 0.193642 0.390874 9.9991E-05
0.0433554 0.459394 0.294563 0.162885 0.039803
0.185165 0.158133 0.383496 0.273106 9.9991E-05
0.0852156 0.00122899 9.9991E-05 0.779774 0.133681
0.0367482 0.0257765 0.082785 0.0730367 0.781654
9.9973E-05 9.9973E-05 9.9973E-05 0.0157725 0.983928
9.997E-05 9.997E-05 9.997E-05 9.997E-05 0.9996
9.9973E-05 0.0188971 9.9973E-05 9.9973E-05 0.980803
9.9973E-05 9.9973E-05 0.0549325 9.9973E-05 0.944768
9.9973E-05 0.0918006 9.9973E-05 9.9973E-05 0.907899
9.9973E-05 9.9973E-05 9.9973E-05 0.0522717 0.947428
9.9982E-05 9.9982E-05 0.00487696 0.18833 0.806593
9.9982E-05 9.9982E-05 0.0198469 0.920038 0.0599154
9.9982E-05 0.104459 9.9982E-05 0.842903 0.0524383
0.00301674 0.0304655 0.0614941 0.881343 0.0236808
9.9982E-05 0.00198186 9.9982E-05 0.802713 0.195105
9.9982E-05 9.9982E-05 0.0253405 0.925143 0.0493169
9.9973E-05 9.9973E-05 9.9973E-05 0.898956 0.100744
9.9991E-05 0.0499268 0.126877 0.793386 0.0297108
9.9982E-05 0.0770945 0.0459916 0.876714 9.9982E-05
9.9982E-05 0.128273 9.9982E-05 0.723763 0.147764
9.9982E-05 0.00825715 0.0672406 0.924302 9.9982E-05
9.9973E-05 9.9973E-05 9.9973E-05 0.941909 0.057791
0.00422183 0.00747514 0.0690001 0.854267 0.0650364
9.9973E-05 9.9973E-05 9.9973E-05 0.955873 0.0438276
9.9982E-05 0.0529328 9.9982E-05 0.938206 0.00866141
9.9991E-05 0.0898343 0.0220558 0.880001 0.00800891
9.9982E-05 0.0639809 0.0675289 0.86829 9.9982E-05
9.9982E-05 0.0622775 0.174156 0.763366 9.9982E-05
9.9982E-05 0.145511 0.0731795 0.781109 9.9982E-05
9.9982E-05 0.0892938 0.0832856 0.827221 9.9982E-05
0.253738 0.366342 0.122528 0.118202 0.139191
0.095828 0.703134 9.9991E-05 0.107016 0.0939225
0.0820595 0.525156 0.0858213 0.160252 0.146711
0.651904 0.190442 0.0521993 0.105355 9.9991E-05
0.0889635 0.606156 0.0445186 0.143113 0.117248
0.596893 0.142528 0.0461854 0.214294 9.9991E-05
0.123125 0.730272 0.039039 0.107464 9.9991E-05
0.231418 0.510154 9.9991E-05 0.119792 0.138535
0.234506 0.621192 0.019146 0.106758 0.0183976
0.310512 0.643355 9.9982E-05 0.0459326 9.9982E-05
0.170032 0.475636 0.0142661 0.138664 0.201403
0.137482 0.731218 9.9982E-05 0.1311 9.9982E-05
0.112417 0.666896 9.9991E-05 0.117349 0.103239
0.400878 0.0450328 0.0601619 9.9991E-05 0.493827
0.800769 9.9982E-05 9.9982E-05 0.0847686 0.114262
0.622794 0.150886 0.0852744 0.108628 0.0324179
0.100938 0.638518 0.108454 0.124095 0.027995
0.174234 0.592585 9.9991E-05 0.152387 0.0806945
0.232909 0.594099 9.9982E-05 0.172792 9.9982E-05
0.173304 0.6336 0.137565 0.0554311 9.9991E-05
0.0228989 0.595636 0.217783 0.151486 0.012197
9.9991E-05 0.647461 0.146945 0.176702 0.0287922
0.144127 0.141878 0.152231 0.457398 0.104366
0.0188253 0.676693 0.0303694 0.133429 0.140684
0.101754 0.433699 0.116743 0.263754 0.0840493
0.385821 9.9982E-05 0.170643 0.443336 9.9982E-05
0.173075 0.295447 0.216828 0.314551 9.9991E-05
0.0916471 0.371552 0.114966 0.38528 0.036556
9.9991E-05 0.51633 0.0320796 0.330143 0.121347
0.061987 0.550845 0.187809 0.17576 0.0235989
0.0879552 0.422253 0.236668 0.19627 0.0568543
0.0120216 0.598944 0.213892 0.117361 0.0577809
0.236902 0.303912 0.241309 0.217777 9.9991E-05
0.0291714 0.311961 0.156703 0.499052 0.00311255
