0.0121795 0.852323 9.9973E-05 0.019426 9.9973E-05 0.0759083 0.0398629 9.9973E-05
9.9964E-05 0.876414 0.0442765 9.9964E-05 9.9964E-05 0.0432087 0.0357015 9.9964E-05
0.0366645 0.722484 9.9973E-05 0.163004 0.012103 0.0654449 9.9973E-05 9.9973E-05
0.0741087 0.721132 9.9973E-05 0.0438475 9.9973E-05 0.0624831 0.0981288 9.9973E-05
0.0494545 0.835861 0.0763405 0.0379444 9.9964E-05 9.9964E-05 9.9964E-05 9.9964E-05
0.114593 0.587356 9.9982E-05 0.0127862 0.058256 9.9982E-05 0.0187074 0.208102
0.0488507 0.730787 9.9973E-05 9.9973E-05 9.9973E-05 0.0446601 0.0181193 0.157283
0.0401902 0.65897 9.9973E-05 9.9973E-05 9.9973E-05 0.0327913 0.0921114 0.175638
9.99639E-05 0.856375 9.99639E-05 9.99639E-05 0.0449498 9.99639E-05 0.0641787 0.0340967
0.132569 0.641913 0.00438256 0.0261703 9.9982E-05 9.9982E-05 0.0583095 0.136456
9.9964E-05 0.71292 9.9964E-05 9.9964E-05 0.0240956 9.9964E-05 0.128293 0.134291
0.0944418 9.9973E-05 9.9973E-05 0.259799 0.156383 9.9973E-05 0.466857 0.0222185
9.9964E-05 9.9964E-05 9.9964E-05 0.55541 9.9964E-05 0.0566065 0.365574 0.0220091
0.0637926 0.00286772 0.08583 0.236502 0.0193378 0.00771093 0.524965 0.0589945
0.1438 0.0677713 9.9973E-05 0.326681 9.9973E-05 9.9973E-05 0.392444 0.0690026
0.0917971 0.0898745 9.9982E-05 0.411412 9.9982E-05 0.0116793 0.201114 0.193923
0.0455077 0.166244 9.9991E-05 0.596784 0.071192 0.00830034 0.0894524 0.0224201
0.105082 9.9991E-05 0.00808789 0.392464 0.175396 0.0360701 0.207529 0.07527
0.0176174 0.14552 9.9973E-05 0.37298 0.130979 9.9973E-05 0.332605 9.9973E-05
0.063106 9.9982E-05 9.9982E-05 0.0224953 0.13644 0.0283196 0.646183 0.103256
0.121203 9.9982E-05 0.0725153 0.371954 0.150729 0.0197539 0.263644 9.9982E-05
9.9982E-05 0.0386715 0.121352 0.503531 9.9982E-05 0.0243448 0.138527 0.173373
0.0402371 0.0832924 0.0632799 0.467811 0.171605 9.9991E-05 0.14296 0.0307143
0.079739 9.9991E-05 0.0111251 0.292279 0.13152 0.0305838 0.386798 0.0678554
9.9973E-05 0.0975518 9.9973E-05 0.692893 9.9973E-05 0.00586265 0.0630977 0.140295
0.0995509 9.9982E-05 9.9982E-05 0.48215 0.0468254 0.0337109 0.27127 0.0662931
0.102092 0.0249424 0.0298667 0.157807 0.113847 0.0382823 0.533063 9.9991E-05
0.290929 9.9973E-05 9.9973E-05 0.132849 0.0851429 9.9973E-05 0.427967 0.0628119
9.9982E-05 0.0352222 0.076667 0.273687 0.0717387 9.9982E-05 0.463377 0.0791075
9.994E-05 9.994E-05 9.994E-05 9.994E-05 9.994E-05 0.9993 9.994E-05 9.994E-05
9.994E-05 9.994E-05 9.994E-05 9.994E-05 9.994E-05 0.9993 9.994E-05 9.994E-05
9.9964E-05 0.463861 9.9964E-05 0.116646 9.9964E-05 0.399187 0.0199053 9.9964E-05
0.0598177 0.496716 9.9973E-05 0.124568 0.0683096 0.250289 9.9973E-05 9.9973E-05
0.0286335 9.9982E-05 0.00421664 0.569904 0.210779 9.9982E-05 0.0732658 0.113001
0.064748 0.0589648 0.0490015 0.438324 0.210512 9.9991E-05 0.152455 0.0258948
0.0222053 9.9973E-05 9.9973E-05 0.508016 0.379228 0.00837725 9.9973E-05 0.0818737
0.00674557 0.0674333 0.0340466 0.164128 0.117049 0.0273589 0.583138 9.9991E-05
0.0761812 9.9973E-05 9.9973E-05 0.226139 0.567185 0.0580892 9.9973E-05 0.0721061
9.9973E-05 0.108752 0.0616206 0.488383 0.262584 9.9973E-05 0.0783605 9.9973E-05
0.0427333 0.0167673 0.0232766 0.677644 0.168215 0.0223017 0.0290072 0.0200552
0.00829509 0.0690215 9.9991E-05 0.564767 0.157526 0.0395913 0.00431535 0.156384
9.999E-05 0.041899 0.0124714 0.629027 0.134546 0.036172 0.045018 0.100767
9.9982E-05 0.0362601 9.9982E-05 0.117994 0.620927 0.0327207 0.181322 0.0105761
0.092345 0.0281244 9.9982E-05 0.598674 0.0899091 9.9982E-05 0.0524591 0.138289
0.078428 0.00427105 0.0526994 0.598863 0.174119 0.0102772 9.9991E-05 0.0812428
0.141187 0.069304 0.0672577 0.499473 0.0812882 0.0123016 0.061958 0.0672304
9.9964E-05 9.9964E-05 0.067693 0.295179 0.635774 0.000954178 9.9964E-05 9.9964E-05
0.0439229 0.0147527 9.9982E-05 0.599578 0.283822 0.0490087 9.9982E-05 0.00871623
0.0338229 0.133946 0.0918109 0.545945 0.173287 0.0209886 9.9982E-05 9.9982E-05
9.9964E-05 0.0415815 0.0877833 9.9964E-05 0.612946 9.9964E-05 9.9964E-05 0.257289
0.00640609 9.9991E-05 0.019537 0.175067 0.221144 0.00340493 0.425483 0.148858
0.0265378 9.9982E-05 0.137578 0.0699326 0.156621 9.9982E-05 0.267958 0.341173
0.112288 0.0768917 0.088758 0.465834 0.0281552 0.048677 0.179297 9.9991E-05
0.0932272 0.0585416 0.0596219 0.617762 0.0514602 9.9991E-05 0.00994749 0.10934
0.0252837 0.115934 0.0709267 0.592937 0.0758874 9.9991E-05 0.0297125 0.0892194
9.999E-05 0.0445126 0.0461238 0.15883 0.217071 0.0423133 0.372666 0.118383
9.9982E-05 9.9982E-05 0.0492381 0.5462 0.0739974 0.0309055 0.203744 0.0957155
0.0967628 0.0547285 9.9982E-05 0.483179 0.0918579 9.9982E-05 0.144257 0.129014
9.999E-05 0.0698278 0.0739002 0.356126 0.125023 0.0542877 0.203989 0.116746
0.0626483 0.177933 0.0376219 0.0986909 0.0653485 0.0385703 0.365327 0.15386
0.00729343 9.9991E-05 0.0143843 0.601146 0.0994303 0.0494316 0.118309 0.109905
0.0797358 0.0657497 0.102765 0.365753 0.0438932 9.9991E-05 0.294787 0.0472163
9.9982E-05 9.9982E-05 0.0512143 0.0319867 0.160393 0.0504766 0.506804 0.198925
9.9982E-05 9.9982E-05 0.120291 0.522441 0.0256601 0.0417747 0.246194 0.0434401
0.0455655 9.9982E-05 0.125077 0.699396 0.0227449 9.9982E-05 0.0446298 0.0623865
0.0823133 9.9991E-05 0.0735017 0.516319 0.0255216 0.0664844 0.202522 0.0332385
0.0614779 0.0351402 0.105568 0.296784 0.163391 0.0247158 0.26212 0.0508029
0.0197408 9.9991E-05 0.0600651 0.460182 0.132259 0.0665514 0.181175 0.0799262
0.100503 9.9991E-05 0.0683241 0.540416 0.0804526 0.0438146 0.128353 0.0380361
9.9982E-05 9.9982E-05 0.0958091 0.20164 0.115617 0.0536038 0.401192 0.131938
9.9955E-05 9.9955E-05 9.9955E-05 0.523763 0.442863 9.9955E-05 0.0328745 9.9955E-05
9.9964E-05 9.9964E-05 9.9964E-05 0.194268 0.718345 0.022337 0.0646507 9.9964E-05
9.9982E-05 0.110526 0.0679182 0.54027 0.219989 0.00160263 0.0594946 9.9982E-05
0.0125338 0.00945537 0.0252118 9.9973E-05 0.828126 9.9973E-05 9.9973E-05 0.124373
9.9973E-05 0.00441946 0.0997265 9.9973E-05 0.797986 9.9973E-05 0.0164239 0.0811439
0.0363147 9.9955E-05 9.9955E-05 0.176912 0.786273 9.9955E-05 9.9955E-05 9.9955E-05
9.9973E-05 0.0141254 9.9973E-05 0.389311 0.547908 0.0226489 9.9973E-05 0.0257069
0.0539603 0.102376 0.138297 0.531787 0.00568817 0.063804 0.103988 9.9991E-05
0.0475414 9.9982E-05 0.0785907 0.293471 0.515853 0.0332032 9.9982E-05 0.031141
0.0710842 0.0128459 9.9982E-05 0.0724319 0.631061 0.0210196 0.191357 9.9982E-05
9.9964E-05 0.0419936 9.9964E-05 0.243875 0.492116 9.9964E-05 0.221616 9.9964E-05
0.110115 9.9973E-05 9.9973E-05 0.519887 0.268716 0.0631302 0.0378515 9.9973E-05
0.0713155 0.0407459 9.9982E-05 0.264239 0.542896 9.9982E-05 0.0684326 0.0121713
9.9982E-05 0.0373922 9.9982E-05 0.430982 0.438893 0.036447 0.0224881 0.0335975
0.00912081 9.9982E-05 0.0807935 0.309504 0.586522 0.0103329 9.9982E-05 0.00352753
9.9964E-05 0.0026309 0.174271 9.9964E-05 0.654337 9.9964E-05 9.9964E-05 0.168362
0.0990394 0.0055811 0.0168153 0.456156 0.350707 9.9982E-05 9.9982E-05 0.0715013
0.0352301 0.774531 9.9982E-05 0.0659263 0.0339007 0.043413 0.0467989 9.9982E-05
9.9955E-05 0.805464 9.9955E-05 0.0984623 9.9955E-05 0.095574 9.9955E-05 9.9955E-05
0.029368 0.731561 9.9964E-05 0.0992505 9.9964E-05 0.139421 9.9964E-05 9.9964E-05
0.0251626 0.777923 9.9973E-05 9.9973E-05 0.0503319 0.121538 9.9973E-05 0.0247447
0.0141017 0.791977 9.9982E-05 0.054766 0.0239298 0.0973169 9.9982E-05 0.0177089
9.9973E-05 0.864793 9.9973E-05 0.0740967 0.0127265 0.047463 0.000621163 9.9973E-05
0.00598334 0.833962 9.9964E-05 0.0861157 9.9964E-05 0.0735391 9.9964E-05 9.9964E-05
0.158289 0.0332253 9.9991E-05 0.376849 0.286154 0.0596088 0.0204101 0.0653636
0.0887097 0.0779533 0.000394943 0.5696 0.161013 9.9991E-05 0.0436676 0.0585614
9.9973E-05 0.0396845 0.0872967 0.000514447 0.776505 9.9973E-05 0.0956998 9.9973E-05
0.0759789 0.0827984 0.0511096 0.529102 0.155281 0.0287931 9.9991E-05 0.0768377
9.9973E-05 0.00575378 9.9973E-05 0.391284 0.445205 0.0196478 0.137809 9.9973E-05
0.0324353 0.0571283 0.10639 0.628534 0.162463 0.0128495 9.9982E-05 9.9982E-05
0.0684613 9.9991E-05 0.00813527 0.479249 0.296153 0.0206675 0.0786838 0.0485504
0.0757588 0.0195768 0.0295486 0.451238 0.366303 0.00321901 9.9991E-05 0.0542558
9.9955E-05 0.0906713 9.9955E-05 9.9955E-05 0.710089 9.9955E-05 0.198739 9.9955E-05
0.0352141 0.107315 0.0510304 0.539437 0.153686 0.0145319 0.0821688 0.0166167
0.0157887 0.0839058 0.0831065 0.595876 0.179249 9.9982E-05 9.9982E-05 0.0418742
0.0726854 0.129515 9.9991E-05 0.58515 0.0267072 0.0322847 0.109057 0.044501
9.9982E-05 0.00460804 0.00396074 0.279869 0.514909 0.021649 9.9982E-05 0.174805
9.9973E-05 0.0380418 0.034572 0.466264 0.408237 0.0525853 9.9973E-05 9.9973E-05
9.9973E-05 9.9973E-05 0.0584736 0.421203 0.32268 0.0616549 0.135688 9.9973E-05
0.0913077 9.9982E-05 0.032815 0.289761 0.54405 0.00870092 0.0331653 9.9982E-05
0.026227 0.0516073 9.9982E-05 0.403744 0.410599 0.035563 0.0720594 9.9982E-05
9.9991E-05 0.129631 0.0258033 0.546397 0.0722103 0.0360236 0.129655 0.0601803
0.0689007 9.9991E-05 0.154585 0.173624 0.0319194 0.0467418 0.363775 0.160354
0.0595669 0.0889034 9.9991E-05 0.464476 0.0170588 0.0252467 0.290734 0.0539137
9.9973E-05 0.0936712 0.197684 0.519871 9.9973E-05 0.0478144 0.14066 9.9973E-05
0.0875252 0.0492722 0.0909785 0.594624 0.0901365 9.9991E-05 0.00259856 0.0847645
9.9964E-05 9.9964E-05 0.0543452 0.533896 9.9964E-05 0.0637587 0.3476 9.9964E-05
0.0719226 0.0493714 0.0159689 0.56843 0.00136713 0.00159702 0.271336 0.0200072
9.9973E-05 0.0590967 0.0496725 0.471493 0.0541255 9.9973E-05 0.365313 9.9973E-05
0.0209855 0.0311385 0.183054 0.499307 9.9982E-05 0.0709666 0.194349 9.9982E-05
0.0784264 0.0560648 0.0223563 0.568481 0.0828467 9.9991E-05 0.119834 0.0718911
9.9973E-05 0.10848 0.104334 0.564186 9.9973E-05 9.9973E-05 0.166987 0.0557128
9.9973E-05 9.9973E-05 0.0829291 0.533524 0.0624296 0.0288169 0.292 9.9973E-05
0.101949 0.00407452 0.0329575 0.48639 9.9991E-05 0.0406117 0.223846 0.110071
0.111629 0.0696882 0.0912769 0.563849 0.0580145 9.9982E-05 0.105343 9.9982E-05
0.0817222 9.9973E-05 0.114631 0.554644 0.0520477 9.9973E-05 0.196655 9.9973E-05
0.0462441 0.0558093 0.0899068 0.571138 0.00537101 9.9991E-05 0.115807 0.115623
0.135977 9.9982E-05 0.168584 0.373326 0.120193 0.042961 0.158759 9.9982E-05
0.0160428 0.0979471 0.139111 0.386895 9.9991E-05 0.0427006 0.231081 0.0861225
0.121426 9.9973E-05 9.9973E-05 0.572671 0.0778654 9.9973E-05 0.189544 0.0381927
0.0205853 0.0201298 0.107703 0.614014 9.9991E-05 0.010293 0.143653 0.0835217
0.0561695 0.00299944 0.135821 0.284646 0.0926185 0.0123502 0.374569 0.0408258
0.0178617 0.00674143 0.180758 0.192404 0.0554227 9.9991E-05 0.295856 0.250856
0.0110939 0.0368289 9.9982E-05 0.529837 0.143283 9.9982E-05 0.157276 0.121482
0.0902266 9.9991E-05 0.294439 0.0403733 0.121164 0.00538486 0.276866 0.171446
9.9991E-05 0.0586896 0.108211 0.272166 0.175717 0.00569483 0.376311 0.00311025
9.9973E-05 9.9973E-05 0.00938645 0.440103 0.132839 9.9973E-05 0.383315 0.0340568
9.9973E-05 9.9973E-05 0.094339 0.324128 0.151742 0.038269 0.391222 9.9973E-05
0.0366295 0.0189832 9.9982E-05 0.32527 0.118605 9.9982E-05 0.497645 0.00266795
9.9982E-05 9.9982E-05 0.0214733 0.590574 0.078313 0.10629 0.180781 0.0223681
0.0764199 0.111761 0.0866534 0.56326 9.9991E-05 0.0228669 0.0743358 0.064603
9.9991E-05 0.0884937 0.0948803 0.544801 0.0174415 0.0103631 0.239195 0.00472547
0.0332037 9.9991E-05 0.185343 0.154388 0.0476449 0.00272004 0.350119 0.226481
0.0231631 0.105456 0.0491772 0.499476 0.188582 0.00698956 0.000215935 0.126941
0.0278669 9.9982E-05 0.0265769 0.509005 0.129616 9.9982E-05 0.0692073 0.237528
9.9991E-05 0.0999062 0.102431 0.0225223 0.112545 0.0145832 0.158143 0.48977
0.0054223 0.0940797 0.0575804 0.596736 0.057095 0.00256457 9.9991E-05 0.186422
0.00550365 9.9991E-05 0.0956729 0.385767 0.130384 0.0220057 0.0137073 0.34686
0.0243914 9.9982E-05 0.066364 0.559493 9.9982E-05 0.00757221 0.1274 0.214579
0.0275602 0.0361938 0.0670249 0.26829 0.014054 9.9991E-05 0.140852 0.445925
9.9982E-05 9.9982E-05 0.0496126 0.19574 0.07691 0.0672896 0.173262 0.436986
9.9982E-05 0.0479784 0.225031 0.421593 0.073501 9.9982E-05 0.0689509 0.162745
0.0118902 0.131263 0.0456512 0.49874 0.111629 0.0022615 0.120414 0.0781512
0.0640599 0.0944376 0.0438359 0.41385 0.0664108 0.00318088 0.151153 0.163072
0.162155 9.9982E-05 0.0546669 9.9982E-05 0.2206 0.0349563 0.1333 0.394122
0.0933565 0.0356358 0.0496981 0.536363 0.0521482 0.0246733 0.126717 0.0814077
9.9973E-05 9.9973E-05 0.0273828 0.369209 0.175213 9.9973E-05 0.104414 0.323481
9.9973E-05 9.9973E-05 0.125368 0.414607 0.135872 9.9973E-05 0.173482 0.15037
0.0227905 0.139392 0.0542935 0.592898 0.130542 0.00597314 0.00818335 0.0459281
0.237139 0.239702 9.9982E-05 0.139669 0.0210242 0.0754616 9.9982E-05 0.286805
0.125664 0.44861 9.9964E-05 9.9964E-05 9.9964E-05 0.0311377 9.9964E-05 0.394188
0.118385 0.388895 9.9964E-05 9.9964E-05 9.9964E-05 0.0201769 9.9964E-05 0.472144
0.295023 0.29972 9.9982E-05 0.099021 9.9982E-05 0.0309195 0.0283488 0.246768
9.9964E-05 9.9964E-05 0.0454424 0.634542 0.0865455 9.9964E-05 9.9964E-05 0.23307
0.106396 0.0817488 0.0206616 0.514171 0.0873537 9.9991E-05 0.170154 0.0194142
0.690379 9.9964E-05 9.9964E-05 0.253707 9.9964E-05 0.0117993 0.043714 9.9964E-05
0.405938 9.9982E-05 0.0313698 0.331048 0.034084 0.0538114 0.143548 9.9982E-05
0.416676 0.0484557 0.031969 0.308668 9.9991E-05 0.0657951 0.105658 0.0226778
9.9973E-05 9.9973E-05 0.187574 0.310938 0.101623 0.00113323 9.9973E-05 0.398432
0.0289663 0.0622784 9.9982E-05 0.578171 0.107378 0.0739468 9.9982E-05 0.149059
9.9973E-05 9.9973E-05 0.178953 0.190726 0.0354232 0.00264157 9.9973E-05 0.591956
9.9982E-05 0.0069352 0.0796214 0.659188 0.0222191 9.9982E-05 0.0211476 0.210689
9.9973E-05 9.9973E-05 0.103378 0.497935 0.085062 9.9973E-05 0.0392966 0.274028
9.9964E-05 9.9964E-05 0.0580886 0.588633 0.027269 9.9964E-05 9.9964E-05 0.325609
9.9973E-05 9.9973E-05 0.123044 0.207622 0.105328 9.9973E-05 0.0527518 0.510954
0.202371 9.9973E-05 9.9973E-05 0.45197 0.174652 9.9973E-05 0.0290747 0.141632
0.0922983 0.0711766 0.130016 0.531552 0.0477254 9.9991E-05 0.0381812 0.0889512
0.96785 9.9946E-05 0.03155 9.9946E-05 9.9946E-05 9.9946E-05 9.9946E-05 9.9946E-05
0.899786 9.9964E-05 0.0237746 0.0757768 9.9964E-05 9.9964E-05 9.9964E-05 0.000262838
0.572676 0.0272371 0.00672415 0.263313 0.0139987 0.0238387 0.0921123 9.9991E-05
0.653228 9.9964E-05 0.0547638 0.271523 9.9964E-05 0.0200851 9.9964E-05 9.9964E-05
0.787004 9.9964E-05 9.9964E-05 0.107873 0.0570847 9.9964E-05 9.9964E-05 0.0476386
0.9993 9.994E-05 9.994E-05 9.994E-05 9.994E-05 9.994E-05 9.994E-05 9.994E-05
0.974045 9.9946E-05 9.9946E-05 9.9946E-05 9.9946E-05 9.9946E-05 0.0253554 9.9946E-05
0.843426 9.9955E-05 0.0229702 0.133104 9.9955E-05 9.9955E-05 9.9955E-05 9.9955E-05
0.962201 9.9946E-05 9.9946E-05 9.9946E-05 9.9946E-05 9.9946E-05 0.0371996 9.9946E-05
0.9993 9.994E-05 9.994E-05 9.994E-05 9.994E-05 9.994E-05 9.994E-05 9.994E-05
0.981779 9.9946E-05 9.9946E-05 9.9946E-05 9.9946E-05 0.0176212 9.9946E-05 9.9946E-05
0.738783 0.00735916 0.000179537 0.192599 9.9982E-05 0.0336538 0.0272253 9.9982E-05
0.793828 0.0497825 9.9973E-05 0.131535 9.9973E-05 9.9973E-05 0.00887737 0.0156771
0.983655 9.9946E-05 9.9946E-05 9.9946E-05 0.0157455 9.9946E-05 9.9946E-05 9.9946E-05
0.389471 0.0491289 9.9982E-05 0.231834 0.161131 0.026351 0.141883 9.9982E-05
0.658161 0.0278987 9.9982E-05 0.221002 0.0155871 0.031836 0.045316 9.9982E-05
0.763028 9.9964E-05 9.9964E-05 0.139043 9.9964E-05 0.036914 0.060615 9.9964E-05
0.838181 0.0109735 9.9973E-05 0.119688 9.9973E-05 0.00609576 0.0247624 9.9973E-05
0.9993 9.994E-05 9.994E-05 9.994E-05 9.994E-05 9.994E-05 9.994E-05 9.994E-05
0.913668 0.0418865 0.0119182 0.0187841 9.9982E-05 0.00671978 0.00682335 9.9982E-05
0.966963 9.9946E-05 9.9946E-05 9.9946E-05 9.9946E-05 0.0324376 9.9946E-05 9.9946E-05
0.612475 0.016085 0.0457449 0.211518 9.9982E-05 0.0448034 0.0691744 9.9982E-05
0.906556 9.9973E-05 0.0473885 0.0183046 0.0096534 9.9973E-05 0.0177974 9.9973E-05
0.0459673 0.257885 0.0435381 9.9964E-05 9.9964E-05 9.9964E-05 9.9964E-05 0.65221
0.0878444 0.136562 0.00293376 0.44188 9.9991E-05 0.021952 0.168917 0.139811
0.0603325 0.172415 9.9991E-05 0.453676 0.00445718 0.0212177 0.0438195 0.243982
0.113712 0.0998118 0.0090354 0.149171 0.0466529 0.0686071 9.9991E-05 0.512909
0.153319 0.065976 9.9982E-05 0.447456 9.9982E-05 0.0158795 0.0350589 0.282111
0.129638 0.161382 0.0256545 0.204473 0.0205715 0.0259538 9.9991E-05 0.432227
0.094968 0.180316 0.0253926 0.437118 0.053214 9.9991E-05 0.0901654 0.118726
0.164603 0.146095 0.0326208 0.289108 0.0924837 9.9982E-05 9.9982E-05 0.274889
0.202108 0.0882788 9.9973E-05 0.368693 9.9973E-05 0.0617803 9.9973E-05 0.27884
0.156567 0.0697065 9.9973E-05 0.334013 9.9973E-05 0.0762483 9.9973E-05 0.363166
0.103957 0.104983 9.9982E-05 0.467013 9.9982E-05 0.0236945 0.00100398 0.299148
9.9973E-05 0.793454 9.9973E-05 0.0904963 9.9973E-05 0.00671091 0.0703047 0.0387345
0.0450433 0.83945 0.0558349 9.9964E-05 9.9964E-05 0.0592714 9.9964E-05 9.9964E-05
9.9964E-05 0.869962 9.9964E-05 9.9964E-05 9.9964E-05 0.0772435 0.0418634 0.0105311
9.9964E-05 0.88851 9.9964E-05 0.0298816 9.9964E-05 0.0352669 0.0459421 9.9964E-05
0.014652 0.791411 9.9973E-05 0.0133088 9.9973E-05 0.12195 0.0583777 9.9973E-05
0.0462123 0.839026 0.0354804 9.9964E-05 9.9964E-05 0.0788811 9.9964E-05 9.9964E-05
0.0649172 0.79803 9.9964E-05 0.0700312 9.9964E-05 0.0666217 9.9964E-05 9.9964E-05
0.0082568 0.820589 0.00976621 9.9991E-05 0.00308663 0.0351127 0.0346616 0.0884272
9.9973E-05 0.889579 0.0160174 0.0733631 9.9973E-05 0.0186047 0.00213603 9.9973E-05
0.0404645 0.821829 9.9982E-05 0.0583282 9.9982E-05 0.0330984 0.0101972 0.035883
9.9973E-05 0.568361 0.0419607 9.9973E-05 0.118533 0.0467258 0.22412 9.9973E-05
9.9973E-05 0.565726 0.00865359 9.9973E-05 0.0571824 0.0151786 0.352959 9.9973E-05
9.9982E-05 0.480951 0.0280839 9.9982E-05 0.00323453 0.0183355 0.31748 0.151715
9.9964E-05 0.500466 9.9964E-05 9.9964E-05 0.0924317 9.9964E-05 0.340244 0.0664593
0.0438826 0.0317924 9.9982E-05 0.457127 0.31449 9.9982E-05 0.130813 0.0216949
9.9973E-05 0.0900344 0.0738298 0.535238 0.248838 9.9973E-05 0.0517602 9.9973E-05
9.9973E-05 0.0314593 0.125338 0.537753 0.198493 9.9973E-05 0.106658 9.9973E-05
9.9982E-05 0.0210688 0.0306182 0.412608 0.1862 0.0284951 0.320809 9.9982E-05
0.0507414 9.9973E-05 0.0501435 0.145078 0.120294 9.9973E-05 0.633443 9.9973E-05
0.0385305 0.0132707 0.134029 0.598116 0.183007 0.000764759 0.0321822 9.9991E-05
0.0117971 0.0390576 0.067397 0.576985 0.23068 9.9991E-05 0.0513301 0.0226532
9.9982E-05 9.9982E-05 0.0710802 0.500807 0.184428 0.0322619 0.111965 0.0992584
0.0257389 0.0200287 0.0799392 0.347897 0.491101 9.9982E-05 0.0350957 9.9982E-05
0.0586514 9.9991E-05 0.103999 0.534587 0.11864 0.0178847 0.131226 0.0349121
9.9982E-05 9.9982E-05 0.0586867 0.379707 0.361181 0.0212126 0.15126 0.0277526
9.9964E-05 9.9964E-05 0.182904 9.9964E-05 0.648724 9.9964E-05 0.112559 0.0554133
0.0332076 0.0898044 0.058141 0.57093 0.0726173 0.00276467 0.172435 9.9991E-05
0.0159933 9.9973E-05 0.129627 0.240818 0.4664 9.9973E-05 9.9973E-05 0.146862
0.0321926 9.9991E-05 0.0578679 0.479711 0.385034 0.00280614 0.0293186 0.0129695
9.9964E-05 0.0234649 9.9964E-05 0.0705663 0.645761 9.9964E-05 0.259808 9.9964E-05
9.9955E-05 0.125301 9.9955E-05 9.9955E-05 9.9955E-05 9.9955E-05 0.741681 0.132519
9.9964E-05 0.0840009 9.9964E-05 0.0657387 9.9964E-05 9.9964E-05 0.747168 0.102692
9.9982E-05 0.0692378 0.0478061 0.00152553 9.9982E-05 0.00679387 0.862558 0.011879
9.9955E-05 0.171021 0.0242384 9.9955E-05 9.9955E-05 9.9955E-05 0.804241 9.9955E-05
9.99698E-05 0.0416894 9.99698E-05 0.0841428 9.99698E-05 9.99698E-05 0.803445 0.0703227
0.0260858 0.118756 9.9973E-05 0.11152 9.9973E-05 9.9973E-05 0.729344 0.0139939
9.9973E-05 0.834357 0.0111343 0.081783 0.0218247 0.050601 9.9973E-05 9.9973E-05
0.0210026 0.804854 0.0418267 0.0558474 9.9982E-05 0.0248259 0.0514437 9.9982E-05
0.0535071 0.70958 0.00426909 0.15231 9.9973E-05 0.0800345 9.9973E-05 9.9973E-05
0.0611079 0.739326 9.9973E-05 0.0995418 9.9973E-05 0.0325964 0.0671278 9.9973E-05
0.0946842 0.771718 9.9973E-05 0.0556055 9.9973E-05 9.9973E-05 0.0268662 0.0508264
9.9973E-05 0.37218 9.9973E-05 9.9973E-05 0.0258979 0.0339686 0.511144 0.0565092
9.9973E-05 0.500679 0.0330417 9.9973E-05 0.0674141 9.9973E-05 0.355033 0.0435325
9.9973E-05 0.409637 0.120104 9.9973E-05 0.0196593 0.021281 0.429019 9.9973E-05
9.994E-05 9.994E-05 9.994E-05 9.994E-05 9.994E-05 0.9993 9.994E-05 9.994E-05
9.9973E-05 0.387232 0.0907504 9.9973E-05 0.0372591 0.00294913 0.48151 9.9973E-05
0.340381 0.208736 0.0195065 0.295723 9.9991E-05 0.019357 0.0256666 0.0905292
0.232762 0.127911 9.9973E-05 0.520048 0.0869008 9.9973E-05 9.9973E-05 0.0320784
0.239826 0.174143 9.9964E-05 0.55055 9.9964E-05 0.0350815 9.9964E-05 9.9964E-05
0.246297 0.191631 0.00160337 0.371033 0.0475132 0.00559172 0.0513778 0.0849536
0.201685 0.0470066 0.0630628 0.456081 0.0192655 0.0489168 0.108429 0.0555532
0.329629 0.419789 9.9955E-05 9.9955E-05 9.9955E-05 9.9955E-05 9.9955E-05 0.250082
9.9982E-05 9.9982E-05 0.0633625 0.41074 0.0978842 0.00684782 0.37494 0.0460256
0.000749933 9.9982E-05 0.136009 0.3918 0.0295099 9.9982E-05 0.167259 0.274473
9.9991E-05 0.0653157 0.0811505 0.32909 0.0130356 0.0238497 0.48 0.00745784
9.9973E-05 9.9973E-05 0.233779 0.472899 0.111681 9.9973E-05 0.133654 0.0476872
9.9964E-05 9.9964E-05 0.404296 9.9964E-05 0.109884 9.9964E-05 0.18749 0.29793
0.00621738 9.9991E-05 0.0672731 0.470458 0.160745 0.0768115 0.0915074 0.126888
0.00572776 0.0148325 0.255613 0.502541 0.0110623 0.02273 0.129915 0.0575791
9.9973E-05 9.9973E-05 0.116683 0.316894 0.103489 0.0623929 0.400241 9.9973E-05
0.1048 0.111582 0.0278823 0.456285 9.9982E-05 9.9982E-05 0.233646 0.0656047
9.9973E-05 9.9973E-05 0.149732 0.151573 0.122533 9.9973E-05 0.280149 0.295714
0.0150432 0.0481615 0.161128 0.505458 9.9991E-05 0.0113272 0.108656 0.150126
0.00560225 9.9982E-05 0.083136 0.550901 9.9982E-05 0.0508703 0.264257 0.0450337
0.204054 0.160327 0.00103162 0.352107 0.0634357 9.9991E-05 0.103231 0.115714
0.000623333 9.9982E-05 0.159527 0.421639 0.0235237 9.9982E-05 0.286196 0.108291
0.0581434 0.0283489 0.0987943 0.424706 0.0820168 9.9991E-05 0.291634 0.0162561
0.117574 9.9973E-05 0.071944 0.475954 9.9973E-05 9.9973E-05 0.196937 0.137291
9.9973E-05 9.9973E-05 0.120136 0.574732 0.119108 9.9973E-05 0.155071 0.0306531
0.101241 9.9991E-05 0.000644826 0.581233 0.0614062 0.0165045 0.141271 0.0975995
0.0937219 0.0488378 0.123176 0.467113 0.1159 9.9982E-05 0.15105 9.9982E-05
0.0586865 0.134952 0.0675018 0.555032 0.0606115 9.9991E-05 0.0925964 0.0305197
0.0837885 0.765893 9.9955E-05 0.149819 9.9955E-05 9.9955E-05 9.9955E-05 9.9955E-05
9.9964E-05 0.823393 0.0221275 0.119295 9.9964E-05 0.0347842 9.9964E-05 9.9964E-05
0.0571582 0.741733 0.00755056 0.021468 0.0543721 9.9991E-05 0.116054 0.00156403
0.0155549 0.800607 0.0177727 0.053148 0.0777955 0.0349216 9.9982E-05 9.9982E-05
9.9955E-05 0.795876 9.9955E-05 0.139842 9.9955E-05 0.0637821 9.9955E-05 9.9955E-05
0.106821 9.9973E-05 9.9973E-05 0.132392 0.110911 9.9973E-05 0.643 0.00657678
0.0318699 0.0959881 0.160776 0.556744 9.9982E-05 9.9982E-05 0.119774 0.0346477
0.124161 0.241009 0.0271454 0.400854 9.9973E-05 9.9973E-05 9.9973E-05 0.206531
0.025682 9.9982E-05 0.0719394 0.608308 9.9982E-05 0.0841611 0.191699 0.0180112
9.9991E-05 0.0190055 0.0512831 0.53228 0.115546 0.0122981 0.251856 0.0176318
0.0654407 9.9982E-05 0.181771 0.238038 9.9982E-05 0.0400468 0.359225 0.115278
9.9982E-05 0.0751281 9.9982E-05 0.025345 0.0771072 0.0601541 0.635247 0.126819
0.0662399 0.0258587 0.0395508 0.485323 0.00332375 9.9991E-05 0.328934 0.0506696
0.0998718 0.0736942 0.146815 0.0475203 0.0436154 9.9982E-05 0.588283 9.9982E-05
0.0723357 0.00055602 0.14129 0.397914 0.0654155 9.9991E-05 0.178666 0.143723
0.00874204 0.0831108 0.146619 0.113511 0.023238 0.071279 0.551048 0.002452
0.0521338 0.101716 9.9982E-05 0.640238 0.0459472 0.00946677 0.150298 9.9982E-05
9.9982E-05 0.0621725 0.142141 0.222143 0.0405291 0.0315599 0.501255 9.9982E-05
0.00772105 0.0173189 0.0981945 0.429156 0.051041 0.0367631 0.246418 0.113387
0.0823186 9.9991E-05 0.0715299 0.498428 0.0983748 0.0298552 0.0563707 0.163022
9.9964E-05 9.9964E-05 0.0572753 0.32634 9.9964E-05 9.9964E-05 0.135585 0.4804
9.9973E-05 0.0571705 9.9973E-05 0.59413 0.0178632 9.9973E-05 0.0140882 0.316448
9.9973E-05 0.0545356 9.9973E-05 0.576042 9.9973E-05 0.0917532 0.0537111 0.223658
9.9973E-05 9.9973E-05 0.110334 0.349465 0.0584431 9.9973E-05 0.0757355 0.405723
0.151835 0.0079912 0.128489 0.430769 9.9991E-05 0.0269458 0.157688 0.0961828
9.9991E-05 0.0234261 0.0969514 0.547375 0.0179976 0.018035 0.0531977 0.242917
9.9973E-05 9.9973E-05 0.123267 0.0770392 0.181507 9.9973E-05 0.0997545 0.518132
9.9973E-05 9.9973E-05 0.0103921 0.249856 0.0749364 9.9973E-05 0.0356682 0.628848
0.00403897 0.00623629 9.9982E-05 0.474356 9.9982E-05 0.0181938 0.0669461 0.430029
9.9973E-05 9.9973E-05 0.11361 0.134378 0.164117 9.9973E-05 0.129569 0.458025
9.9964E-05 9.9964E-05 9.9964E-05 0.495401 0.0787619 9.9964E-05 0.142401 0.283036
0.0665154 9.9991E-05 0.0642711 0.0623215 0.151681 0.0246763 0.612907 0.0175281
0.0453172 9.9982E-05 0.310638 0.174843 0.073883 9.9982E-05 0.387841 0.00727727
0.0654683 9.9982E-05 0.00446111 0.363432 0.0693968 0.0761404 0.420902 9.9982E-05
0.0941504 9.9991E-05 0.0550344 0.545103 0.0643745 0.0264585 0.184752 0.030027
0.029324 9.9973E-05 0.0634502 0.199026 0.211759 9.9973E-05 0.496141 9.9973E-05
0.165792 0.0526657 0.141338 0.388618 9.9982E-05 9.9982E-05 0.189387 0.0619995
0.114105 9.9982E-05 0.0114626 0.488394 9.9982E-05 0.0425433 0.313994 0.0293022
0.0873456 9.9982E-05 9.9982E-05 0.440227 0.15343 0.000770365 0.266024 0.0520025
0.159435 9.9982E-05 0.0436695 0.38406 0.101424 0.0141629 0.29705 9.9982E-05
0.0783103 9.9982E-05 0.00144055 0.404459 0.221788 0.0359949 0.257807 9.9982E-05
0.104099 9.9973E-05 0.0167506 0.210964 0.163104 9.9973E-05 0.504782 9.9973E-05
0.144559 0.00114428 0.0169686 0.296539 0.0817243 9.9982E-05 0.458865 9.9982E-05
0.0250831 9.9973E-05 0.183296 0.617707 9.9973E-05 9.9973E-05 0.155718 0.0178969
9.9982E-05 9.9982E-05 0.0730206 0.552945 0.00204803 0.0621499 0.154766 0.15487
9.9982E-05 9.9982E-05 0.193332 0.423763 0.0136082 0.0416044 0.177115 0.150378
0.102528 9.9964E-05 0.175438 0.493022 9.9964E-05 9.9964E-05 0.228612 9.9964E-05
0.0635813 0.0195843 9.9982E-05 0.376726 9.9982E-05 0.0102115 0.437763 0.0919339
0.0746864 9.9973E-05 0.0450842 0.606898 0.070984 9.9973E-05 0.202047 9.9973E-05
0.15892 9.9982E-05 0.0910891 0.396779 0.0191397 0.0141711 0.3197 9.9982E-05
0.106049 0.063374 0.117947 0.479462 0.00275161 9.9991E-05 0.16201 0.0683051
0.13372 0.311304 9.9991E-05 0.366059 0.0498333 0.0339908 0.0214536 0.0835395
0.206099 0.0889113 0.00857659 0.455947 0.132124 9.9982E-05 9.9982E-05 0.108142
0.214106 0.0595455 9.9991E-05 0.410022 0.0415192 0.0542981 0.106998 0.113411
0.128035 0.0458492 0.0977593 0.585316 9.9991E-05 0.0229333 0.0698096 0.0501978
0.236616 0.178638 0.0679082 0.40652 0.0803309 0.0297861 9.9982E-05 9.9982E-05
9.9964E-05 9.9964E-05 0.180892 0.5101 9.9964E-05 9.9964E-05 0.194252 0.114355
0.16693 0.114392 0.0494487 0.481228 0.0685617 9.9982E-05 0.119239 9.9982E-05
0.116319 0.211407 0.0374717 0.0157255 0.146666 9.9982E-05 9.9982E-05 0.472211
0.267841 0.0663284 0.059773 0.45144 0.0141091 0.0257803 0.0481481 0.0665794
0.121477 0.0680256 0.0829238 0.533517 0.0232671 0.0698972 9.9991E-05 0.100793
0.204108 0.0159288 9.9991E-05 0.521425 0.0237681 0.00152694 0.0876654 0.145479
0.14506 0.0754106 0.0728008 0.283681 0.0610224 0.093592 0.0737602 0.194674
0.147213 0.192802 0.0248142 0.534485 9.9982E-05 9.9982E-05 0.000635004 0.0998512
0.186793 0.107846 0.0831087 0.489097 9.9982E-05 0.0737992 9.9982E-05 0.059157
0.197975 0.432337 0.0156951 9.9973E-05 9.9973E-05 0.00776322 9.9973E-05 0.345929
0.197174 0.10998 9.9982E-05 0.52315 9.9982E-05 0.0845851 0.0404215 0.0444897
0.264117 0.108022 9.9982E-05 0.452588 0.0613972 0.0180085 9.9982E-05 0.095666
0.139732 0.0522359 9.9991E-05 0.577107 0.0381131 0.0122982 0.0174531 0.16296
0.154314 0.163189 0.00480188 0.581529 9.9973E-05 9.9973E-05 9.9973E-05 0.0958654
0.0901519 0.141024 0.0534765 0.484381 0.137588 9.9991E-05 0.00970774 0.083571
0.00628297 9.9982E-05 0.408581 0.457307 0.085576 0.0326338 9.9982E-05 0.009419
0.0571914 0.145951 0.149021 0.449469 0.0526668 0.0141451 9.9991E-05 0.131456
9.9955E-05 9.9955E-05 0.82387 9.9955E-05 0.0696395 9.9955E-05 0.105991 9.9955E-05
9.9964E-05 9.9964E-05 0.884611 9.9964E-05 0.00912012 9.9964E-05 0.0829663 0.0229025
0.0973299 0.0527321 0.256096 0.382966 9.9991E-05 0.000788955 0.1743 0.0356863
0.325602 0.0938733 0.128071 0.405083 9.9973E-05 9.9973E-05 9.9973E-05 0.0470706
0.379644 0.079965 0.27347 0.244876 9.9973E-05 0.0217443 9.9973E-05 9.9973E-05
0.332235 0.145772 0.153415 0.106639 9.9982E-05 0.0376395 9.9982E-05 0.224099
0.302812 0.123169 0.196479 0.321666 9.9982E-05 0.0397331 9.9982E-05 0.0159413
0.100787 0.0758979 0.650777 0.0380381 9.9973E-05 9.9973E-05 9.9973E-05 0.1342
0.0523963 0.0591635 0.653229 0.177146 9.9973E-05 0.0577652 9.9973E-05 9.9973E-05
0.144177 0.021812 0.372565 0.457968 9.9973E-05 9.9973E-05 9.9973E-05 0.00317769
0.0882295 0.0625472 0.423855 0.424969 9.9964E-05 9.9964E-05 9.9964E-05 9.9964E-05
0.0900782 0.0614904 0.689241 0.137939 9.9973E-05 0.0209519 9.9973E-05 9.9973E-05
0.0730828 0.0917492 0.352867 0.481901 9.9964E-05 9.9964E-05 9.9964E-05 9.9964E-05
0.0729862 0.0562145 0.307479 0.468228 9.9973E-05 9.9973E-05 9.9973E-05 0.0947923
0.173153 0.0246329 0.262922 0.405883 0.0479225 0.0260527 0.0593341 9.9991E-05
9.9973E-05 0.0211554 0.614324 0.292148 9.9973E-05 0.000117246 0.0719545 9.9973E-05
0.024459 0.0234678 0.483445 0.366746 9.9991E-05 0.0134952 0.0209945 0.0672921
0.0544523 9.9964E-05 0.350149 0.533512 9.9964E-05 9.9964E-05 0.0614871 9.9964E-05
0.0243446 0.0881806 0.356258 0.301621 0.0887235 0.0125744 0.00415235 0.124146
0.157184 0.0890948 0.159245 0.449146 9.9982E-05 0.00110995 9.9982E-05 0.144021
9.9973E-05 9.9973E-05 0.35641 0.500904 0.0132744 9.9973E-05 0.0467246 0.0823869
9.9955E-05 9.9955E-05 0.676347 0.213401 9.9955E-05 9.9955E-05 0.109753 9.9955E-05
0.0103635 0.00547897 0.345751 0.510243 0.0896967 9.9982E-05 9.9982E-05 0.0382669
9.9955E-05 9.9955E-05 0.724414 0.270245 0.00484077 9.9955E-05 9.9955E-05 9.9955E-05
9.9973E-05 0.0285973 0.502186 0.425669 9.9973E-05 0.00274802 9.9973E-05 0.0404991
0.0122617 0.0615891 0.27615 0.511627 0.0443997 0.0932148 9.9991E-05 0.000658179
0.0051519 9.9982E-05 0.301424 0.565217 0.0151291 0.0314616 0.081416 9.9982E-05
0.177277 0.163288 0.163227 0.431598 0.0149037 9.9982E-05 9.9982E-05 0.0495069
0.199682 0.117232 0.0656969 0.293946 0.0844687 9.9991E-05 0.188446 0.0504279
0.277743 0.137808 0.0636769 0.351707 9.9991E-05 0.00400746 0.0338192 0.131138
0.197346 0.103178 0.152606 0.351753 9.9991E-05 0.0467849 0.072465 0.0757663
0.155343 0.186762 0.00167468 0.42799 0.0376281 9.9991E-05 0.117547 0.072954
0.180776 0.0825482 0.127207 0.362065 0.0725918 0.0359793 0.0135565 0.125277
0.129636 0.190886 0.564532 9.9973E-05 9.9973E-05 0.00283668 9.9973E-05 0.111811
0.189102 0.0904667 0.0727909 0.522737 9.9991E-05 0.0100483 0.0419715 0.0727832
0.0993932 0.382249 0.416058 9.9973E-05 9.9973E-05 0.00116353 9.9973E-05 0.100837
0.215989 0.0463106 0.291944 0.445357 9.9964E-05 9.9964E-05 9.9964E-05 9.9964E-05
9.9964E-05 9.9964E-05 0.728535 0.0694574 0.187044 9.9964E-05 9.9964E-05 0.0145643
9.9955E-05 9.9955E-05 0.909118 9.9955E-05 0.0681664 0.0222162 9.9955E-05 9.9955E-05
9.9964E-05 9.9964E-05 0.457747 0.492041 0.0456256 9.9964E-05 0.00418668 9.9964E-05
9.9964E-05 9.9964E-05 0.328263 0.615402 9.9964E-05 0.0484216 0.00751305 9.9964E-05
9.9964E-05 9.9964E-05 0.550862 0.422435 0.0240555 9.9964E-05 0.00224676 9.9964E-05
9.9964E-05 0.00535095 0.454243 0.483618 0.0563878 9.9964E-05 9.9964E-05 9.9964E-05
0.0111216 9.9955E-05 0.476484 0.511895 9.9955E-05 9.9955E-05 9.9955E-05 9.9955E-05
0.0140289 0.779314 0.0480288 0.114312 9.9982E-05 0.0262673 9.9982E-05 0.0178489
0.151602 0.654097 0.00882739 9.9982E-05 9.9982E-05 0.0268839 0.11607 0.0423196
0.0626442 0.845359 9.9964E-05 9.9964E-05 9.9964E-05 0.0368891 0.0547075 9.9964E-05
9.9955E-05 0.787921 9.9955E-05 0.0505858 9.9955E-05 0.160993 9.9955E-05 9.9955E-05
0.0340883 9.9982E-05 0.0747582 0.431997 0.302836 0.0835732 0.0725477 9.9982E-05
0.0289583 0.0430551 0.0816494 0.436043 0.333985 0.0761094 9.9982E-05 9.9982E-05
9.9964E-05 9.9964E-05 0.0883408 0.470443 0.412504 0.028313 9.9964E-05 9.9964E-05
9.9982E-05 0.104963 9.9982E-05 0.576498 0.19165 0.0571486 0.0240436 0.0454969
0.0353963 0.0802048 0.0688677 0.50425 0.156187 0.019078 0.0432574 0.0927587
9.9973E-05 0.0669038 9.9973E-05 0.240829 0.521954 9.9973E-05 0.0610679 0.108945
0.0573187 0.0345826 9.9973E-05 0.549922 0.355148 9.9973E-05 0.00272887 9.9973E-05
9.9973E-05 9.9973E-05 0.12121 0.258457 0.43429 0.0322868 9.9973E-05 0.153457
0.243222 0.233259 0.0415412 0.409783 9.9991E-05 0.0164535 0.0172148 0.0384263
0.0694778 9.9982E-05 0.152148 0.319002 0.423104 9.9982E-05 0.00818217 0.0278857
9.9964E-05 9.9964E-05 9.9964E-05 0.294715 0.563943 0.0328529 0.108089 9.9964E-05
9.9982E-05 0.00290118 0.0503783 0.551573 0.28975 0.00233254 0.102865 9.9982E-05
0.0331104 9.9991E-05 0.104684 0.358043 0.433027 0.00180692 0.0531264 0.0161019
9.9973E-05 9.9973E-05 0.0290685 0.555399 0.395363 0.010599 9.9973E-05 0.00927047
0.0627194 0.0741384 0.0250286 0.488096 0.33945 0.0103672 9.9982E-05 9.9982E-05
9.9964E-05 9.9964E-05 0.0630455 0.0537115 0.864033 9.9964E-05 9.9964E-05 0.0188104
0.12756 9.9982E-05 0.0844301 0.105862 0.517825 9.9982E-05 0.0969406 0.0671822
9.9973E-05 9.9973E-05 0.0891576 0.302349 0.519793 0.0108959 0.0775041 9.9973E-05
9.9955E-05 9.9955E-05 0.136908 9.9955E-05 0.707469 9.9955E-05 9.9955E-05 0.155123
0.0183474 0.0349407 0.0371568 0.442852 0.363689 9.9982E-05 0.102814 9.9982E-05
9.9973E-05 9.9973E-05 0.0569455 0.0547474 0.616046 0.00982459 9.9973E-05 0.262137
9.9955E-05 9.9955E-05 0.167381 9.9955E-05 0.592664 9.9955E-05 9.9955E-05 0.239456
0.0186609 0.0859685 0.0656858 0.474811 0.354574 9.9973E-05 9.9973E-05 9.9973E-05
0.00123957 0.0442652 9.9982E-05 0.166402 0.705413 0.00207416 0.0804063 9.9982E-05
0.0730029 0.0141915 9.9982E-05 0.359902 0.425595 9.9982E-05 0.0970544 0.0300542
0.27587 0.0159697 0.00430961 0.368427 0.258163 9.9982E-05 9.9982E-05 0.0770607
0.00708333 0.00900078 9.9991E-05 0.496651 0.428038 0.0116575 0.0390297 0.00843984
0.017697 9.9982E-05 0.152878 0.398321 0.0737765 9.9982E-05 0.223264 0.133864
0.0666638 9.9964E-05 0.0500102 0.50196 0.380967 9.9964E-05 9.9964E-05 9.9964E-05
0.0429164 0.0311194 9.9982E-05 0.429917 0.382127 0.0417182 0.0720016 9.9982E-05
9.9964E-05 9.9964E-05 9.9964E-05 0.270388 0.672999 0.00591627 9.9964E-05 0.0502968
9.9982E-05 0.0344258 0.11485 0.498203 0.205786 0.0840511 0.0624852 9.9982E-05
9.9982E-05 0.558187 0.00194871 0.0157404 9.9982E-05 0.0636502 0.25306 0.107213
9.9982E-05 0.669542 9.9982E-05 0.0302137 0.0763719 0.103648 0.101593 0.0184312
9.9964E-05 0.673825 9.9964E-05 9.9964E-05 9.9964E-05 0.135572 0.118821 0.0713815
9.9982E-05 0.717611 0.0409545 9.9982E-05 0.0212719 0.0966646 0.111494 0.0118042
9.9973E-05 0.713675 9.9973E-05 0.017209 9.9973E-05 0.0266736 0.205581 0.0365616
0.038876 0.0327483 9.9973E-05 0.082642 0.712459 9.9973E-05 0.132975 9.9973E-05
9.9982E-05 0.0597641 0.0743215 0.0843524 0.656413 0.00256934 0.12238 9.9982E-05
9.9964E-05 9.9964E-05 0.109493 0.0995049 0.727327 9.9964E-05 9.9964E-05 0.0632747
0.152634 0.158992 0.0322053 0.375498 0.219023 9.9991E-05 0.0522152 0.00933215
0.0261057 0.101479 0.0576629 0.589077 0.189813 0.0356621 9.9982E-05 9.9982E-05
9.9973E-05 0.0774354 0.0578117 0.270955 0.484275 9.9973E-05 9.9973E-05 0.109223
9.9973E-05 9.9973E-05 0.0899833 0.619781 0.217433 0.0243044 9.9973E-05 0.0481986
9.9964E-05 0.092819 9.9964E-05 0.357867 0.532973 0.0159413 9.9964E-05 9.9964E-05
9.9982E-05 9.9982E-05 0.0885778 0.585092 0.25845 0.00398307 0.0340636 0.0296338
0.0636789 0.0100222 0.0290553 0.540685 0.244148 9.99891E-05 0.11221 9.99891E-05
0.0284566 9.9973E-05 0.00308404 0.179237 0.696186 9.9973E-05 0.0927368 9.9973E-05
9.9964E-05 9.9964E-05 9.9964E-05 0.291616 0.540333 0.0410995 0.126551 9.9964E-05
0.0156814 9.9973E-05 9.9973E-05 0.253347 0.531526 0.013701 0.185446 9.9973E-05
9.9973E-05 0.0742435 9.9973E-05 0.589017 0.0036124 9.9973E-05 0.0679236 0.264904
9.9964E-05 0.0452127 9.9964E-05 0.362246 0.58363 9.9964E-05 0.00851144 9.9964E-05
0.00868811 0.053359 9.9991E-05 0.4347 0.455273 0.00562122 0.0149149 0.0273433
0.44581 0.0294786 9.9982E-05 0.375022 0.0495586 9.9982E-05 0.0249293 0.0750009
0.355858 0.160499 9.9973E-05 0.433589 0.000990013 9.9973E-05 9.9973E-05 0.0487636
0.408275 0.06549 9.9973E-05 0.441593 9.9973E-05 0.00228388 9.9973E-05 0.082058
0.451665 0.0944017 9.9973E-05 0.314326 9.9973E-05 0.044925 9.9973E-05 0.0943819
0.326881 0.154082 0.0100136 0.431094 0.0776293 9.9973E-05 9.9973E-05 9.9973E-05
0.0448326 0.0376599 9.9973E-05 0.459929 0.303086 9.9973E-05 9.9973E-05 0.154193
0.627935 0.207026 9.9973E-05 0.0656862 9.9973E-05 0.0744327 9.9973E-05 0.0246203
0.511665 0.0794749 0.050205 0.25281 0.0670203 0.0220006 9.9991E-05 0.0167241
0.196785 0.0645455 9.9991E-05 0.289765 0.119583 0.0794556 0.0590189 0.190748
9.9964E-05 0.0615102 9.9964E-05 0.550043 9.9964E-05 0.0600111 9.9964E-05 0.328035
9.9982E-05 0.0273224 9.9982E-05 0.474754 0.00941502 0.0212312 0.085063 0.382015
0.0535949 0.0811768 9.9982E-05 0.574688 0.022158 9.9982E-05 0.0553186 0.212864
9.9982E-05 0.0855034 0.0438473 0.592963 0.122479 9.9982E-05 0.0537193 0.101287
0.444007 0.169201 9.9964E-05 0.364731 9.9964E-05 0.0216609 9.9964E-05 9.9964E-05
0.40592 0.0733811 9.9973E-05 0.38842 0.090682 0.0412971 9.9973E-05 9.9973E-05
0.447264 0.097676 0.00150176 0.412384 9.9973E-05 9.9973E-05 9.9973E-05 0.0408736
0.340653 0.0694366 0.082723 0.415009 0.0066077 0.0228855 0.0228625 0.039823
0.517254 0.117249 9.9973E-05 0.213341 0.016102 9.9973E-05 9.9973E-05 0.135755
0.390212 0.051835 0.0559385 0.267338 0.130065 0.0618399 0.0274158 0.0153559
0.54409 0.0759187 0.0380589 0.265989 9.9982E-05 0.0710779 0.0046657 9.9982E-05
0.436142 0.00070354 0.013836 0.294932 9.9982E-05 9.9982E-05 0.163113 0.0910744
9.9982E-05 0.0499281 9.9982E-05 0.551618 0.0304393 0.0212426 0.000252628 0.346319
0.391359 0.136605 9.9982E-05 0.282772 0.0697821 0.0243492 0.0949325 9.9982E-05
0.646104 0.148617 9.9964E-05 0.155442 9.9964E-05 9.9964E-05 9.9964E-05 0.0494371
0.384837 0.134073 0.102258 0.28388 0.0643113 9.9982E-05 9.9982E-05 0.0304418
9.9973E-05 0.124142 9.9973E-05 0.182954 0.110882 9.9973E-05 0.315822 0.265901
0.128409 9.9982E-05 9.9982E-05 0.541239 0.0427701 0.00724773 0.0638254 0.216309
0.220761 0.197504 9.9982E-05 0.449423 9.9982E-05 0.044045 0.0459847 0.0420822
9.9973E-05 0.0399709 9.9973E-05 0.591643 9.9973E-05 0.071293 0.0682978 0.228495
9.9973E-05 0.143548 9.9973E-05 0.465486 0.0819874 9.9973E-05 0.0481893 0.26049
0.215935 0.126299 0.0546209 0.31668 0.129555 0.0718914 0.0242973 0.0607222
0.34046 0.189915 0.0618167 0.343473 9.9982E-05 0.0104414 0.0536937 9.9982E-05
0.0985276 0.148403 9.9991E-05 0.554956 0.0869424 0.00927132 0.0797377 0.0220611
0.384782 0.145 9.9991E-05 0.306856 0.0421574 0.0382946 0.0739214 0.00888937
0.476436 0.067116 9.9964E-05 0.395941 0.0601074 9.9964E-05 9.9964E-05 9.9964E-05
0.640404 0.18327 9.9973E-05 0.103117 9.9973E-05 0.00129175 9.9973E-05 0.0716175
0.0802213 0.0405867 0.0408597 0.535292 9.9991E-05 0.0327934 0.0293022 0.240845
9.9982E-05 0.0342912 9.9982E-05 0.488884 0.0504747 0.0662818 0.103979 0.255889
0.0109365 0.00859667 9.9991E-05 0.211003 0.0102968 0.0292567 0.0758425 0.653968
0.0458209 0.0674892 9.9982E-05 0.553801 0.0451124 9.9982E-05 0.158319 0.129257
0.0570355 0.0517518 0.144777 0.428927 0.02269 0.0177793 0.138852 0.138188
0.102174 0.194004 0.00610855 0.532699 9.9982E-05 0.0290529 9.9982E-05 0.135762
0.156093 0.0688186 0.111878 0.368471 0.0977617 0.0510891 0.127659 0.0182288
0.195976 0.248112 9.9955E-05 9.9955E-05 9.9955E-05 9.9955E-05 9.9955E-05 0.555413
0.129287 0.110461 9.9964E-05 9.9964E-05 9.9964E-05 0.0857644 9.9964E-05 0.674088
0.19578 0.0909083 0.0781944 0.160233 9.9991E-05 0.0173984 0.0893253 0.36806
