0.00682712 9.9982E-05 9.9982E-05 0.878996 0.0516126 0.0438609 0.0185031
9.9973E-05 9.9973E-05 0.034355 0.897968 0.061265 9.9973E-05 0.00611175
9.9964E-05 0.155083 9.9964E-05 0.822781 9.9964E-05 0.0217363 9.9964E-05
9.9973E-05 0.115639 9.9973E-05 0.777745 0.100731 0.00558483 9.9973E-05
9.9973E-05 0.050246 0.0434507 0.881945 9.9973E-05 0.0240583 9.9973E-05
0.0854968 0.104831 9.9991E-05 0.67045 0.0349702 0.00670755 0.0974445
0.0776644 9.9982E-05 0.0199536 0.840298 0.00169916 9.9982E-05 0.0601849
0.0743812 0.0194876 0.0065179 0.710496 0.141061 9.9991E-05 0.0479559
0.0205231 9.99729E-05 9.99729E-05 0.793887 0.121469 9.99729E-05 0.0638207
0.032697 0.0629552 0.0789543 0.719438 9.9982E-05 0.105756 9.9982E-05
0.0656232 0.0429233 9.9982E-05 0.729625 0.0640885 9.9982E-05 0.0975398
0.0309245 0.189875 9.9982E-05 9.9982E-05 0.485753 0.106713 0.186535
9.9973E-05 0.504217 0.0157845 9.9973E-05 0.342413 0.137285 9.9973E-05
0.0332204 0.258642 0.188641 0.0405453 0.379389 0.0482439 0.0513195
0.0687598 0.276227 0.0799196 0.00349296 0.384267 0.168357 0.0189772
0.0352145 0.325913 0.153563 0.152736 0.102627 0.13485 0.0950959
0.0759029 0.527578 9.9991E-05 0.031688 0.135863 0.111914 0.116954
0.0692905 0.378192 9.9982E-05 9.9982E-05 0.239113 0.108671 0.204533
9.9982E-05 0.334357 9.9982E-05 0.0794599 0.286527 0.125176 0.174279
0.155399 0.0774895 0.0601206 9.99988E-05 0.605585 0.029695 0.07161
0.0205964 0.25611 0.0151027 9.9991E-05 0.302843 0.160315 0.244933
0.163306 0.491784 0.0580234 0.013054 0.233345 0.0403872 9.9991E-05
9.9982E-05 0.599404 0.0043188 0.05796 0.193807 9.9982E-05 0.14431
0.0533506 0.224392 9.9982E-05 9.9982E-05 0.318508 0.157926 0.245623
0.0799652 0.62987 0.0124644 0.146061 9.9991E-05 0.0630131 0.0685268
0.0215796 0.592431 0.03359 9.9991E-05 0.237219 0.0446147 0.0704659
0.00332019 0.0656514 0.0218179 0.00226833 0.498784 0.192494 0.215664
0.0625766 0.160781 9.9982E-05 9.9982E-05 0.427883 0.211707 0.136852
0.0930509 0.212473 0.104914 0.0127815 0.425026 0.0282391 0.123516
9.9964E-05 0.163727 9.9964E-05 0.823898 9.9964E-05 0.0119754 9.9964E-05
9.9955E-05 0.183975 9.9955E-05 0.815525 9.9955E-05 9.9955E-05 9.9955E-05
9.9973E-05 0.164755 9.9973E-05 0.806544 9.9973E-05 0.00215629 0.0262452
9.9973E-05 0.150866 9.9973E-05 0.720067 9.9973E-05 0.0429165 0.0858503
9.9982E-05 0.552781 0.015221 0.0787093 0.127945 9.9982E-05 0.225144
9.9973E-05 0.53854 0.0701266 0.125626 9.9973E-05 9.9973E-05 0.265408
9.9964E-05 0.560137 9.9964E-05 0.0396439 9.9964E-05 9.9964E-05 0.399819
9.999E-05 0.180405 0.0121403 0.0980877 0.561359 0.00605294 0.141854
0.0492039 0.311079 0.0387976 0.0159072 9.9991E-05 0.041039 0.543873
0.0500253 0.438434 0.0700158 0.0190352 0.0989386 0.118368 0.205183
0.0462183 0.599796 9.9982E-05 0.047921 9.9982E-05 0.0514083 0.254456
0.136948 0.649887 0.0448322 0.0935812 0.0249434 9.9991E-05 0.049708
9.9982E-05 0.583461 9.9982E-05 0.11374 0.0674461 0.0529823 0.182171
0.0449028 0.112519 9.9973E-05 9.9973E-05 0.108371 9.9973E-05 0.733907
0.114824 0.594219 9.9991E-05 0.0308954 0.0579655 0.0596736 0.142323
0.0244025 0.696753 0.00955674 0.0368286 9.9991E-05 0.0438619 0.188497
0.0324454 0.571237 0.0348497 0.124278 0.0485892 0.0462755 0.142325
9.9955E-05 0.288829 9.9955E-05 9.9955E-05 9.9955E-05 9.9955E-05 0.710671
9.9973E-05 0.531076 9.9973E-05 0.0957647 9.9973E-05 0.0251405 0.347719
0.0193716 0.588616 0.0526925 0.159386 0.0362002 0.00380601 0.139928
0.275143 9.9964E-05 9.9964E-05 0.052253 9.9964E-05 9.9964E-05 0.672205
0.184217 0.193559 0.0157133 9.9982E-05 0.387956 9.9982E-05 0.218355
0.390064 0.0481495 0.115934 9.9991E-05 0.220056 0.0351146 0.190582
0.0194485 0.613746 9.9991E-05 0.0611513 0.192199 0.0378086 0.0755466
0.0670496 0.689262 0.0970015 0.0885998 0.0526453 0.00534218 9.9991E-05
0.0607384 0.556255 0.0638959 9.9991E-05 0.104546 0.136861 0.0776039
0.0902609 0.205141 0.0390792 0.112979 0.339441 9.9991E-05 0.212999
0.00701865 0.592788 0.104807 0.0529208 0.231049 9.9991E-05 0.0113161
0.0794848 0.629406 9.9991E-05 0.106528 0.0922797 0.0361843 0.0560171
0.0997632 0.372066 0.00594404 0.112308 0.170838 0.0279278 0.211152
0.195895 0.0871957 0.0665088 0.197498 0.340232 0.049962 0.0627084
0.0808493 0.591134 9.9982E-05 0.0296796 0.127784 9.9982E-05 0.170354
9.9991E-05 0.44925 0.1582 0.0113517 0.232733 0.0702032 0.0781629
0.141927 0.0274138 0.0356692 0.0393973 0.466245 9.9991E-05 0.289248
0.0488774 0.371578 0.158992 9.9991E-05 0.289626 0.0903325 0.0404944
0.141721 0.623439 0.130701 9.9991E-05 0.00639602 0.0240675 0.0735755
9.9991E-05 0.519425 0.179217 0.0583475 0.142256 0.0819703 0.0186838
0.0968463 0.285102 0.120776 0.0301318 0.26798 0.0847429 0.114421
0.0799083 0.549213 0.0791584 9.9991E-05 0.162195 0.042319 0.087106
9.9991E-05 0.506452 0.059148 0.058128 0.148056 0.101087 0.127029
0.190591 0.24548 0.0986682 9.9982E-05 0.335678 9.9982E-05 0.129383
9.9964E-05 0.538181 9.9964E-05 9.9964E-05 0.056211 9.9964E-05 0.405208
9.9973E-05 0.168247 9.9973E-05 0.028045 0.0903464 9.9973E-05 0.713062
9.9991E-05 0.496539 0.126332 0.075226 0.0987535 0.0631409 0.139908
0.109418 9.9964E-05 9.9964E-05 0.000247623 9.9964E-05 9.9964E-05 0.889934
0.122823 9.9973E-05 0.0393502 9.9973E-05 0.00140759 9.9973E-05 0.836119
9.9973E-05 0.273812 0.0139806 9.9973E-05 0.0108399 9.9973E-05 0.701067
9.9973E-05 0.433895 9.9973E-05 0.0270367 0.0648585 9.9973E-05 0.47391
0.0291924 0.578284 9.9982E-05 0.17232 0.0526414 9.9982E-05 0.167362
9.9973E-05 0.36258 9.9973E-05 9.9973E-05 0.0709774 0.0983292 0.467814
9.9982E-05 0.0807125 9.9982E-05 0.0376501 0.158292 0.0249375 0.698208
9.9982E-05 0.190305 9.9982E-05 0.0357292 0.227201 0.00195648 0.544608
0.0845307 0.603184 9.9982E-05 0.119138 0.0404113 9.9982E-05 0.152536
9.9991E-05 0.274251 0.0537639 0.0196932 0.0376778 0.0246668 0.589847
9.9973E-05 0.408564 9.9973E-05 0.0842027 9.9973E-05 0.00656683 0.500366
0.0465464 0.355543 0.0381398 0.0157401 9.9982E-05 9.9982E-05 0.543831
0.202965 9.9973E-05 0.0998341 0.0018285 9.9973E-05 9.9973E-05 0.695073
0.0324358 0.535813 0.0485093 9.9991E-05 0.0420974 0.0969791 0.244065
9.9982E-05 0.0902616 9.9982E-05 0.789302 0.0409814 0.0495067 0.0297487
9.9955E-05 0.082204 9.9955E-05 0.917296 9.9955E-05 9.9955E-05 9.9955E-05
9.9964E-05 0.0802175 9.9964E-05 0.860566 9.9964E-05 0.0588163 9.9964E-05
0.0404967 0.0570157 9.9982E-05 0.874302 9.9982E-05 0.0063317 0.0216543
9.9982E-05 0.0373779 0.00385209 0.852667 9.9982E-05 0.0608719 0.0450312
9.9973E-05 0.0391052 0.0246167 0.916607 9.9973E-05 0.0193709 9.9973E-05
9.9964E-05 0.0556701 9.9964E-05 0.889786 9.9964E-05 0.0541438 9.9964E-05
9.9982E-05 0.505347 9.9982E-05 0.0112224 0.0911311 0.0457344 0.346365
9.9991E-05 0.536402 0.0884502 0.131168 0.0747702 0.0159999 0.15311
0.014878 0.0284394 0.0151029 0.0136268 0.0979052 9.9991E-05 0.829948
0.0610289 0.44342 9.9991E-05 0.0971563 0.0722568 0.103668 0.22237
9.9982E-05 0.405756 9.9982E-05 0.0553697 0.121423 0.0486532 0.368598
0.00992463 0.630929 9.9982E-05 0.0516432 9.9982E-05 0.00152002 0.305783
0.114845 0.499053 0.00753792 9.9973E-05 9.9973E-05 9.9973E-05 0.378264
9.9982E-05 0.420048 0.0238667 0.0306248 9.9982E-05 0.082213 0.443048
9.9964E-05 9.9964E-05 9.9964E-05 0.0674422 0.178678 9.9964E-05 0.75348
0.0163478 0.528566 0.0998599 0.113691 0.0925992 9.9991E-05 0.148837
0.0686527 0.59297 0.0545514 0.0729537 0.0263637 0.00568007 0.178829
9.9982E-05 0.576105 9.9982E-05 0.165845 0.037678 0.0564502 0.163721
0.153208 0.288754 0.0386415 0.00690698 9.9982E-05 9.9982E-05 0.51229
9.9973E-05 0.404543 0.0414177 9.9973E-05 9.9973E-05 0.0382878 0.515451
0.0350839 0.405449 0.0237858 0.025136 0.103334 0.0161009 0.39111
9.9964E-05 0.27698 9.9964E-05 9.9964E-05 9.9964E-05 0.0839737 0.638647
9.9973E-05 0.40523 9.9973E-05 0.0616705 0.11809 9.9973E-05 0.41471
0.0647119 0.600351 0.000341255 0.0854983 0.0840257 0.0230986 0.141973
0.127542 0.17567 0.0998257 0.000458001 0.342034 0.0302559 0.224215
0.0834547 0.390884 0.000916572 0.0471678 0.370993 0.0984206 0.00816321
9.9991E-05 0.555289 0.130799 0.114602 0.152801 0.0421286 0.00427964
0.00211278 0.597503 0.0820482 0.0576684 0.116578 0.0902329 0.0538567
0.0253794 0.502178 9.9982E-05 0.0271126 0.361553 9.9982E-05 0.083577
9.9991E-05 0.569775 0.0296784 0.0212867 0.232922 0.0773439 0.0688941
9.9982E-05 0.443983 0.131521 9.9982E-05 0.349454 0.033632 0.0412094
0.0747712 0.513705 0.113209 0.0978435 0.15345 9.9991E-05 0.0469214
0.199224 0.585831 0.0198246 0.00203101 0.125886 0.0671035 9.9991E-05
0.0526588 0.511552 9.9991E-05 0.0270857 0.140344 0.0849655 0.183294
0.0248883 0.544909 0.0359571 0.0022821 0.30173 9.9991E-05 0.0901334
0.05277 0.506506 0.145889 9.9982E-05 0.225215 0.06942 9.9982E-05
0.00440971 0.609539 0.0538601 0.153087 0.119138 9.9991E-05 0.0598661
9.9982E-05 0.487326 0.000178831 9.9982E-05 0.233844 0.108413 0.170038
0.0463129 0.558418 0.127975 0.054173 0.15781 0.0552105 9.9991E-05
0.0136845 0.513995 0.0599334 0.0151438 0.225576 0.0738575 0.0978097
0.128427 0.438913 0.115413 0.0548125 0.262235 9.9982E-05 9.9982E-05
0.0201038 0.647114 0.0530376 9.9991E-05 0.168249 0.0538567 0.0575387
0.0616555 0.619865 0.134643 0.0386336 0.100335 0.0447683 9.9991E-05
9.9982E-05 0.199582 0.0576627 9.9982E-05 0.454032 0.0944768 0.194046
0.23945 0.184457 0.188805 9.9982E-05 0.340712 9.9982E-05 0.0463753
0.0589539 0.370315 0.0241108 0.0377628 0.163204 0.134117 0.211536
0.137149 0.0407393 0.256528 9.9991E-05 0.327435 0.0529759 0.185072
9.9991E-05 0.263387 0.144444 0.0622794 0.396956 0.000680997 0.132152
9.9973E-05 0.443127 9.9973E-05 0.0123217 0.346716 9.9973E-05 0.197535
9.9982E-05 0.329283 0.0429833 0.0270702 0.392233 9.9982E-05 0.20823
0.0600487 0.339811 9.9973E-05 9.9973E-05 0.525435 9.9973E-05 0.0744053
0.0544863 0.619982 0.0217185 0.0840538 0.151591 0.0344639 0.0337042
0.069409 0.591792 0.0337103 0.117765 0.13166 9.9991E-05 0.0555636
0.0513562 0.575452 0.0802202 0.0242193 0.190185 9.9991E-05 0.0784673
0.231773 0.186978 0.0850336 9.9991E-05 0.282913 0.0236345 0.189567
0.0780801 0.588577 9.9982E-05 0.0955596 0.069837 9.9982E-05 0.167747
0.274815 0.448812 9.9982E-05 9.9982E-05 0.072887 0.0699317 0.133354
0.454613 0.00243269 0.0788009 0.149403 0.121712 9.9991E-05 0.192939
0.0469614 0.667418 0.119842 0.0873125 9.9991E-05 0.024761 0.0536049
0.251584 0.299031 0.115004 0.10395 0.0325327 0.0243772 0.173521
0.128273 0.481129 0.025541 0.0818496 0.0935644 0.0895655 0.100078
0.426895 0.230861 0.0269007 0.0699381 0.101286 9.9991E-05 0.144019
0.431133 0.239705 0.118618 0.0488527 0.161491 9.9982E-05 9.9982E-05
0.195089 0.39639 0.103965 0.0357902 0.119123 9.9991E-05 0.149543
0.18171 0.493551 9.9982E-05 0.0545199 0.197646 0.0723742 9.9982E-05
0.199476 0.435016 0.0583226 0.0717073 0.106866 0.0268906 0.101722
0.363144 9.9991E-05 0.0658327 0.043314 0.116106 0.159819 0.251685
0.0719405 0.656167 0.151532 0.00203768 0.118123 9.9982E-05 9.9982E-05
0.384829 0.325913 0.0343785 9.9982E-05 0.0585411 9.9982E-05 0.196138
0.186184 0.479198 0.12737 9.9982E-05 0.0840574 9.9982E-05 0.12299
9.9991E-05 0.503199 0.0660809 0.0995228 0.0615015 0.136907 0.132688
0.291069 0.0793766 0.0119936 0.247145 0.0633391 0.306977 9.9991E-05
0.356339 9.9964E-05 9.9964E-05 0.503847 9.9964E-05 0.139414 9.9964E-05
0.411603 9.9973E-05 0.0329374 0.416649 9.9973E-05 0.138512 9.9973E-05
0.199148 0.0422548 9.9982E-05 0.37813 0.0211809 0.359086 9.9982E-05
0.338682 0.621316 9.9964E-05 9.9964E-05 9.9964E-05 9.9964E-05 0.0396021
0.0619937 0.501888 0.135823 0.11394 0.0270078 0.0943881 0.064959
9.9955E-05 0.327653 9.9955E-05 9.9955E-05 9.9955E-05 0.671847 9.9955E-05
9.9991E-05 0.322472 0.0661036 0.00716584 0.0794016 0.446745 0.0780124
9.9973E-05 0.395321 9.9973E-05 0.0389285 0.113122 0.452328 9.9973E-05
0.424126 0.376669 0.082276 9.9973E-05 9.9973E-05 9.9973E-05 0.11663
0.197022 0.554808 0.00759152 9.9991E-05 0.0904171 0.0490974 0.100964
0.550733 0.211236 0.228574 9.9973E-05 9.9973E-05 9.9973E-05 0.00915715
0.215637 0.600944 0.0465599 0.018353 0.00151527 0.0172901 0.0997007
0.250787 0.493309 0.115206 0.0357978 0.0319925 0.0067147 0.0661928
0.265705 0.555958 0.0811935 9.9982E-05 0.00457085 0.0923725 9.9982E-05
0.537082 0.204146 0.121225 9.9982E-05 0.00691051 9.9982E-05 0.130437
0.151462 0.567078 9.9982E-05 0.0320828 9.9982E-05 0.149955 0.0992217
0.127642 0.539487 0.124912 0.0549793 0.0335364 9.9991E-05 0.119343
9.9955E-05 0.0191523 9.9955E-05 9.9955E-05 9.9955E-05 0.980348 9.9955E-05
9.9964E-05 0.0602756 9.9964E-05 9.9964E-05 0.000304351 0.93902 9.9964E-05
0.0617748 0.261737 0.00997268 0.0783811 0.00337208 0.559605 0.0251574
9.9964E-05 0.303986 9.9964E-05 9.9964E-05 0.00321044 0.692403 9.9964E-05
9.9982E-05 0.16039 9.9982E-05 0.0328251 0.004005 0.791553 0.0110273
9.995E-05 9.995E-05 9.995E-05 9.995E-05 9.995E-05 0.9994 9.995E-05
9.9964E-05 9.9964E-05 0.00851856 9.9964E-05 0.0299577 0.961124 9.9964E-05
9.9973E-05 0.13864 0.0127959 9.9973E-05 9.9973E-05 0.84197 0.00629391
9.9964E-05 0.0503164 9.9964E-05 9.9964E-05 0.0159592 0.933325 9.9964E-05
9.995E-05 9.995E-05 9.995E-05 9.995E-05 9.995E-05 0.9994 9.995E-05
9.995E-05 9.995E-05 9.995E-05 9.995E-05 9.995E-05 0.9994 9.995E-05
0.0245997 0.159545 9.9973E-05 9.9973E-05 0.0426272 0.772929 9.9973E-05
9.9973E-05 0.0478798 9.9973E-05 0.0558611 0.0798857 0.816073 9.9973E-05
9.9955E-05 9.9955E-05 9.9955E-05 9.9955E-05 9.9955E-05 0.955479 0.0440216
0.1138 0.390778 9.9982E-05 0.0399033 0.0975315 0.357787 9.9982E-05
9.9973E-05 0.253922 9.9973E-05 0.0483205 0.0535202 0.643938 9.9973E-05
9.9973E-05 0.156931 0.0279945 0.109201 9.9973E-05 0.705574 9.9973E-05
9.9973E-05 0.0894028 9.9973E-05 0.0146603 0.0189996 0.876637 9.9973E-05
9.9973E-05 0.0245484 9.9973E-05 9.9973E-05 0.000821286 0.96623 0.00810005
9.9973E-05 0.0306635 9.9973E-05 0.104401 9.9973E-05 0.848844 0.0157924
9.995E-05 9.995E-05 9.995E-05 9.995E-05 9.995E-05 0.9994 9.995E-05
0.0827792 0.285639 0.00760292 0.035564 0.0210773 0.554818 0.0125196
9.9973E-05 0.0371611 0.0488938 9.9973E-05 0.00785958 0.905786 9.9973E-05
0.637573 9.9973E-05 0.0300699 0.277449 9.9973E-05 0.0546085 9.9973E-05
0.211693 0.354297 0.028589 0.0976247 0.209043 0.0986541 9.9991E-05
0.286511 0.464634 9.9982E-05 0.208073 0.0263486 0.014234 9.9982E-05
0.465363 0.209061 0.0272902 0.234203 9.9991E-05 0.0588411 0.00514226
0.10872 0.51753 0.0188769 0.172384 0.103673 0.0787148 9.9991E-05
0.378004 0.135527 0.0495822 0.200108 9.9991E-05 0.146728 0.0899501
0.0339898 0.453964 0.192942 0.201226 0.0293122 0.00754334 0.0810226
0.328416 0.315838 0.0606571 0.0911475 9.9991E-05 0.143606 0.0602357
0.210357 0.516175 0.0174785 0.110092 0.0310779 0.107991 0.00682983
0.33792 0.345906 9.9973E-05 0.0933885 9.9973E-05 0.222486 9.9973E-05
0.140173 0.422748 9.9991E-05 0.182387 0.0212041 0.0605433 0.172844
0.0623452 0.0545647 9.9973E-05 0.813696 0.0690942 9.9973E-05 9.9973E-05
0.0155412 0.00185182 0.0451193 0.898418 9.9982E-05 0.0388695 9.9982E-05
9.9964E-05 9.9964E-05 9.9964E-05 0.954199 0.0251858 9.9964E-05 0.0202156
9.9964E-05 0.0149979 9.9964E-05 0.919045 0.0655574 9.9964E-05 9.9964E-05
0.0699811 0.062477 9.9973E-05 0.847539 0.0197034 9.9973E-05 9.9973E-05
9.9973E-05 9.9973E-05 0.0314253 0.858403 9.9973E-05 0.105459 0.00441287
9.9973E-05 0.0218979 9.9973E-05 0.87183 9.9973E-05 0.0886045 0.0173672
0.0519509 0.00518448 0.0490591 0.884036 9.9982E-05 0.00956982 9.9982E-05
9.9964E-05 0.0381265 9.9964E-05 0.918775 9.9964E-05 9.9964E-05 0.0426983
0.0425314 9.9973E-05 0.0171928 0.82123 9.9973E-05 0.118745 9.9973E-05
9.9973E-05 9.9973E-05 9.9973E-05 0.567311 0.300018 0.000257963 0.132113
9.9982E-05 9.9982E-05 0.00127626 0.54996 0.31192 0.0456182 0.0910259
0.112787 9.9982E-05 0.0655152 0.500709 0.290836 9.9982E-05 0.029953
0.0435196 9.9982E-05 0.0413553 0.460905 0.365514 9.9982E-05 0.0885061
9.9982E-05 0.575146 0.0298802 0.0897022 0.0873263 9.9982E-05 0.217745
0.0304505 0.49115 0.113495 0.090041 0.100093 9.9991E-05 0.17467
9.9982E-05 0.556188 0.0665091 0.0661693 0.156446 9.9982E-05 0.154488
0.023192 0.362158 0.0484826 0.086861 0.256683 9.9991E-05 0.222524
0.00548067 0.198405 0.00945707 9.9991E-05 0.622291 0.0326925 0.131574
9.9982E-05 0.601748 0.0638944 0.0655062 9.9982E-05 0.00733374 0.261317
9.9982E-05 0.598961 0.055841 9.9982E-05 0.073465 0.0305466 0.240987
0.0173472 0.501393 0.0826253 9.9982E-05 0.129159 9.9982E-05 0.269275
0.0966426 0.390774 0.0500453 9.9973E-05 9.9973E-05 9.9973E-05 0.462238
9.9991E-05 0.628691 0.0206144 0.0260398 0.137482 0.0407465 0.146327
0.0175193 0.380605 0.0604694 0.00685327 0.104185 0.00245815 0.42791
0.0344457 9.9973E-05 0.165671 9.9973E-05 0.0702711 9.9973E-05 0.729312
9.9982E-05 0.521204 0.0820849 9.9982E-05 0.191413 0.0345538 0.170544
0.153286 0.279551 0.0893397 9.9973E-05 9.9973E-05 9.9973E-05 0.477523
0.0192283 0.478228 0.00245604 9.9982E-05 9.9982E-05 0.0362046 0.463683
9.9973E-05 0.0775169 9.9973E-05 0.029882 0.152783 9.9973E-05 0.739518
0.122484 9.9973E-05 9.9973E-05 0.110005 0.766555 0.000656443 9.9973E-05
0.10266 0.076224 9.9982E-05 0.062323 0.744062 0.0145302 9.9982E-05
0.0261528 9.9973E-05 0.0501217 0.0384423 0.884983 9.9973E-05 9.9973E-05
0.00143628 9.9982E-05 0.0425553 0.0855722 0.818696 9.9982E-05 0.0515404
0.0690932 0.0575207 0.0348497 0.0134296 0.805171 0.0162112 0.00372455
9.9973E-05 0.0894745 9.9973E-05 0.0665411 0.795145 0.0485395 9.9973E-05
9.9973E-05 0.0904345 0.00391508 0.880635 9.9973E-05 0.0247154 9.9973E-05
9.9973E-05 0.117396 9.9973E-05 0.820205 0.048956 0.0131434 9.9973E-05
9.9964E-05 0.17978 9.9964E-05 0.747636 9.9964E-05 0.0721844 9.9964E-05
9.9973E-05 0.0403726 9.9973E-05 0.735963 0.0959282 0.127436 9.9973E-05
0.0119092 0.151917 9.9973E-05 0.816552 9.9973E-05 0.0193215 9.9973E-05
0.0604376 9.9964E-05 9.9964E-05 0.356235 0.582928 9.9964E-05 9.9964E-05
0.104442 9.9982E-05 0.0203137 0.454465 0.336251 9.9982E-05 0.0843286
9.9973E-05 9.9973E-05 0.0737565 0.432543 0.427873 9.9973E-05 0.0655278
9.9973E-05 0.151611 9.9973E-05 0.802223 0.0266977 0.0191687 9.9973E-05
0.0423309 9.9982E-05 0.0279242 0.361082 0.491172 9.9982E-05 0.0772912
0.173622 0.281602 0.0189935 0.193894 9.9982E-05 0.331688 9.9982E-05
0.0743674 0.538211 9.9982E-05 0.0975646 0.0261862 0.263471 9.9982E-05
9.9964E-05 0.577658 9.9964E-05 0.172056 9.9964E-05 0.249886 9.9964E-05
0.097242 0.358631 9.9991E-05 0.233248 0.053872 0.239235 0.0176722
0.122111 0.473063 0.0853818 0.162258 9.9982E-05 0.156987 9.9982E-05
0.269559 9.9964E-05 9.9964E-05 0.399672 9.9964E-05 0.330369 9.9964E-05
0.0649514 0.430552 0.126074 0.000702361 0.341631 9.9991E-05 0.0359894
0.217845 0.367491 0.156923 0.00282315 0.208325 9.9991E-05 0.0464921
9.9982E-05 0.2916 0.0340788 0.060944 0.533471 9.9982E-05 0.0797058
0.076477 0.493708 0.209295 9.9982E-05 0.10363 9.9982E-05 0.11669
0.298528 9.9973E-05 0.36115 9.9973E-05 0.168182 9.9973E-05 0.171841
0.106087 0.57835 0.0710686 0.0845274 0.10534 0.0545269 9.9991E-05
0.0210188 0.36407 0.210504 0.0211778 0.221999 0.0659692 0.095261
0.00714521 0.324112 0.0375625 0.0223356 0.466 9.9991E-05 0.142745
0.0284484 0.55799 0.0594185 0.0993502 0.149461 0.0628566 0.0424749
0.269612 0.152613 0.205302 9.9982E-05 0.281567 9.9982E-05 0.0907064
0.120635 0.443171 0.157468 9.9991E-05 0.142627 0.0692737 0.066725
0.0380226 0.52072 9.9982E-05 9.9982E-05 0.335325 0.0413542 0.0643783
0.0970558 0.42607 9.9991E-05 0.170658 0.064047 0.14192 0.10015
0.0892234 0.371534 0.202794 9.9982E-05 0.248782 9.9982E-05 0.0874672
0.0718221 0.484994 0.135367 9.9991E-05 0.266116 0.0176306 0.0239696
0.0307745 0.367458 0.170802 9.9991E-05 0.141452 0.181445 0.107967
0.0806952 0.551498 0.0240931 0.0181988 0.15081 9.9991E-05 0.174605
0.0203835 0.605864 0.0706392 0.0176231 0.168634 0.0712491 0.0456077
0.0486903 0.469236 0.0316932 0.0799403 0.188255 0.126119 0.0560661
9.9982E-05 0.573729 9.9982E-05 0.0576735 0.27262 0.0439873 0.0517908
0.0154043 0.14707 9.9973E-05 0.786973 9.9973E-05 0.0502529 9.9973E-05
0.0138836 0.0332631 0.0476685 0.827935 9.9991E-05 0.0499572 0.0271925
0.07121 0.0647011 9.9991E-05 0.740734 0.0571573 0.0399816 0.0261158
9.9991E-05 0.0780954 0.0240963 0.812894 0.0131384 0.0144793 0.0571962
0.00429671 0.145553 9.9964E-05 0.84975 9.9964E-05 9.9964E-05 9.9964E-05
0.0373266 0.195728 9.9982E-05 9.9982E-05 0.613461 0.0385623 0.114722
9.9982E-05 0.44324 0.118055 9.9982E-05 0.263051 0.132859 0.0425948
0.109851 0.448157 0.0984592 0.217797 9.9982E-05 0.125536 9.9982E-05
0.0438258 0.618171 0.0663769 0.0308749 0.202464 0.0381876 9.9991E-05
9.9982E-05 0.55035 0.0212013 9.9982E-05 0.253051 0.0147918 0.160406
0.177533 0.269239 0.0835708 9.9982E-05 0.378136 0.0913214 9.9982E-05
0.133614 0.0803022 9.9982E-05 0.109161 0.619987 9.9982E-05 0.0567361
9.9973E-05 0.612678 0.0373946 0.0189479 0.330679 9.9973E-05 9.9973E-05
9.9991E-05 0.198617 0.182272 0.0629061 0.4664 0.0178488 0.0718559
0.158949 0.473351 0.101053 0.0337157 0.204233 0.0285972 9.9991E-05
0.0517931 0.145137 0.111523 0.0772329 0.580482 9.9991E-05 0.0337331
9.9973E-05 0.616407 9.9973E-05 0.103749 0.233147 0.0463966 9.9973E-05
9.9991E-05 0.209475 0.0977398 0.0487412 0.569843 0.0280105 0.0460906
0.0927804 0.278181 0.114109 9.9991E-05 0.37435 0.102071 0.0384088
0.22958 0.555997 0.000752485 0.0841204 0.0219582 0.0103127 0.0972789
0.55007 0.241173 0.137515 9.9973E-05 0.0709418 9.9973E-05 9.9973E-05
0.281329 0.612982 9.9982E-05 0.0418946 0.033998 9.9982E-05 0.0295972
0.217944 0.552374 0.0665018 0.091406 9.9982E-05 9.9982E-05 0.0715747
0.414168 0.374795 0.0995465 9.9973E-05 0.11119 9.9973E-05 9.9973E-05
0.2076 0.431483 0.00777942 0.0318492 0.146918 0.0734521 0.100919
0.199416 0.59696 0.0928947 0.0573332 9.9982E-05 9.9982E-05 0.0531967
0.599791 0.0906159 0.0288282 9.9982E-05 0.0753728 9.9982E-05 0.205192
0.569662 0.254735 0.0464233 9.9982E-05 0.00907533 9.9982E-05 0.119904
0.409705 0.475669 0.00560461 9.9973E-05 0.108722 9.9973E-05 9.9973E-05
0.540359 0.186241 0.0146169 9.9982E-05 0.0680749 9.9982E-05 0.190509
0.348484 0.458383 9.9973E-05 9.9973E-05 0.129168 9.9973E-05 0.0636648
9.9991E-05 0.115085 0.0261059 0.0100576 0.647302 0.0337358 0.167614
9.9973E-05 0.280007 0.337062 9.9973E-05 0.33017 9.9973E-05 0.0524603
0.0312294 0.298064 0.0912714 9.9991E-05 0.422288 0.0846633 0.0723845
0.0626366 0.502251 0.112102 0.035225 0.0876985 0.177346 0.0227412
9.9973E-05 0.244022 0.0394879 9.9973E-05 0.457823 9.9973E-05 0.258367
9.9991E-05 0.497522 0.0790535 0.106951 0.11717 0.0700461 0.129157
0.0381644 0.606801 9.9991E-05 0.0439928 0.195115 0.0460239 0.0698027
0.0241174 0.42777 0.154006 9.9991E-05 0.230728 0.0631616 0.100117
9.9982E-05 0.454699 0.0728069 9.9982E-05 0.341159 0.0904951 0.0406405
9.9991E-05 0.415996 0.0253588 0.0350317 0.337003 0.0348179 0.151693
9.9982E-05 0.163984 0.0555486 9.9982E-05 0.461801 0.0979604 0.220506
9.9982E-05 0.294838 0.0527142 9.9982E-05 0.469943 0.118008 0.0642973
9.9973E-05 0.704972 0.0422504 9.9973E-05 0.212685 9.9973E-05 0.039792
9.9991E-05 0.513533 0.107637 0.0717544 0.160516 0.0621202 0.0843399
0.048431 0.432727 0.151852 0.00495244 0.329232 0.0327054 9.9991E-05
9.9982E-05 0.525398 0.10275 9.9982E-05 0.231735 0.0398488 0.100069
0.153003 0.397677 9.9973E-05 9.9973E-05 0.394222 0.0547977 9.9973E-05
9.9982E-05 0.598378 0.0239599 0.00955028 0.214356 9.9982E-05 0.153557
9.9982E-05 0.383263 0.112357 9.9982E-05 0.238811 0.123066 0.142304
9.9991E-05 0.496592 0.0160056 0.162502 0.206166 0.045239 0.0733955
0.0146369 0.384961 9.9982E-05 0.349913 9.9982E-05 0.140931 0.109358
0.104357 0.436759 9.9982E-05 0.105104 9.9982E-05 0.252815 0.100766
0.025997 0.527116 0.0961979 0.176539 0.00661134 0.167439 9.9991E-05
9.9991E-05 0.647508 0.0601485 0.0523254 0.0821293 0.124201 0.0335883
9.9991E-05 0.489549 0.0880793 0.198271 0.00339696 0.171355 0.0492497
0.119578 0.485012 0.179236 9.9991E-05 0.192317 0.01841 0.00534632
0.00472497 0.542216 0.0799941 0.162525 0.0124122 0.130068 0.0680589
0.403805 0.04774 0.0344626 0.21464 0.0276336 0.151196 0.120522
0.0277505 0.503058 0.070035 0.204107 0.0844111 0.110538 9.9991E-05
9.9991E-05 0.510117 0.0836724 0.144664 0.0498115 0.138225 0.0734105
9.9991E-05 0.450334 0.0726233 0.0550477 0.155562 0.2292 0.0371318
0.178651 0.274471 0.0837255 0.170188 0.120453 0.117703 0.0548077
0.0915069 0.494893 0.118953 0.156201 0.0194357 0.0825103 0.0365002
0.0920805 0.577573 0.0221376 0.202009 9.9982E-05 0.106 9.9982E-05
0.27121 9.9982E-05 0.0635117 0.475063 9.9982E-05 0.181889 0.0081262
9.9991E-05 0.400453 0.013718 0.184431 0.000970951 0.279771 0.120556
0.121117 0.526337 9.9973E-05 0.145252 9.9973E-05 0.206994 9.9973E-05
0.0540138 0.626424 0.0983598 0.0826819 0.0522576 0.0861625 9.9991E-05
0.06492 0.507852 0.0460587 0.195992 9.9982E-05 0.184977 9.9982E-05
0.0408719 0.439949 0.0708391 0.256488 0.0302992 0.12189 0.0396627
9.9991E-05 0.383642 0.319883 0.0448042 0.0358213 0.0709926 0.144757
0.06611 0.4382 0.255298 0.0926985 0.0842979 0.0558619 0.0075336
9.9964E-05 9.9964E-05 0.829598 9.9964E-05 0.049933 9.9964E-05 0.120069
9.9955E-05 9.9955E-05 0.977611 9.9955E-05 0.0218888 9.9955E-05 9.9955E-05
9.9991E-05 0.368706 0.469311 0.104322 0.00696367 0.0279505 0.0226464
0.0952145 0.412043 0.10937 0.115173 0.00702388 0.261076 9.9991E-05
0.00912543 0.235909 0.296652 0.0755663 9.9982E-05 0.382547 9.9982E-05
0.212724 0.201019 0.0971401 0.13241 9.9991E-05 0.30495 0.0516569
0.0428067 0.351387 0.168005 0.204482 0.00954527 0.223673 9.9991E-05
0.0972287 9.9973E-05 0.740638 0.0474599 9.9973E-05 0.114374 9.9973E-05
0.0212493 0.0622665 0.748481 0.0810764 9.9982E-05 0.0867269 9.9982E-05
9.9973E-05 0.45841 0.379623 0.0424278 9.9973E-05 0.119239 9.9973E-05
9.9973E-05 0.340814 0.516544 0.0285266 9.9973E-05 0.113815 9.9973E-05
9.9973E-05 0.110779 0.728149 0.0719234 9.9973E-05 0.0888481 9.9973E-05
9.9973E-05 0.526445 0.345912 0.0564048 9.9973E-05 0.0709382 9.9973E-05
0.0650862 0.479404 0.401552 9.9973E-05 9.9973E-05 0.053657 9.9973E-05
9.9991E-05 0.318551 0.338425 0.0761329 0.0403013 0.17966 0.0468295
0.021794 0.297748 0.571237 9.9973E-05 0.108922 9.9973E-05 9.9973E-05
9.9991E-05 0.296157 0.490846 0.0105764 0.0288842 0.0200067 0.153429
0.0456761 0.485143 0.297695 0.0104211 0.127945 0.0134895 0.01963
0.0833557 0.363049 0.415237 9.9991E-05 0.109261 0.0206877 0.00831009
0.0973797 0.385295 0.277649 0.0189457 0.101506 0.0861505 0.0330744
0.08651 0.465499 0.38146 9.9982E-05 0.0366132 9.9982E-05 0.0297181
9.9964E-05 0.169344 0.758782 9.9964E-05 0.071474 9.9964E-05 9.9964E-05
9.9982E-05 0.494329 0.368348 0.0156588 9.9982E-05 0.0528044 0.0686591
9.9973E-05 0.140118 0.711369 9.9973E-05 0.0597316 9.9973E-05 0.0884816
0.0373131 0.346706 0.574258 0.0407022 9.9982E-05 0.000820978 9.9982E-05
9.9982E-05 0.555385 0.24533 0.0866091 9.9982E-05 0.0214342 0.0910425
9.9982E-05 0.447322 0.236806 9.9982E-05 0.119951 0.0511084 0.144613
0.105072 0.523687 0.0195281 0.107732 9.9991E-05 0.193231 0.0506494
9.9991E-05 0.429419 0.194718 0.14228 0.0573269 0.0685795 0.107577
0.119666 0.384303 0.0868667 0.0963153 0.0645406 0.248208 9.9991E-05
0.158298 0.327342 0.0632756 0.118782 0.120509 0.211693 9.9991E-05
0.00367802 0.38306 0.0938786 0.163497 0.097102 0.217128 0.0416569
0.0100826 0.368973 0.134033 0.232064 0.0191704 0.158923 0.0767542
0.0742965 9.9973E-05 0.627245 0.177366 9.9973E-05 0.120793 9.9973E-05
9.9982E-05 0.556363 0.110769 0.126335 0.0421299 0.164203 9.9982E-05
0.214988 9.9973E-05 0.331149 0.370421 9.9973E-05 0.0831427 9.9973E-05
9.9973E-05 0.437288 0.326661 0.0202811 9.9973E-05 0.21547 9.9973E-05
9.9964E-05 0.0433443 0.748119 9.9964E-05 9.9964E-05 9.9964E-05 0.208136
9.9964E-05 9.9964E-05 0.879836 9.9964E-05 0.0345049 9.9964E-05 0.0852595
9.9955E-05 0.450226 0.549274 9.9955E-05 9.9955E-05 9.9955E-05 9.9955E-05
0.0134653 0.584541 0.393059 9.9973E-05 9.9973E-05 9.9973E-05 0.0086354
9.9964E-05 0.349642 0.606142 9.9964E-05 9.9964E-05 9.9964E-05 0.0438165
9.9973E-05 0.437106 0.451429 0.00255357 9.9973E-05 9.9973E-05 0.108611
9.9955E-05 0.493747 0.505753 9.9955E-05 9.9955E-05 9.9955E-05 9.9955E-05
9.9982E-05 0.075707 0.090242 0.784351 0.0227058 0.0267944 9.9982E-05
0.0250937 9.9991E-05 0.0494015 0.709011 0.0946546 0.102577 0.0191628
9.9964E-05 9.9964E-05 9.9964E-05 0.870844 0.0545501 0.0742057 9.9964E-05
9.9964E-05 0.0641842 0.00242825 0.932988 9.9964E-05 9.9964E-05 9.9964E-05
9.9991E-05 0.432957 0.0396745 0.0135496 0.0265087 0.0591887 0.428021
9.9982E-05 0.510799 9.9982E-05 0.0687059 0.0550842 0.051827 0.313384
9.9955E-05 0.495834 9.9955E-05 9.9955E-05 9.9955E-05 9.9955E-05 0.503666
9.9982E-05 0.646791 0.00906301 0.147887 0.00506921 9.9982E-05 0.19099
0.160966 0.527351 9.9991E-05 0.0502867 0.0237095 0.0248252 0.212762
0.0970928 0.241697 0.00575176 9.9982E-05 0.0825885 9.9982E-05 0.57267
9.9973E-05 0.537899 9.9973E-05 9.9973E-05 0.0203695 0.0820186 0.359413
0.130173 0.389055 0.0344544 9.9973E-05 9.9973E-05 9.9973E-05 0.446017
9.9973E-05 0.422657 0.128695 0.286866 9.9973E-05 0.161483 9.9973E-05
0.0146935 0.415505 0.08517 0.0108742 0.0342493 0.0367393 0.402768
0.00047369 0.405914 9.9982E-05 0.00272138 0.0884093 9.9982E-05 0.502281
9.9964E-05 0.546808 0.111824 9.9964E-05 9.9964E-05 9.9964E-05 0.340969
9.9982E-05 0.332833 0.119114 0.0472631 0.0657633 9.9982E-05 0.434826
0.0129069 0.531334 0.0872293 0.0131797 9.9982E-05 9.9982E-05 0.35515
9.9973E-05 0.502938 0.0102692 0.0762732 9.9973E-05 9.9973E-05 0.41022
0.058512 0.0391234 0.0240075 9.9973E-05 9.9973E-05 9.9973E-05 0.878057
0.0706469 0.199899 0.0542707 9.9991E-05 0.0467313 0.0392513 0.589101
0.0361991 0.314049 0.0601952 9.9982E-05 0.0485862 9.9982E-05 0.540771
0.208175 9.9955E-05 9.9955E-05 9.9955E-05 9.9955E-05 9.9955E-05 0.791325
9.9982E-05 0.379415 9.9982E-05 0.0243087 0.0762399 0.0320089 0.487827
0.235968 0.132585 9.9964E-05 9.9964E-05 9.9964E-05 9.9964E-05 0.631048
0.146738 9.9964E-05 0.0812133 9.9964E-05 9.9964E-05 9.9964E-05 0.771649
9.9973E-05 0.586877 0.0828185 0.0261996 9.9973E-05 9.9973E-05 0.303805
9.9982E-05 0.166877 9.9982E-05 0.0380129 0.123722 0.0219341 0.649254
0.0320207 0.398294 9.9991E-05 0.0199748 0.128865 0.00641126 0.414334
0.0578997 0.539233 9.9982E-05 0.0501238 9.9982E-05 0.146957 0.205587
0.0211375 0.484596 9.9982E-05 0.020853 0.0888759 9.9982E-05 0.384338
0.172998 0.449238 0.138482 9.9973E-05 0.238982 9.9973E-05 9.9973E-05
9.9982E-05 0.535322 9.9982E-05 0.0569338 0.0699268 0.0538294 0.283788
9.9982E-05 0.459353 0.0188108 9.9982E-05 0.148458 0.0551424 0.318036
0.0455526 0.273806 9.9973E-05 9.9973E-05 9.9973E-05 0.00937211 0.670969
9.9982E-05 0.613249 0.00843636 0.116061 0.0680577 9.9982E-05 0.193996
0.0495437 0.0246722 9.9982E-05 0.617658 0.295428 0.0124985 9.9982E-05
0.0478116 0.0407839 9.9982E-05 0.758296 0.120493 9.9982E-05 0.0324159
0.060303 9.9964E-05 9.9964E-05 0.802523 0.136774 9.9964E-05 9.9964E-05
0.0562361 9.9964E-05 9.9964E-05 0.804966 0.138398 9.9964E-05 9.9964E-05
0.0450104 0.0476503 9.9973E-05 0.637157 0.269883 9.9973E-05 9.9973E-05
9.9982E-05 0.102824 9.9982E-05 0.0132078 0.152204 0.0119067 0.719657
0.0470166 0.152277 9.9982E-05 0.0762206 0.0507632 9.9982E-05 0.673523
0.0878697 0.143884 9.9964E-05 9.9964E-05 9.9964E-05 9.9964E-05 0.767847
9.9982E-05 0.607753 0.0216187 0.217085 9.9982E-05 0.0197738 0.13357
9.9982E-05 0.490742 0.0605047 0.111678 9.9982E-05 0.106231 0.230644
0.074628 0.15734 0.0552864 0.028264 9.9991E-05 0.055058 0.629323
9.9991E-05 0.561692 0.0489613 0.0165364 0.0355601 0.0917242 0.245426
0.0796925 0.382079 9.9982E-05 0.0132576 9.9982E-05 0.0698519 0.454919
9.9982E-05 0.434599 0.0955799 0.0317831 9.9982E-05 0.0246902 0.413148
9.9991E-05 0.507453 0.00619024 0.00902468 0.0597606 0.0919167 0.325555
9.9982E-05 0.206479 9.9982E-05 0.00110173 0.0968427 0.0494685 0.645908
9.9964E-05 0.344499 9.9964E-05 9.9964E-05 0.026803 9.9964E-05 0.628299
9.9973E-05 0.224092 9.9973E-05 9.9973E-05 0.155713 0.00705572 0.61284
0.227808 0.632882 9.9964E-05 0.13891 9.9964E-05 9.9964E-05 9.9964E-05
9.9973E-05 0.388871 9.9973E-05 0.0153804 0.0938169 9.9973E-05 0.501632
0.0790837 0.371018 9.9991E-05 0.0368362 0.00148946 0.0278205 0.483652
9.9973E-05 0.324384 9.9973E-05 0.0581369 9.9973E-05 0.508388 0.108791
0.135592 0.320595 0.00621647 0.0199927 9.9991E-05 0.465502 0.0520018
0.0853167 0.414779 0.0291771 0.0967024 9.9982E-05 0.373825 9.9982E-05
0.125417 0.253369 0.014981 0.135231 9.9982E-05 0.470802 9.9982E-05
0.0732491 0.453015 0.0462944 0.0980273 0.00408583 0.32101 0.00431855
0.179132 0.488763 9.9982E-05 0.0163745 9.9982E-05 0.0180409 0.29749
0.0636024 9.9964E-05 9.9964E-05 0.254978 9.9964E-05 0.681019 9.9964E-05
9.9973E-05 0.348955 0.0884024 0.161338 9.9973E-05 0.401005 9.9973E-05
0.242664 0.496678 9.9982E-05 0.141524 9.9982E-05 0.0742624 0.0446713
0.218299 0.560104 9.9982E-05 0.118356 0.0710016 9.9982E-05 0.0320406
0.269915 0.420118 9.9991E-05 0.0735887 0.10737 0.0739132 0.0549944
0.191973 0.680361 9.9973E-05 0.039821 0.0875447 9.9973E-05 9.9973E-05
0.238574 0.583482 0.0436484 0.0806446 0.0314002 0.0221501 9.9991E-05
0.0144506 0.271679 9.9973E-05 0.173277 9.9973E-05 0.540294 9.9973E-05
0.0407508 0.385876 9.9982E-05 0.183203 0.0554515 0.334519 9.9982E-05
9.9964E-05 0.402201 9.9964E-05 0.0958131 9.9964E-05 0.501586 9.9964E-05
0.0455805 0.422394 0.0412577 0.0856164 0.0749612 0.324171 0.00601881
0.00704582 0.256518 0.0687205 0.13966 9.9991E-05 0.510438 0.0175178
0.00720229 0.335717 0.0620313 0.116122 0.018224 0.381003 0.0797004
9.9982E-05 0.188362 0.0666182 0.155539 9.9982E-05 0.552102 0.0371789
0.0213317 0.337162 0.0862828 0.11714 0.0194944 0.41849 9.9991E-05
0.367505 0.598056 9.9964E-05 0.0340387 9.9964E-05 9.9964E-05 9.9964E-05
0.0281367 0.244082 0.0170316 0.238125 0.0182676 0.360352 0.0940049
0.0451168 0.155377 9.9973E-05 0.225916 9.9973E-05 0.573291 9.9973E-05
0.00798751 0.268892 9.9991E-05 0.13236 0.0629617 0.431756 0.0959421
0.324361 0.283327 9.9982E-05 0.124689 0.238698 9.9982E-05 0.0287254
0.282011 0.601965 9.9973E-05 9.9973E-05 0.0373955 0.0783287 9.9973E-05
0.0231012 0.445279 0.00780613 0.167896 0.0562082 0.292385 0.00732443
0.105056 0.589598 0.0820516 0.0635658 0.106268 0.0410197 0.0124404
0.19779 0.505158 0.0182983 0.173433 9.9982E-05 9.9982E-05 0.105121
0.0771936 0.31018 9.9982E-05 0.253013 9.9982E-05 0.247827 0.111586
0.0143834 0.294259 0.138984 0.239522 0.0171546 0.249228 0.0464698
0.111996 0.573626 9.9982E-05 0.119756 0.07142 9.9982E-05 0.123002
0.091177 0.429882 9.9982E-05 0.0902197 0.0116332 0.376888 9.9982E-05
9.9973E-05 0.36417 0.0675553 0.119899 9.9973E-05 0.448076 9.9973E-05
0.0142274 0.148446 9.9973E-05 0.261932 9.9973E-05 0.575095 9.9973E-05
0.109885 0.59532 9.9991E-05 0.0306047 0.090049 0.101385 0.0726571
0.234157 0.503905 9.9982E-05 0.0726768 0.149561 9.9982E-05 0.0394995
0.670671 0.249642 9.9982E-05 0.0577499 0.0145805 0.00715626 9.9982E-05
0.148527 0.421991 9.9991E-05 0.0860724 0.09063 0.160705 0.0919744
0.143889 0.362898 0.0601504 0.0213466 0.244726 0.0820209 0.084969
0.171242 0.572675 9.9973E-05 0.198691 9.9973E-05 0.0570917 9.9973E-05
0.14661 0.472346 9.9991E-05 0.0641229 0.0991499 0.107306 0.110365
0.55972 9.9964E-05 9.9964E-05 0.236182 9.9964E-05 0.203698 9.9964E-05
0.675681 9.9964E-05 9.9964E-05 0.237586 9.9964E-05 0.0863332 9.9964E-05
0.273695 0.232422 0.140139 0.148401 0.0491406 0.156102 9.9991E-05
0.474647 0.0549616 9.9973E-05 0.260789 9.9973E-05 0.209302 9.9973E-05
0.407508 9.9964E-05 9.9964E-05 0.399096 9.9964E-05 0.192996 9.9964E-05
0.307735 0.380077 0.111191 0.0367758 9.9991E-05 0.155067 0.00905362
0.228654 0.373166 0.0491465 0.174163 0.00560697 0.169163 9.9991E-05
0.378571 0.272274 9.9982E-05 0.229344 0.0245197 0.0950919 9.9982E-05
0.5417 0.114186 9.9973E-05 0.221724 9.9973E-05 0.12209 9.9973E-05
0.134494 0.403193 9.9991E-05 0.101946 0.0688776 0.181835 0.109555
0.481152 0.152582 9.9982E-05 0.160777 9.9982E-05 0.145356 0.0599326
0.572315 9.9964E-05 9.9964E-05 0.407303 9.9964E-05 0.0199822 9.9964E-05
0.100192 0.492132 9.9982E-05 0.102905 0.152444 0.152126 9.9982E-05
0.207731 0.28664 0.00955919 0.12385 0.122513 0.230415 0.0192919
9.9982E-05 0.467687 9.9982E-05 0.322761 0.100951 0.080521 0.0278802
0.000868882 0.563517 9.9982E-05 0.206947 9.9982E-05 0.226782 0.00168583
0.0412569 0.613448 0.0537077 0.184422 9.9982E-05 0.106965 9.9982E-05
0.0640996 0.475803 0.085622 0.160148 0.00165755 0.21257 9.9991E-05
0.0604307 0.348949 9.9982E-05 0.358707 0.0146961 0.217018 9.9982E-05
0.0738353 0.494103 0.0896515 0.194833 0.00486564 0.142612 9.9991E-05
9.9973E-05 0.436302 9.9973E-05 0.286385 0.0090648 0.267947 9.9973E-05
0.0247929 0.288258 0.021579 0.263146 0.0354037 0.169957 0.196863
0.0145654 0.325257 0.0643436 0.175459 0.11701 0.10917 0.194196
0.0912945 0.552885 9.9991E-05 0.196107 0.0181843 0.109805 0.0316244
0.0982146 0.622404 0.0196871 0.152697 0.0283807 0.0785172 9.9991E-05
9.9991E-05 0.591691 0.0874043 0.151228 0.0725142 0.0439976 0.053065
0.0360133 0.368777 9.9982E-05 0.262012 0.073913 0.259085 9.9982E-05
0.0484355 0.481796 9.9991E-05 0.234488 0.0468594 0.165218 0.0231027
0.232946 0.137451 0.0357199 0.321323 9.9991E-05 0.245658 0.0268027
0.0923093 0.640823 9.9982E-05 0.192243 9.9982E-05 0.0495453 0.0248796
0.0900242 0.253673 0.0470055 0.267303 9.9991E-05 0.316019 0.0258752
0.100919 9.9973E-05 9.9973E-05 0.794046 0.0709908 9.9973E-05 0.0337442
9.9982E-05 0.084839 9.9982E-05 0.0433094 0.78114 0.0263842 0.0641271
9.9955E-05 9.9955E-05 9.9955E-05 9.9955E-05 0.989505 9.9955E-05 0.00999571
9.9955E-05 9.9955E-05 9.9955E-05 0.0274388 0.972061 9.9955E-05 9.9955E-05
9.9964E-05 0.0736326 9.9964E-05 0.00787634 0.918091 9.9964E-05 9.9964E-05
9.9964E-05 0.0161254 9.9964E-05 9.9964E-05 0.934357 0.0491181 9.9964E-05
9.9955E-05 0.0998431 9.9955E-05 9.9955E-05 0.899657 9.9955E-05 9.9955E-05
9.9955E-05 9.9955E-05 9.9955E-05 0.058664 0.940836 9.9955E-05 9.9955E-05
9.9964E-05 9.9964E-05 9.9964E-05 0.172105 0.814582 0.012913 9.9964E-05
9.9973E-05 0.0427457 9.9973E-05 0.898576 0.0310084 0.0273703 9.9973E-05
9.9982E-05 0.0735559 0.0604745 0.780886 0.0764555 0.00842831 9.9982E-05
9.9973E-05 0.0477704 9.9973E-05 0.863888 9.9973E-05 0.043923 0.0441189
0.0080428 0.0171967 0.0676025 0.791823 0.115135 9.9982E-05 9.9982E-05
0.0161211 9.9973E-05 9.9973E-05 0.865611 0.0447178 0.0732507 9.9973E-05
0.055921 9.9973E-05 0.0299058 0.856394 0.0574792 9.9973E-05 9.9973E-05
0.0405464 0.0233106 9.9982E-05 0.760602 0.0528012 0.122539 9.9982E-05
9.9982E-05 0.0272875 0.0446848 0.862455 0.00583795 0.0595353 9.9982E-05
9.9982E-05 0.0601061 9.9982E-05 0.683062 0.133515 0.0478725 0.0752444
9.9973E-05 9.9973E-05 0.017782 0.902631 0.00907965 0.0702072 9.9973E-05
9.9964E-05 9.9964E-05 0.00205453 0.940213 0.0573323 9.9964E-05 9.9964E-05
0.0363882 9.9973E-05 9.9973E-05 0.838062 0.0779497 0.0473007 9.9973E-05
0.000162346 9.9973E-05 9.9973E-05 0.922879 0.0611815 0.0154776 9.9973E-05
0.0360941 0.0810966 9.9964E-05 0.882409 9.9964E-05 9.9964E-05 9.9964E-05
9.9964E-05 0.121316 9.9964E-05 0.860684 9.9964E-05 9.9964E-05 0.0176003
9.9964E-05 0.0697295 9.9964E-05 0.855259 9.9964E-05 0.074612 9.9964E-05
9.9964E-05 0.102641 9.9964E-05 0.74435 9.9964E-05 0.152609 9.9964E-05
9.9964E-05 0.143183 9.9964E-05 0.776757 9.9964E-05 0.0796606 9.9964E-05
9.9955E-05 0.164071 9.9955E-05 0.835429 9.9955E-05 9.9955E-05 9.9955E-05
0.238832 0.422154 9.9982E-05 0.167897 0.0989878 9.9982E-05 0.071929
0.182331 0.66409 9.9973E-05 0.0684209 9.9973E-05 9.9973E-05 0.084859
9.9982E-05 0.579311 0.034737 0.221242 9.9982E-05 0.0114581 0.153052
0.69232 0.186618 9.9964E-05 9.9964E-05 9.9964E-05 9.9964E-05 0.120662
0.197618 0.568476 9.9982E-05 0.0892243 0.115855 0.0286262 9.9982E-05
0.769656 0.158853 9.9964E-05 0.0710913 9.9964E-05 9.9964E-05 9.9964E-05
0.247167 0.59798 9.9982E-05 0.0781644 0.0467127 0.0297764 9.9982E-05
0.298766 0.391536 9.9982E-05 0.0484113 0.190037 9.9982E-05 0.0710505
0.240869 0.547155 9.9982E-05 0.0310155 0.0851952 9.9982E-05 0.0955659
9.9991E-05 0.425262 0.00870432 0.031297 0.0484528 0.076201 0.409983
0.282608 0.426612 9.9982E-05 0.0541877 0.156122 9.9982E-05 0.0802702
0.254101 0.692158 9.9964E-05 0.0533411 9.9964E-05 9.9964E-05 9.9964E-05
0.149965 0.551727 9.9991E-05 0.0775721 0.162975 0.0225105 0.0351506
0.155277 0.0979887 0.158075 9.9991E-05 0.429424 0.0488151 0.110321
0.91885 9.9964E-05 9.9964E-05 9.9964E-05 0.0677628 9.9964E-05 0.0129875
0.772766 0.205952 9.9964E-05 9.9964E-05 0.0208819 9.9964E-05 9.9964E-05
0.187455 0.574247 9.9982E-05 0.058181 0.0846909 0.0952257 9.9982E-05
0.332768 0.571383 9.9973E-05 0.0771486 0.0184007 9.9973E-05 9.9973E-05
0.263241 0.594761 9.9973E-05 0.0893427 9.9973E-05 9.9973E-05 0.0523547
