9.9982E-05 0.0260381 0.847301 0.0245741 0.0170632 9.9982E-05 0.0573495 0.027474
9.9973E-05 0.00555739 0.882817 9.9973E-05 0.0602002 0.0111156 0.04001 9.9973E-05
0.0699082 9.9982E-05 0.720031 0.0366913 0.0451965 9.9982E-05 0.0702117 0.0577609
0.0456627 9.9973E-05 0.70092 0.125081 9.9973E-05 9.9973E-05 0.0369168 0.0911198
9.9955E-05 9.9955E-05 0.837739 0.0685629 9.9955E-05 9.9955E-05 9.9955E-05 0.0931986
0.10169 0.0545146 0.555848 0.0271808 0.00542381 0.160619 0.0219504 0.0727736
9.9964E-05 9.9964E-05 0.740317 9.9964E-05 0.047445 0.14705 0.0647883 9.9964E-05
0.0200982 9.9982E-05 0.654604 0.132665 9.9982E-05 0.131132 0.0400519 0.021249
9.99729E-05 0.0174241 0.78254 0.0827484 9.99729E-05 0.0928353 0.0241526 9.99729E-05
0.117372 9.9982E-05 0.634075 0.0415557 9.9982E-05 0.104455 0.0443367 0.0580054
0.0804836 9.9973E-05 0.729046 0.0586107 9.9973E-05 0.12928 0.00227917 9.9973E-05
0.119096 0.0346702 9.9964E-05 9.9964E-05 0.787045 9.9964E-05 9.9964E-05 0.0587898
0.47537 9.9964E-05 9.9964E-05 9.9964E-05 0.428698 9.9964E-05 0.0497595 0.0457726
0.138452 9.9973E-05 0.0358627 9.9973E-05 0.751265 9.9973E-05 0.0444754 0.0296456
0.207801 9.9964E-05 0.0744871 9.9964E-05 0.602354 9.9964E-05 9.9964E-05 0.114958
0.294667 9.9982E-05 0.100762 9.9982E-05 0.424312 0.050833 0.0224886 0.106737
0.459863 0.0404012 0.0101198 9.9982E-05 0.37846 0.0233119 9.9982E-05 0.0876434
0.336583 0.133938 9.9973E-05 9.9973E-05 0.388035 9.9973E-05 0.0743409 0.0668028
0.307448 0.030943 0.0623602 9.9982E-05 0.54535 9.9982E-05 0.0454304 0.00826864
9.9973E-05 9.9973E-05 0.0662694 0.089587 0.813103 0.0263259 0.00441457 9.9973E-05
0.320934 0.121836 9.9982E-05 0.0454195 0.401183 9.9982E-05 0.0538435 0.056584
0.403453 0.0361362 9.9991E-05 0.0519781 0.191609 0.139221 0.0676306 0.109872
0.404395 0.124028 0.021926 0.0371789 0.360819 0.0255509 9.9991E-05 0.0260014
0.169605 0.0161805 9.9973E-05 9.9973E-05 0.713649 9.9973E-05 0.00455869 0.0957065
0.532113 0.0522889 0.0582803 0.158092 0.0839397 0.00515141 0.00577012 0.104365
0.472054 9.9964E-05 9.9964E-05 9.9964E-05 0.441283 9.9964E-05 0.00702158 0.0792415
9.9955E-05 9.9955E-05 9.9955E-05 9.9955E-05 0.880164 9.9955E-05 0.0347023 0.0846344
0.0451955 9.9964E-05 0.0160773 9.9964E-05 0.753271 9.9964E-05 9.9964E-05 0.185057
0.123013 9.9964E-05 9.9964E-05 9.9964E-05 0.784209 0.054643 9.9964E-05 0.0377349
9.994E-05 9.994E-05 9.994E-05 9.994E-05 9.994E-05 9.994E-05 0.9993 9.994E-05
9.994E-05 9.994E-05 9.994E-05 9.994E-05 9.994E-05 9.994E-05 0.9993 9.994E-05
0.129691 0.00147341 0.494734 9.9973E-05 9.9973E-05 9.9973E-05 0.365665 0.00813708
0.148227 0.0246667 0.565423 9.9973E-05 9.9973E-05 9.9973E-05 0.22489 0.0364935
0.531103 0.161006 0.0367044 0.0473711 0.14983 0.0653659 9.9991E-05 0.00851979
0.359392 0.340232 0.127838 0.068118 0.0445894 9.9991E-05 0.00230697 0.057424
0.597655 0.347658 0.0177593 0.00777607 9.9973E-05 9.9973E-05 9.9973E-05 0.0288515
0.0653016 0.0174749 0.102203 0.153665 0.619056 9.9982E-05 0.0420995 9.9982E-05
0.336314 0.581403 0.0629482 9.9964E-05 0.0189351 9.9964E-05 9.9964E-05 9.9964E-05
0.416456 0.24977 0.0399279 0.0804056 0.13225 9.9982E-05 9.9982E-05 0.0809908
0.752722 0.159761 0.0188535 9.9973E-05 9.9973E-05 0.0465225 0.0218411 9.9973E-05
0.577369 0.11167 0.101802 0.00181064 9.9982E-05 0.163896 0.0432518 9.9982E-05
0.632378 0.109119 0.0347878 0.0492729 9.9991E-05 0.0990644 0.0700514 0.00522676
0.0725861 0.726497 0.0381075 0.00615653 0.120714 9.9982E-05 0.0357383 9.9982E-05
0.635036 9.9973E-05 0.0182464 9.9973E-05 0.135155 0.170157 9.9973E-05 0.0411053
0.594537 0.174711 0.0726773 9.9982E-05 0.0926296 9.9982E-05 0.00869545 0.056549
0.609802 0.120972 0.0726658 9.9982E-05 0.0643581 0.0789081 0.0530945 9.9982E-05
0.269189 0.705846 0.00509016 9.9964E-05 9.9964E-05 9.9964E-05 9.9964E-05 0.0194758
0.588272 0.323626 0.0300511 0.0374875 9.9973E-05 9.9973E-05 0.0202632 9.9973E-05
0.499024 0.0986965 0.11918 0.0576122 0.0342625 0.0861449 0.00201284 0.103068
9.9973E-05 0.616441 0.0665076 9.9973E-05 0.028884 0.283731 0.00413569 9.9973E-05
0.117249 0.291411 0.0063928 0.20621 0.335747 0.0278934 9.9991E-05 0.0149972
0.0313413 0.164276 9.9973E-05 9.9973E-05 0.434252 0.335528 9.9973E-05 0.0343031
0.417481 0.120566 0.0436388 0.0126654 0.149827 0.0673086 0.100096 0.0884168
0.492531 0.0154033 0.0393872 9.9991E-05 0.187962 0.145381 0.0196168 0.0996183
0.566468 0.0952284 0.0300844 0.0851543 0.0188754 0.0884712 0.0546873 0.0610306
0.182904 0.262924 0.0292372 0.209753 0.153207 0.12416 0.0313622 0.00645274
0.555397 0.00767538 9.9982E-05 0.171939 0.188291 0.0640481 9.9982E-05 0.0124501
0.54836 0.0177004 0.0136275 0.0363493 0.164292 0.136648 0.0160287 0.0669945
0.315293 0.169544 0.127126 9.9982E-05 0.250294 0.101413 0.0361305 9.9982E-05
0.0679656 0.0266593 0.169144 0.0504372 0.411126 0.223774 0.0338413 0.0170531
0.549005 9.9991E-05 0.0121591 0.0796116 0.21093 0.0852487 0.0440406 0.0189049
0.414174 0.0719583 0.063661 0.0961696 0.261121 0.0393145 9.9991E-05 0.0535021
9.9973E-05 0.0449996 9.9973E-05 0.0831459 0.684375 0.140303 0.0468766 9.9973E-05
0.423482 9.9955E-05 9.9955E-05 9.9955E-05 0.489013 0.0870052 9.9955E-05 9.9955E-05
0.653302 0.0876935 9.9991E-05 0.0300637 0.0969249 0.0373007 0.0568857 0.0377295
0.511856 0.0100555 9.99957E-05 0.0367808 0.153316 0.120295 0.0441542 0.123443
0.253439 0.100557 0.0419146 9.9991E-05 0.462451 0.0954431 0.0305133 0.0155814
0.409221 0.130168 9.9982E-05 9.9982E-05 0.328565 0.0819765 0.0399269 0.00994273
0.493749 0.0787465 9.9991E-05 0.163153 0.0759228 0.091259 0.0195125 0.077558
0.108826 0.074576 9.9982E-05 0.0304803 0.553063 0.157699 0.0751555 9.9982E-05
0.529437 0.354987 9.9973E-05 0.0823272 9.9973E-05 0.0321788 0.0007699 9.9973E-05
0.153077 0.601041 9.9964E-05 9.9964E-05 0.195778 9.9964E-05 0.0497041 9.9964E-05
0.582822 0.231984 0.0569398 0.094421 9.9973E-05 9.9973E-05 0.0335333 9.9973E-05
9.9955E-05 0.863232 9.9955E-05 9.9955E-05 0.0577052 0.0785627 9.9955E-05 9.9955E-05
9.9955E-05 0.872149 9.9955E-05 9.9955E-05 0.0709563 0.0563948 9.9955E-05 9.9955E-05
0.175248 0.669686 9.9964E-05 9.9964E-05 0.136162 9.9964E-05 9.9964E-05 0.0185035
0.424419 0.392074 9.9964E-05 0.14836 9.9964E-05 9.9964E-05 0.0347477 9.9964E-05
0.489174 0.138402 0.0730452 9.9991E-05 0.165674 0.0017944 0.0279995 0.103812
0.382975 0.43077 9.9964E-05 9.9964E-05 0.158603 9.9964E-05 9.9964E-05 0.0272528
0.128559 0.584097 0.0310753 0.0607382 0.174445 9.9991E-05 0.00192082 0.0190655
0.26039 0.444244 0.0169968 0.231438 0.042451 9.9982E-05 0.00427981 9.9982E-05
0.499743 0.251975 0.0558551 0.0538759 0.00801528 0.0269078 0.0500944 0.053533
0.256005 0.510327 0.0277861 9.9973E-05 0.1734 9.9973E-05 9.9973E-05 0.0321822
0.374757 0.351415 0.0528104 0.0259047 0.0827473 0.0690949 0.0431699 9.9991E-05
0.413166 0.583641 9.9955E-05 9.9955E-05 9.9955E-05 9.9955E-05 0.00269373 9.9955E-05
9.9964E-05 0.722783 0.0319279 0.0768017 9.9964E-05 0.168087 9.9964E-05 9.9964E-05
0.610956 0.226313 0.0318524 0.0681384 9.9973E-05 9.9973E-05 9.9973E-05 0.0624399
0.0791085 9.9982E-05 0.809215 0.0678269 0.000310952 9.9982E-05 0.0155234 0.0278157
0.0725121 9.9955E-05 0.787643 9.9955E-05 9.9955E-05 9.9955E-05 0.139345 9.9955E-05
0.0908453 9.9955E-05 0.77725 9.9955E-05 9.9955E-05 9.9955E-05 0.131405 9.9955E-05
0.031311 9.9973E-05 0.834106 9.9973E-05 9.9973E-05 0.0122377 0.10642 0.0156246
0.0593522 0.0205002 0.788935 9.9973E-05 9.9973E-05 9.9973E-05 0.0915016 0.0394108
0.0105379 0.0501687 0.831779 9.9982E-05 9.9982E-05 0.00617954 0.0657213 0.0354141
0.0482406 9.9964E-05 0.87235 9.9964E-05 9.9964E-05 9.9964E-05 0.0708408 0.00816912
0.515132 0.190232 0.0662684 0.0993061 0.00988846 0.0231748 0.0307638 0.0652346
0.536711 0.0852928 0.141987 0.136121 0.00979457 0.0591221 0.0186632 0.0123079
0.00236202 0.766732 0.0378545 0.00683704 0.168571 0.0127033 0.00484074 9.9991E-05
0.594001 0.11506 0.0565634 0.0404727 9.9991E-05 0.0895215 0.0752817 0.0289997
0.415726 0.31173 0.0135366 9.9973E-05 0.236326 9.9973E-05 0.0223813 9.9973E-05
0.59392 0.272405 0.103324 0.000723908 9.9973E-05 9.9973E-05 0.0293268 9.9973E-05
0.563166 0.277084 0.0443779 9.9982E-05 0.0565849 0.022763 9.9982E-05 0.0358243
0.454929 0.457134 9.9964E-05 9.9964E-05 9.9964E-05 9.9964E-05 0.0469762 0.0405606
9.9964E-05 0.667132 0.0529495 0.111458 0.16806 9.9964E-05 9.9964E-05 9.9964E-05
0.502268 0.116219 0.0675139 0.0525938 0.122092 0.0556839 0.0819551 0.00167362
0.627401 0.216249 0.0463448 0.0358539 0.0738512 9.9973E-05 9.9973E-05 9.9973E-05
0.51252 0.188117 0.0421541 0.101273 0.0464665 0.0104092 0.0859373 0.013123
0.195393 0.61691 9.9973E-05 9.9973E-05 9.9973E-05 0.0708465 0.0667705 0.0497804
0.550218 0.335232 0.0584864 0.0256377 9.9982E-05 0.0113442 0.018882 9.9982E-05
0.4702 0.2969 0.0540514 0.0512191 0.104928 9.9982E-05 0.0225013 9.9982E-05
0.265191 0.612079 9.9964E-05 9.9964E-05 9.9964E-05 9.9964E-05 0.00147482 0.120855
0.430195 0.409651 0.0719486 0.0466415 0.0412642 9.9973E-05 9.9973E-05 9.9973E-05
0.582123 0.117351 0.0878712 0.0663388 0.0626129 0.0338474 0.0497552 9.9991E-05
0.143977 0.090177 0.0335184 0.124349 0.405836 0.171047 0.00901933 0.0220767
0.360966 9.9991E-05 0.0567529 0.130179 0.310749 0.010328 0.0580678 0.0728577
0.577303 0.102774 0.0940558 0.0397523 0.0632775 0.0266407 0.0666288 0.0295679
0.429673 0.154782 0.135297 0.169893 9.9982E-05 0.0279489 9.9982E-05 0.0822064
0.431118 9.9964E-05 9.9964E-05 0.091815 0.428106 9.9964E-05 0.0485613 9.9964E-05
0.564674 9.9982E-05 0.0206084 0.0857954 0.148102 0.127612 9.9982E-05 0.0530081
0.450912 9.9973E-05 0.00289371 0.206019 0.32787 9.9973E-05 0.0120063 9.9973E-05
0.570589 0.16689 0.0144774 0.113874 0.0777641 0.0261267 0.0301792 9.9991E-05
0.583823 0.0174885 0.0708471 0.0545675 0.149472 0.0865016 0.0372003 9.9991E-05
0.501401 0.150275 0.0490283 9.9973E-05 0.260931 9.9973E-05 0.0380649 9.9973E-05
0.481506 0.0352972 9.9973E-05 0.114723 0.346722 9.9973E-05 0.0214525 9.9973E-05
0.619568 0.103299 9.9982E-05 0.154375 0.0419777 0.0453949 9.9982E-05 0.0351853
0.594905 9.9991E-05 0.106842 0.102925 0.0195161 0.115441 0.0426027 0.0176682
0.528674 0.0458911 9.9973E-05 0.0587723 0.284764 9.9973E-05 9.9973E-05 0.0815985
0.50224 9.9982E-05 9.9982E-05 0.11514 0.0981501 0.175292 0.0190577 0.0899195
0.45961 0.0752672 9.9991E-05 0.234091 0.0143148 0.0646156 0.00194108 0.150061
0.313452 9.9991E-05 0.0590865 0.0943678 0.240047 0.220293 0.0363629 0.0362913
0.564258 9.9982E-05 9.9982E-05 0.0931326 0.142844 0.103144 0.0108758 0.0855462
0.614969 9.9991E-05 0.0233863 0.171347 0.0966602 0.0356774 0.0164014 0.0414593
0.213642 0.0963253 9.9991E-05 0.16055 0.412444 0.0628431 0.0273592 0.0267359
0.0876246 0.0752453 9.9991E-05 0.0934635 0.337385 0.340842 0.014363 0.0509766
0.562626 0.0575038 0.0235394 0.0972503 0.251777 0.000671472 0.00527754 0.00135422
9.9973E-05 0.261412 9.9973E-05 0.203588 0.202929 0.24869 9.9973E-05 0.0830817
0.189095 0.128702 9.9982E-05 0.0725821 0.509887 0.0770984 0.0224359 9.9982E-05
0.432999 0.138166 0.0236491 0.111812 0.293075 9.9973E-05 9.9973E-05 9.9973E-05
0.243972 0.137183 9.9973E-05 0.0946394 0.485872 9.9973E-05 0.0380337 9.9973E-05
0.213556 0.0692681 0.0197021 0.144034 0.55314 9.9973E-05 9.9973E-05 9.9973E-05
0.542041 9.9982E-05 0.017291 9.9982E-05 0.240284 0.0843247 0.0840364 0.031823
0.485803 0.079111 0.0810299 0.0752478 0.154331 0.0348352 0.0258197 0.0638222
0.489512 0.196336 0.0654981 0.0563023 0.174885 9.9991E-05 0.0152228 0.00214423
0.113272 0.06798 9.9982E-05 0.0825962 0.377414 0.240314 9.9982E-05 0.118224
0.580752 9.9982E-05 0.0637648 0.10783 0.00935524 0.149071 9.9982E-05 0.0890269
0.510471 0.113321 0.00035591 0.0799756 9.9991E-05 0.245012 0.01894 0.031824
0.0122243 0.0314987 0.0777426 0.0372125 0.259864 0.558943 0.0224147 9.9991E-05
0.625328 0.121792 0.0577644 0.0435451 0.0114316 0.0399741 0.0519195 0.0482454
0.36371 0.19199 0.0914792 0.060869 9.9982E-05 0.238027 9.9982E-05 0.053725
0.519598 0.0386314 0.0649065 0.0547258 0.023302 0.224204 9.9991E-05 0.0745328
0.27508 0.0932063 0.08852 0.0698734 0.0396907 0.37652 0.027583 0.0295264
0.23353 0.0410295 9.9982E-05 0.131989 0.0998412 0.470647 0.0227635 9.9982E-05
0.416989 0.222489 0.0302969 0.0808849 9.9973E-05 0.249041 9.9973E-05 9.9973E-05
0.556022 0.00941031 0.053807 0.0453653 0.132188 0.143919 0.0284389 0.0308493
0.465434 0.170974 0.179202 0.0218625 0.0589847 0.103343 9.9982E-05 9.9982E-05
9.9973E-05 0.153818 9.9973E-05 9.9973E-05 0.196651 0.482933 0.000347867 0.16595
0.556208 0.168695 0.0622473 0.0504556 9.9991E-05 0.0780754 0.0268662 0.0573517
0.406328 0.0683125 9.9973E-05 0.10446 0.104504 0.316095 9.9973E-05 9.9973E-05
0.424373 0.127083 9.9991E-05 0.0588531 0.135062 0.247401 0.000720264 0.00640887
0.506219 0.164149 0.129947 0.0703557 0.0448641 0.0267444 0.00545483 0.0522656
0.119517 9.9982E-05 0.177193 9.9982E-05 0.100597 0.2537 0.0742076 0.274585
9.9964E-05 9.9964E-05 0.481803 9.9964E-05 9.9964E-05 0.363919 0.0100383 0.14384
9.9964E-05 9.9964E-05 0.343033 9.9964E-05 9.9964E-05 0.462274 0.0381905 0.156103
0.0893792 9.9964E-05 0.35548 9.9964E-05 9.9964E-05 0.235237 9.9964E-05 0.319505
0.643414 0.0801748 9.9964E-05 0.00999099 9.9964E-05 0.266021 9.9964E-05 9.9964E-05
0.509091 0.0977772 0.0428488 0.0831269 0.0639988 0.120524 9.9991E-05 0.0825332
0.262877 0.0120136 9.9973E-05 0.0237412 9.9973E-05 9.9973E-05 0.00707927 0.693989
0.195313 0.119614 9.9982E-05 0.0821859 0.097472 9.9982E-05 0.017643 0.487572
0.345015 9.9991E-05 0.0309732 0.0241998 0.0879886 0.0593527 0.00456948 0.447801
0.372733 0.06536 9.9973E-05 9.9973E-05 0.0843457 0.448071 0.0291908 9.9973E-05
0.547954 0.135744 0.0758528 0.15626 0.0161869 0.0338108 0.0340923 9.9991E-05
0.271268 0.0499308 9.9964E-05 9.9964E-05 0.0434069 0.634994 9.9964E-05 9.9964E-05
0.674858 0.0129311 9.9973E-05 0.0499075 0.0635561 0.198447 9.9973E-05 9.9973E-05
0.462137 0.0336852 0.0287115 0.042135 0.181534 0.248433 0.00326453 9.9991E-05
0.588169 0.0361017 0.00467077 0.0908513 9.9982E-05 0.215668 9.9982E-05 0.0643395
0.258172 0.0278233 9.9973E-05 0.0182491 0.10966 0.585795 9.9973E-05 9.9973E-05
0.613352 0.187547 0.100757 0.0284509 9.99901E-05 9.99901E-05 0.00444054 0.0652525
0.511317 0.030691 0.0826276 0.0877851 0.0456341 0.223512 9.9991E-05 0.0183336
9.9946E-05 0.032288 9.9946E-05 9.9946E-05 9.9946E-05 9.9946E-05 9.9946E-05 0.967112
0.0712893 0.0161107 9.9964E-05 0.00709435 9.9964E-05 9.9964E-05 9.9964E-05 0.905106
0.243772 9.9973E-05 0.0729218 9.9973E-05 0.0866961 9.9973E-05 0.00604741 0.590263
0.327328 9.9973E-05 0.000768182 0.0320659 9.9973E-05 9.9973E-05 0.0010653 0.638472
0.118144 9.9991E-05 0.00369457 0.00186221 0.00398241 0.0277763 0.00227369 0.842166
9.994E-05 9.994E-05 9.994E-05 9.994E-05 9.994E-05 9.994E-05 9.994E-05 0.9993
9.9955E-05 9.9955E-05 9.9955E-05 0.0144086 9.9955E-05 9.9955E-05 0.0322037 0.952888
0.108411 9.9946E-05 9.9946E-05 9.9946E-05 9.9946E-05 9.9946E-05 9.9946E-05 0.890989
9.9946E-05 9.9946E-05 9.9946E-05 0.0148115 9.9946E-05 9.9946E-05 9.9946E-05 0.984589
9.9946E-05 9.9946E-05 9.9946E-05 0.00139004 9.9946E-05 9.9946E-05 9.9946E-05 0.99801
9.9946E-05 9.9946E-05 9.9946E-05 9.9946E-05 9.9946E-05 9.9946E-05 0.0103571 0.989043
0.121579 9.9964E-05 9.9964E-05 9.9964E-05 0.0354907 9.9964E-05 0.0464746 0.796055
0.116018 9.9964E-05 0.0433381 0.0724019 9.9964E-05 9.9964E-05 9.9964E-05 0.767842
9.9973E-05 0.00576185 0.0044988 0.0123848 9.9973E-05 9.9973E-05 0.0106059 0.966449
0.352139 9.9991E-05 0.0543624 0.0530491 0.169762 0.0204739 0.0160278 0.334086
0.219542 9.9973E-05 0.0359712 0.0775804 9.9973E-05 9.9973E-05 0.0365317 0.630075
0.146521 9.9973E-05 0.0607662 0.0565101 9.9973E-05 9.9973E-05 0.019713 0.71619
0.0583346 9.9973E-05 0.00481991 9.9973E-05 0.0252819 9.9973E-05 0.0307731 0.88049
0.0125575 0.0059069 9.9955E-05 9.9955E-05 9.9955E-05 9.9955E-05 9.9955E-05 0.981036
0.00562933 9.9973E-05 0.0504084 0.0536133 9.9973E-05 9.9973E-05 0.00721939 0.88283
9.994E-05 9.994E-05 9.994E-05 9.994E-05 9.994E-05 9.994E-05 9.994E-05 0.9993
0.204814 0.0414556 0.0605054 0.0242541 0.0283193 0.0192617 9.9991E-05 0.62129
9.9964E-05 0.0658934 0.0194894 9.9964E-05 0.0304728 9.9964E-05 9.9964E-05 0.883745
9.9955E-05 9.9955E-05 0.303789 9.9955E-05 9.9955E-05 0.631074 9.9955E-05 0.0646375
0.465572 9.9982E-05 0.0847919 0.127393 9.9982E-05 0.173397 0.029783 0.118862
0.397192 0.100655 0.147792 0.098206 9.9982E-05 0.176313 9.9982E-05 0.0796424
0.216237 0.000309085 0.121126 0.0452774 9.9991E-05 0.440493 0.0466777 0.129779
0.457149 0.0725863 0.0979842 9.9991E-05 0.0082584 0.191543 0.0504355 0.121944
0.212379 0.0467056 0.17535 9.9991E-05 0.0387807 0.339401 0.111248 0.0760355
0.453086 0.0462933 0.142561 0.0239456 0.110841 0.115342 0.0427953 0.0651351
0.352644 0.034914 0.104391 9.9973E-05 9.9973E-05 0.344329 9.9973E-05 0.163423
0.418518 0.00629365 0.0388248 0.0387415 0.0136309 0.222937 0.10454 0.156515
0.356613 9.9973E-05 0.0707074 9.9973E-05 9.9973E-05 0.346373 0.0606279 0.165378
0.424063 0.0987701 0.151664 9.9973E-05 9.9973E-05 0.209396 9.9973E-05 0.115808
0.0558934 0.0131489 0.841782 0.0719912 0.0102871 0.00669741 9.9982E-05 9.9982E-05
9.9964E-05 9.9964E-05 0.82253 0.0274901 9.9964E-05 9.9964E-05 0.0751232 0.0744572
9.9955E-05 9.9955E-05 0.94366 0.028136 9.9955E-05 9.9955E-05 0.0277046 9.9955E-05
0.00175622 9.9964E-05 0.92056 0.0523163 9.9964E-05 9.9964E-05 0.0249674 9.9964E-05
0.00629941 9.9973E-05 0.815429 9.9973E-05 0.0813013 9.9973E-05 0.0841559 0.0125144
9.9973E-05 0.00781508 0.790665 9.9973E-05 0.0112202 9.9973E-05 0.101402 0.0885979
0.0134256 9.9973E-05 0.847066 0.021781 9.9973E-05 9.9973E-05 0.0506417 0.0667856
9.9973E-05 0.0228213 0.871771 9.9973E-05 9.9973E-05 0.0774601 0.0253572 0.00229083
0.0462894 0.0118878 0.853884 9.9973E-05 0.0433049 9.9973E-05 0.0443341 9.9973E-05
0.0268781 9.9982E-05 0.823 9.9982E-05 0.0159584 0.0206818 0.0130683 0.100214
9.9973E-05 0.0236903 0.598442 0.052578 0.273116 9.9973E-05 0.0518741 9.9973E-05
9.9973E-05 0.0853026 0.580305 0.175195 0.144029 9.9973E-05 0.0148688 9.9973E-05
9.9973E-05 9.9973E-05 0.521016 0.0700382 0.279514 0.102987 0.0261456 9.9973E-05
9.9973E-05 0.00148492 0.509588 0.122037 0.359442 0.00714781 9.9973E-05 9.9973E-05
0.41368 0.246378 9.9973E-05 0.00968558 0.255192 9.9973E-05 0.0747647 9.9973E-05
0.555023 0.270556 0.00258946 0.120121 0.0155783 9.9982E-05 9.9982E-05 0.0359317
0.563114 0.0797872 0.0732805 0.0612364 0.152852 0.06953 9.9982E-05 9.9982E-05
0.365973 0.184664 0.0329812 0.0398697 0.338296 0.0113971 0.0267196 9.9991E-05
0.0618762 0.080421 9.9982E-05 0.308052 0.518148 0.000855406 9.9982E-05 0.0304471
0.560086 0.275827 0.0335114 0.0307062 9.9982E-05 9.9982E-05 0.0179225 0.081747
0.579201 0.201898 9.9982E-05 0.0434571 0.11782 0.0481246 9.9982E-05 0.00929924
0.499162 0.274778 9.9991E-05 0.0751915 0.00289067 0.117163 0.0122406 0.0184748
0.430533 0.529817 9.9973E-05 0.00135225 9.9973E-05 0.034945 9.9973E-05 0.00305268
0.657216 0.124193 0.0319441 0.123609 9.9982E-05 9.9982E-05 0.0294362 0.0334025
0.360297 0.489439 9.9982E-05 0.100893 0.0322234 9.9982E-05 0.0164955 0.00045305
9.9964E-05 0.82764 9.9964E-05 0.0617793 0.052437 0.057744 9.9964E-05 9.9964E-05
0.526452 0.164313 0.0237456 0.153531 0.0139239 0.0708104 0.029214 0.0180106
0.267685 0.475679 0.0133911 0.00197754 9.9973E-05 0.240967 9.9973E-05 9.9973E-05
0.525952 0.306116 9.9982E-05 9.9982E-05 0.0443202 0.0779032 0.0137736 0.0317348
0.0867387 0.589202 0.0548267 0.0866095 0.182323 9.9973E-05 9.9973E-05 9.9973E-05
9.9955E-05 9.9955E-05 0.0705399 0.801188 9.9955E-05 0.127773 9.9955E-05 9.9955E-05
0.0815888 9.9964E-05 0.077112 0.772661 9.9964E-05 0.0682381 9.9964E-05 9.9964E-05
0.0202782 9.9964E-05 9.9964E-05 0.955463 9.9964E-05 0.0150114 0.00884786 9.9964E-05
0.0147762 0.0121764 0.0702325 0.860349 9.9973E-05 0.0421662 9.9973E-05 9.9973E-05
0.0763856 9.9964E-05 9.9964E-05 0.796002 0.0476523 0.0795607 9.9964E-05 9.9964E-05
0.1034 9.9964E-05 0.0566025 0.809444 9.9964E-05 9.9964E-05 9.9964E-05 0.0301541
0.0282799 0.0395783 0.805285 0.0292748 0.00572702 9.9991E-05 0.0526962 0.0390586
0.0469201 9.9982E-05 0.822242 0.0417207 0.0176824 9.9982E-05 0.0210192 0.0502152
0.143328 9.9964E-05 0.68792 9.9964E-05 9.9964E-05 9.9964E-05 0.0741673 0.0941854
0.00720625 9.9973E-05 0.750239 9.9973E-05 0.106364 9.9973E-05 0.00841326 0.127478
0.114245 9.9982E-05 0.760216 0.00491664 0.0371276 9.9982E-05 0.0181172 0.0651778
9.9973E-05 9.9973E-05 0.388225 0.514754 0.0591478 0.0372272 0.000345549 9.9973E-05
9.9964E-05 0.120328 0.41816 0.371902 9.9964E-05 0.08921 9.9964E-05 9.9964E-05
0.00252684 0.121598 0.411805 0.436839 9.9973E-05 9.9973E-05 0.0269315 9.9973E-05
9.994E-05 9.994E-05 9.994E-05 9.994E-05 9.994E-05 9.994E-05 0.9993 9.994E-05
9.9973E-05 0.145263 0.33455 0.449489 9.9973E-05 0.0216634 0.0487347 9.9973E-05
0.315923 9.9973E-05 0.241786 0.0248147 9.9973E-05 0.080752 9.9973E-05 0.336425
0.616448 9.9982E-05 0.150253 0.00775825 0.0320011 9.9982E-05 0.0128124 0.180527
0.581481 9.9964E-05 0.133127 9.9964E-05 9.9964E-05 9.9964E-05 0.0234035 0.261588
0.418794 0.0978382 0.238548 0.00957526 0.00353993 0.0747696 0.0127992 0.144136
0.452677 0.03557 0.0868473 0.0198369 0.00806302 0.148422 0.0590191 0.189565
9.9955E-05 9.9955E-05 0.467334 9.9955E-05 9.9955E-05 0.237119 9.9955E-05 0.295047
0.496472 0.0166601 9.9973E-05 0.168497 0.217694 0.100377 9.9973E-05 9.9973E-05
0.381258 0.134942 0.0420836 0.064384 0.176238 0.200893 9.9982E-05 9.9982E-05
0.175757 9.9973E-05 0.0731764 0.109997 0.627504 9.9973E-05 0.0132653 9.9973E-05
0.460844 0.145894 9.9973E-05 0.0630501 0.195765 0.134146 9.9973E-05 9.9973E-05
9.9964E-05 0.317376 9.9964E-05 0.0412965 0.203777 0.437151 9.9964E-05 9.9964E-05
0.524677 0.0138113 0.0227557 9.9982E-05 0.322511 0.0891097 0.0269355 9.9982E-05
0.415698 0.20325 9.9982E-05 0.0957054 0.162132 0.111311 9.9982E-05 0.0117039
0.34763 0.0553292 0.079659 0.11693 0.400152 9.9973E-05 9.9973E-05 9.9973E-05
0.658914 9.9982E-05 0.0503379 0.176134 0.0380578 0.0621281 0.014228 9.9982E-05
0.0621084 0.0732047 9.9964E-05 9.9964E-05 0.538954 0.325334 9.9964E-05 9.9964E-05
0.45011 0.0471366 9.9991E-05 0.0791246 0.183435 0.214841 0.022224 0.00302811
0.471149 0.0150712 9.9982E-05 0.164656 0.254593 9.9982E-05 0.0341278 0.060203
0.426112 0.0638748 0.0790891 0.0431706 0.118818 0.117914 0.0049907 0.146031
0.397727 0.070672 9.9973E-05 0.0653464 0.327317 0.138637 9.9973E-05 9.9973E-05
0.423907 0.172512 0.0311237 0.109382 0.216063 0.0224453 9.9991E-05 0.0244679
0.478579 0.135423 0.055981 9.9982E-05 0.185691 0.126155 9.9982E-05 0.0179713
0.52868 0.128702 9.9973E-05 0.0861502 0.130134 0.126035 9.9973E-05 9.9973E-05
0.585646 0.124718 0.00472306 0.146694 0.0310948 0.0225889 0.0371906 0.0473444
0.579765 0.0792103 0.0576907 0.0995435 0.0716596 0.000575534 0.0305686 0.080987
0.575612 9.9982E-05 0.0646079 0.114752 0.135436 0.0608685 9.9982E-05 0.048524
0.16893 9.9955E-05 0.798158 9.9955E-05 9.9955E-05 9.9955E-05 9.9955E-05 0.0324124
0.087591 0.0584304 0.841144 9.9964E-05 9.9964E-05 9.9964E-05 9.9964E-05 0.0124349
0.0611357 0.0486835 0.778783 0.0506884 9.9973E-05 0.0604095 9.9973E-05 9.9973E-05
9.9973E-05 0.0914961 0.811987 0.0464029 9.9973E-05 9.9973E-05 0.0166602 0.0331541
0.140262 9.9955E-05 0.800298 9.9955E-05 9.9955E-05 9.9955E-05 0.05894 9.9955E-05
0.14572 9.9982E-05 0.003796 0.170585 0.635887 9.9982E-05 0.0178239 0.025988
0.434828 0.0980545 0.0442769 0.0945997 0.185234 0.0601995 9.9991E-05 0.0827079
0.454904 9.9973E-05 0.202963 9.9973E-05 0.0752912 0.0982512 9.9973E-05 0.168291
0.626015 0.0096226 9.9991E-05 0.101715 0.111609 0.0156038 0.0250281 0.110306
0.496127 0.142849 0.00303867 0.135747 0.194379 9.9991E-05 0.0230074 0.00475273
0.221926 9.9982E-05 9.9982E-05 0.112752 0.395457 0.222925 0.0181358 0.0286047
9.9973E-05 9.9973E-05 0.0606719 0.170344 0.566654 0.139199 0.0628312 9.9973E-05
0.51562 0.0255362 9.9982E-05 0.213327 0.162994 9.9982E-05 0.0341428 0.0481804
0.130654 0.150051 0.103464 0.224706 0.374103 9.9982E-05 0.0168229 9.9982E-05
0.464437 0.0123927 0.0364872 0.128365 0.0959964 0.21579 0.0327822 0.0137492
0.0437775 0.0746781 0.164022 0.186938 0.471501 0.0250962 0.00121564 0.032771
0.59001 0.0327604 0.0481838 0.0956833 0.123716 9.9991E-05 0.0785592 0.0309874
0.0776447 0.102735 0.0845935 0.101186 0.604286 0.00728058 0.0221739 9.9991E-05
0.297978 0.0192711 9.9991E-05 0.106337 0.329745 0.165558 0.0341285 0.046882
0.40764 0.128135 0.00513046 0.135507 0.0989851 0.174759 0.0216628 0.0281807
0.344824 9.9973E-05 0.00398738 0.116738 9.9973E-05 0.511817 9.9973E-05 0.0223333
0.59236 0.0813622 0.0115247 0.0295603 0.0505132 0.213104 0.0214749 9.9991E-05
0.586359 0.0615911 0.145715 9.9973E-05 0.0602147 0.14582 9.9973E-05 9.9973E-05
0.416221 9.9964E-05 9.9964E-05 0.0849628 0.0318518 0.466565 9.9964E-05 9.9964E-05
0.46235 0.192283 0.0640165 0.015464 0.0792373 0.148178 0.0296 0.00887141
0.515061 0.107554 0.0828225 0.088643 9.9982E-05 0.191534 0.0141855 9.9982E-05
0.139931 0.0974026 9.9964E-05 0.0913109 9.9964E-05 0.670956 9.9964E-05 9.9964E-05
0.307496 9.9955E-05 9.9955E-05 9.9955E-05 0.0333232 0.658681 9.9955E-05 9.9955E-05
0.567103 0.0096854 9.9964E-05 0.0537895 9.9964E-05 0.369023 9.9964E-05 9.9964E-05
0.212418 0.135603 9.9973E-05 0.0645184 0.0637697 0.523391 9.9973E-05 9.9973E-05
0.414606 0.0494715 9.9964E-05 9.9964E-05 0.244669 0.290853 9.9964E-05 9.9964E-05
0.0229908 0.114875 9.9982E-05 0.26005 0.502435 0.0346062 9.9982E-05 0.0648436
0.184769 0.207681 9.9982E-05 0.201307 0.226819 0.140983 9.9982E-05 0.0382414
0.247762 0.0745367 9.9982E-05 0.16226 0.393419 9.9982E-05 0.0259525 0.0958702
0.606076 0.0249529 0.00704995 0.0323669 0.239077 0.0255403 0.0176186 0.0473191
0.179596 0.145006 9.9982E-05 0.190735 0.468218 0.000999671 0.0152457 9.9982E-05
0.406606 0.0172029 9.9991E-05 0.145773 0.116808 0.130388 0.0396503 0.143473
0.588701 9.9973E-05 9.9973E-05 0.0595918 0.231374 9.9973E-05 0.0519568 0.0680769
0.362047 0.027583 9.9982E-05 0.0987755 0.372377 0.0372232 9.9982E-05 0.101795
0.391471 0.0599412 0.0555572 0.192023 0.224134 9.9982E-05 9.9982E-05 0.0766737
0.40017 0.180834 0.0108544 0.179818 0.206036 9.9991E-05 0.00661397 0.0155738
0.113395 0.14741 9.9973E-05 0.137481 0.510155 9.9973E-05 9.9973E-05 0.0912598
0.222149 0.0942667 9.9973E-05 0.298338 0.292323 9.9973E-05 9.9973E-05 0.0926231
0.567447 0.0741515 9.9982E-05 0.149087 0.168433 0.0035234 9.9982E-05 0.0371577
0.552432 9.9991E-05 0.0656125 0.0504524 0.222874 0.0453108 0.0233359 0.0398816
0.40652 0.042057 0.00849671 0.0593813 0.203662 0.198363 0.0814202 9.9991E-05
0.455357 0.0449444 9.9973E-05 0.237103 0.145209 9.9973E-05 9.9973E-05 0.117086
0.297986 9.9982E-05 0.0468415 0.146375 0.311991 0.150759 0.0458483 9.9982E-05
0.596406 0.0122142 0.0329255 0.143702 0.164812 0.0171906 9.9991E-05 0.0326497
0.47794 9.9982E-05 0.0788096 0.093767 0.279992 9.9982E-05 0.0207976 0.048494
0.43054 9.9991E-05 0.0707146 0.101743 0.232524 0.0328708 0.0422825 0.0892252
0.426106 9.9973E-05 0.338473 9.9973E-05 0.0925961 9.9973E-05 0.041041 0.101484
0.443148 0.133944 0.0744272 9.9991E-05 0.0182924 0.0752277 0.044424 0.210437
0.555892 0.0549749 0.0472215 9.9991E-05 0.116367 0.115866 0.0448845 0.0646947
0.530697 0.0176762 0.0917099 0.0893462 0.0675642 0.104358 0.0420636 0.0565842
0.449714 0.0246477 0.220355 9.9982E-05 0.0879727 9.9982E-05 0.00918031 0.20793
0.437887 0.0964097 9.9982E-05 0.0864823 0.158585 0.189798 9.9982E-05 0.0306376
0.332024 0.0622163 0.120545 0.0882368 0.111141 0.088418 0.008764 0.188655
0.083334 0.0931039 0.243979 9.9991E-05 0.129935 0.406381 0.0005474 0.0426202
0.481224 0.0311782 0.041496 0.00803726 0.148772 0.0555958 0.0548881 0.178809
0.476779 0.0639492 0.163361 0.0593889 0.00973432 0.0740391 0.00314067 0.149608
0.465423 9.9991E-05 0.0301089 0.0269328 0.0511945 0.152477 0.021181 0.252583
0.308285 9.9982E-05 0.178707 9.9982E-05 0.212191 0.142869 0.0496581 0.10809
0.532152 9.9991E-05 0.145398 0.0149048 0.0404045 0.125197 0.0197557 0.122088
0.50735 9.9982E-05 0.0931844 9.9982E-05 0.074466 0.118535 0.038441 0.167824
9.9964E-05 9.9964E-05 0.42427 9.9964E-05 9.9964E-05 0.355201 0.0495336 0.170596
0.491308 0.0663165 0.0936325 0.0495772 0.0348218 9.9991E-05 0.0729688 0.191276
0.607897 0.00748935 0.152047 9.9982E-05 0.0919769 9.9982E-05 0.000902881 0.139486
0.609441 9.9973E-05 0.0924119 9.9973E-05 0.0640373 0.156778 9.9973E-05 0.0770314
0.552077 9.9982E-05 0.131456 0.0209614 9.9982E-05 0.0969303 0.0401971 0.158178
0.35772 0.155128 0.116592 0.0190596 0.0690767 0.0716577 0.0395654 0.171201
0.293323 0.344049 9.9982E-05 0.0893473 9.9982E-05 0.0657773 0.0289427 0.178361
0.515642 0.115401 0.0197949 0.0576804 0.0909442 0.107818 0.00881021 0.0839098
0.0176367 0.479046 9.9982E-05 0.0297518 0.16807 0.287273 9.9982E-05 0.0180221
0.00119397 0.480218 9.9973E-05 0.026535 0.0577377 0.434016 9.9973E-05 9.9973E-05
0.355819 0.206651 0.0398464 0.0458946 0.0586303 0.152219 0.0106563 0.130283
0.40382 9.9973E-05 0.105635 9.9973E-05 0.0923715 0.156263 9.9973E-05 0.24161
0.317333 0.00379117 0.136351 9.9982E-05 9.9982E-05 0.184073 0.00315565 0.355096
0.122691 0.124335 0.157456 9.9982E-05 0.0170065 0.226343 9.9982E-05 0.351969
0.432964 0.0563762 0.191544 9.9991E-05 0.0233577 0.0651254 0.00439448 0.226138
0.192848 0.0834432 0.0233587 0.0104809 9.9982E-05 0.607346 9.9982E-05 0.0823236
0.134531 0.248223 0.0390659 9.9982E-05 9.9982E-05 0.411736 0.0626633 0.103581
0.520478 0.16472 9.9982E-05 9.9982E-05 0.0903112 0.101425 0.013852 0.109014
0.533221 0.135701 0.0312845 9.9982E-05 0.0399415 0.153853 9.9982E-05 0.105799
0.215617 0.270472 0.0384272 0.0356108 0.00648951 0.294127 0.0459927 0.0932633
0.473608 0.200637 0.0816299 0.0163317 0.0222209 0.116881 9.9991E-05 0.0885916
0.599061 0.122674 0.00403939 0.027635 0.00319718 0.158675 9.9991E-05 0.0846185
0.409521 0.173582 0.131464 0.0798642 9.9982E-05 0.0544148 9.9982E-05 0.150954
0.220458 0.382934 9.9982E-05 0.0466567 0.100691 0.244687 0.00437392 9.9982E-05
0.340937 0.311989 9.9973E-05 9.9973E-05 0.141614 0.141087 9.9973E-05 0.064073
0.421072 0.294651 9.9991E-05 0.0024399 0.00440025 0.10671 0.0735644 0.0970626
0.379012 0.218601 9.9991E-05 0.0942693 0.135882 0.149891 0.0111789 0.0110658
0.276608 0.212686 0.0341402 0.0313374 0.153632 0.0787992 0.0386734 0.174124
0.517321 0.065389 9.9982E-05 0.025205 0.0811014 0.291855 0.0189286 9.9982E-05
0.295549 0.197426 9.9973E-05 0.0813224 0.0469479 0.378455 9.9973E-05 9.9973E-05
0.527477 0.272432 0.0365627 9.9973E-05 9.9973E-05 0.0902378 9.9973E-05 0.0729905
0.228229 0.420031 9.9973E-05 9.9973E-05 0.0847904 0.244518 9.9973E-05 0.0221315
0.418875 0.256498 0.0122822 0.0605679 0.0540457 0.163536 0.0340952 9.9991E-05
0.526091 0.249975 9.9991E-05 0.0434398 0.0573076 0.0175112 0.0632315 0.042344
0.394571 0.296828 9.9982E-05 0.0547616 0.0805075 0.143234 9.9982E-05 0.0298982
0.586279 0.0338657 0.11798 9.9991E-05 0.000141716 0.111246 0.0345511 0.115836
0.436491 0.0713629 0.10305 0.0553558 0.0837181 0.106517 0.0450489 0.0984565
0.356636 0.0300313 0.12056 0.0516368 9.9991E-05 0.110115 0.0233925 0.307528
0.258675 9.9991E-05 0.0365361 0.0283246 0.194535 0.161018 0.0663086 0.254502
0.427903 0.10085 0.102782 0.123644 0.00690819 9.9991E-05 0.0134669 0.224346
0.44247 0.131337 0.0904375 0.0805232 9.9991E-05 0.0387026 0.034076 0.182354
9.9973E-05 0.175135 0.126333 0.0763589 9.9973E-05 0.4298 9.9973E-05 0.192072
0.576631 0.00465939 0.0644132 0.100594 0.0121659 0.0377311 0.0221687 0.181636
9.9964E-05 9.9964E-05 0.300968 9.9964E-05 9.9964E-05 0.507686 0.0257895 0.165156
0.493115 0.0823717 9.9973E-05 9.9973E-05 0.0429303 0.155314 9.9973E-05 0.225969
0.0694624 0.537043 9.9955E-05 9.9955E-05 9.9955E-05 0.392995 9.9955E-05 9.9955E-05
9.9973E-05 0.507149 9.9973E-05 0.0259881 0.0422094 0.421909 0.00244469 9.9973E-05
0.427867 0.39473 9.9973E-05 9.9973E-05 0.0598551 0.0947515 0.0224972 9.9973E-05
0.519482 0.256965 0.0056781 9.9991E-05 0.0240066 0.123063 0.0391244 0.0315808
0.387648 0.35805 9.9964E-05 9.9964E-05 0.0754176 0.178484 9.9964E-05 9.9964E-05
0.420145 0.385346 9.9991E-05 0.023537 0.0307486 0.0702805 0.013515 0.0563281
0.504224 0.306744 9.9982E-05 0.0302619 0.0484599 0.104754 9.9982E-05 0.00535715
0.0493697 0.0400362 0.739526 9.9982E-05 0.023839 9.9982E-05 0.0731389 0.0738906
9.9982E-05 0.0350869 0.718087 0.0828448 0.0573591 9.9982E-05 0.00717212 0.0992504
9.9964E-05 9.9964E-05 0.862866 0.0326313 9.9964E-05 9.9964E-05 0.0275183 0.0765846
0.0321273 9.9964E-05 0.819342 9.9964E-05 9.9964E-05 0.000990029 0.147141 9.9964E-05
0.490355 0.365679 0.0101048 0.0711117 0.0314483 9.9982E-05 0.031101 9.9982E-05
0.455979 0.256433 0.0688325 9.9982E-05 0.15162 9.9982E-05 0.0471981 0.0197375
0.48869 0.414391 9.9964E-05 9.9964E-05 0.0662242 9.9964E-05 0.0302951 9.9964E-05
0.496863 0.334937 0.0886339 9.9973E-05 9.9973E-05 9.9973E-05 0.0344167 0.0448491
0.563803 0.107961 0.0766235 0.142939 0.0170427 0.0800004 0.0115302 9.9991E-05
0.238309 0.462144 0.0570364 0.0720986 0.104535 0.0656777 9.9982E-05 9.9982E-05
0.616845 0.343762 9.9955E-05 9.9955E-05 0.0388936 9.9955E-05 9.9955E-05 9.9955E-05
0.346742 0.440494 9.9964E-05 9.9964E-05 9.9964E-05 0.187565 0.0247992 9.9964E-05
0.485972 0.0174944 0.209244 0.0682601 0.0249755 0.0169264 0.0336567 0.143471
0.369947 0.420945 9.9973E-05 9.9973E-05 0.0668163 0.0641135 9.9973E-05 0.0778788
0.332555 0.500858 9.9964E-05 0.12971 9.9964E-05 9.9964E-05 0.0364766 9.9964E-05
0.544754 0.370255 9.9973E-05 9.9973E-05 0.0564229 0.0178981 0.0103705 9.9973E-05
0.382366 0.446791 0.00221298 0.0363234 0.0990563 9.9991E-05 0.0227949 0.0103548
0.541453 0.43619 9.9955E-05 9.9955E-05 9.9955E-05 0.0218573 9.9955E-05 9.9955E-05
0.57757 0.33216 0.0786844 9.9973E-05 9.9973E-05 0.00400405 0.00728095 9.9973E-05
0.0916142 0.896778 9.9955E-05 9.9955E-05 9.9955E-05 0.0111077 9.9955E-05 9.9955E-05
0.223313 0.65304 0.0352813 9.9973E-05 0.0417262 0.0463389 9.9973E-05 9.9973E-05
0.287235 0.591384 0.0437105 0.0278338 9.9973E-05 0.0495365 9.9973E-05 9.9973E-05
9.9946E-05 0.809325 9.9946E-05 9.9946E-05 9.9946E-05 0.190075 9.9946E-05 9.9946E-05
0.359572 0.454101 0.0228766 0.0573457 0.0907806 9.9991E-05 0.00907197 0.00615247
0.134302 0.610209 9.9973E-05 0.0102966 9.9973E-05 0.239526 9.9973E-05 0.00536655
9.9946E-05 0.765427 9.9946E-05 9.9946E-05 9.9946E-05 0.233974 9.9946E-05 9.9946E-05
0.588872 0.311279 0.0086072 0.0183996 9.9982E-05 0.0563648 9.9982E-05 0.016278
0.200774 0.62391 0.0739052 0.0164635 0.0846478 9.9973E-05 9.9973E-05 9.9973E-05
0.429582 0.376186 0.047916 0.0937951 0.0180296 9.9982E-05 9.9982E-05 0.0342912
0.566373 0.239957 0.0831678 0.00276011 0.0105742 0.0234701 0.0455484 0.02815
0.450656 0.397515 0.0778812 0.00494989 0.0682769 9.9982E-05 0.000521141 9.9982E-05
0.356963 0.0462872 9.9982E-05 0.095785 0.29844 0.179713 9.9982E-05 0.0226118
0.47213 0.354157 9.9982E-05 0.0491836 9.9982E-05 0.0496457 0.000752385 0.0739314
0.435936 0.322306 0.0815666 9.9964E-05 0.159792 9.9964E-05 9.9964E-05 9.9964E-05
0.262255 0.647809 9.9982E-05 0.00127993 0.0042861 0.0376388 0.0465308 9.9982E-05
0.525029 0.326158 0.0332258 9.9973E-05 9.9973E-05 0.044503 0.0707847 9.9973E-05
9.9982E-05 0.0171019 0.54937 0.25967 0.0609204 0.0555829 0.0571553 9.9982E-05
0.00443763 0.121535 0.711732 0.0711375 9.9982E-05 9.9982E-05 0.0616246 0.0293333
9.9964E-05 9.9964E-05 0.720441 0.104624 9.9964E-05 0.0584252 0.11611 9.9964E-05
9.9973E-05 9.9973E-05 0.724296 0.128204 0.00898531 0.040292 0.0979226 9.9973E-05
0.00331001 9.9982E-05 0.70449 0.198168 0.0507149 0.0135647 0.0295528 9.9982E-05
0.0516138 0.626439 0.06579 0.0105651 0.245292 9.9973E-05 9.9973E-05 9.9973E-05
0.117727 0.576909 0.110087 0.0290121 0.141211 0.0248545 9.9982E-05 9.9982E-05
0.109295 0.857298 9.9964E-05 9.9964E-05 9.9964E-05 0.009489 9.9964E-05 0.023519
0.603465 0.169033 0.100894 0.0133057 0.00555625 0.090018 0.0176284 9.9991E-05
0.59052 0.0998531 0.0813245 0.0336114 0.102042 0.0456074 0.0461221 0.000919824
0.281493 0.598096 0.0282272 9.9982E-05 9.9982E-05 0.0475898 0.0110073 0.0333867
0.634101 0.281443 9.9964E-05 9.9964E-05 0.0231982 9.9964E-05 9.9964E-05 0.0608587
0.306341 0.528505 0.0438109 9.9991E-05 0.00927944 0.00466461 0.0152844 0.0920146
0.514303 0.24442 0.0385847 9.9991E-05 0.117321 0.0192126 0.00291998 0.0631385
0.613333 0.205317 0.07355 0.0224007 0.0420793 9.9982E-05 9.9982E-05 0.0431207
0.229249 0.596661 9.9964E-05 0.0746195 0.0990706 9.9964E-05 9.9964E-05 9.9964E-05
0.302438 0.512934 9.9964E-05 9.9964E-05 0.159695 9.9964E-05 0.0245328 9.9964E-05
0.292995 0.518936 9.9964E-05 0.0742169 0.113452 9.9964E-05 9.9964E-05 9.9964E-05
0.659222 9.9973E-05 0.131135 0.0520271 0.0434348 0.113881 9.9973E-05 9.9973E-05
0.320858 0.574666 0.0149829 9.9973E-05 0.0628721 9.9973E-05 0.0263201 9.9973E-05
0.447023 0.450986 0.0145311 0.0528015 9.9982E-05 9.9982E-05 0.0234127 0.0110455
0.420302 0.0195007 0.0994696 9.9973E-05 9.9973E-05 0.0481096 9.9973E-05 0.412318
0.330975 9.9991E-05 0.107327 0.0545131 0.0232919 0.0293175 0.00532618 0.449149
0.460416 9.9982E-05 0.0546476 0.0237052 9.9982E-05 0.0859558 0.0236383 0.351437
0.247393 0.0383363 0.0816084 9.9982E-05 9.9982E-05 0.0728158 0.0302498 0.529397
0.48797 9.9982E-05 0.0784362 0.0073161 9.9982E-05 0.198228 0.0103965 0.217454
0.4518 0.355882 0.00356596 9.9982E-05 0.0412103 0.141086 9.9982E-05 0.00625533
0.0236015 9.9973E-05 0.184304 9.9973E-05 9.9973E-05 0.0749867 0.0537298 0.663078
0.272008 0.0104383 0.152266 9.9982E-05 9.9982E-05 0.0344963 0.0259705 0.504621
0.501573 0.0263577 0.139811 0.0121832 9.9982E-05 0.161878 9.9982E-05 0.157996
0.565211 9.9973E-05 0.104977 9.9973E-05 0.105729 0.195878 0.0279051 9.9973E-05
0.428648 0.000904951 0.112357 0.0270888 0.125941 0.281242 0.023719 9.9991E-05
0.628715 9.9973E-05 0.0654185 0.112994 9.9973E-05 0.138794 0.0537781 9.9973E-05
0.57738 0.0841255 0.0520043 0.11854 0.0373526 0.0577648 0.0162738 0.0565586
0.29693 9.9973E-05 0.164567 9.9973E-05 0.0138195 9.9973E-05 0.0484329 0.47595
0.416241 9.9973E-05 0.119261 9.9973E-05 0.174627 9.9973E-05 0.0268596 0.262712
0.417173 9.9955E-05 0.0832887 9.9955E-05 9.9955E-05 9.9955E-05 9.9955E-05 0.499039
0.483286 0.0303051 0.0477721 0.128989 9.9973E-05 9.9973E-05 9.9973E-05 0.309348
0.278762 0.0732071 0.013479 9.9982E-05 9.9982E-05 0.0794731 0.0368653 0.518014
0.429996 0.116674 0.0594428 0.0638754 0.00398164 9.9991E-05 0.0561846 0.269745
0.289324 9.9991E-05 0.0877011 0.0315718 0.0235334 0.00304938 0.0166029 0.548117
0.262715 9.9991E-05 0.06735 0.0541361 0.120179 0.0102757 0.0418842 0.44336
0.579622 0.0159893 0.0588968 0.0115173 0.0080167 0.325758 9.9982E-05 9.9982E-05
0.319576 0.0814729 0.0798965 0.0719945 9.9991E-05 0.0321825 0.0432924 0.371485
0.169523 9.9973E-05 0.122402 9.9973E-05 9.9973E-05 0.0617114 0.0200716 0.625992
0.310664 0.0977492 0.100938 0.0235863 0.0857513 9.9982E-05 9.9982E-05 0.381111
0.219752 0.0291222 0.122874 0.0898006 0.235701 0.298524 0.00412617 9.9991E-05
0.513945 9.9973E-05 9.9973E-05 9.9973E-05 0.139571 0.199293 0.0443378 0.102553
0.36493 9.9982E-05 0.19732 0.0782861 0.0444724 9.9982E-05 0.0326153 0.282176
0.59272 9.9991E-05 0.0256877 0.0065982 0.142497 0.174921 0.0389147 0.0185609
0.520403 0.027003 0.112903 9.9982E-05 0.108835 0.222992 0.00766359 9.9982E-05
0.367264 0.128829 0.197765 0.0191429 0.000784808 0.0559778 0.0462362 0.184001
0.362268 0.0106649 0.201114 9.9982E-05 0.0168985 0.140182 9.9982E-05 0.268673
0.533621 0.0351591 0.00135373 0.052669 0.0791323 0.107832 0.100675 0.0895573
0.292089 0.0114326 0.163549 9.9982E-05 0.0668078 0.054691 9.9982E-05 0.411231
0.345041 0.0101113 0.0870794 9.9991E-05 0.0788374 0.0143873 0.00106259 0.463381
0.155174 9.9973E-05 0.163503 9.9973E-05 9.9973E-05 0.063688 0.0279999 0.589335
0.599815 9.9982E-05 0.0986284 0.0759061 9.9982E-05 0.203579 0.0140827 0.00778886
0.502915 0.028914 0.0808204 9.9982E-05 0.114609 0.248067 0.0244743 9.9982E-05
0.21645 9.9973E-05 0.0165531 0.0305381 9.9973E-05 0.685922 0.0502375 9.9973E-05
0.630555 0.0363664 0.162785 9.9982E-05 9.9982E-05 0.141031 0.0221422 0.00692031
0.305657 0.165714 0.108641 0.138757 0.0404429 0.121378 0.0350032 0.084407
0.371011 0.154054 0.245524 9.9982E-05 9.9982E-05 0.0351843 0.00895824 0.185068
0.458892 0.0991288 0.0785621 0.101066 0.0630942 0.0992052 0.0396236 0.0604284
9.9955E-05 9.9955E-05 0.304642 9.9955E-05 9.9955E-05 0.521779 9.9955E-05 0.17308
9.9964E-05 9.9964E-05 0.218554 9.9964E-05 9.9964E-05 0.628044 0.0339132 0.119089
0.33073 0.0381678 0.148923 0.0182471 0.0414945 0.278632 0.0571098 0.0866961
