9.9991E-05 0.92735 0.0725502
0.0223199 0.972845 0.00483534
9.999E-05 0.789742 0.210158
0.00929882 0.818902 0.171799
9.9991E-05 0.859074 0.140826
0.205598 0.676752 0.11765
0.0639359 0.865142 0.0709218
0.119938 0.802523 0.0775391
0.0713797 0.92852 9.9991E-05
0.0760944 0.739616 0.18429
0.149347 0.830078 0.0205742
0.768438 0.0651889 0.166373
0.590245 0.080967 0.328788
0.73304 0.119349 0.147611
0.555334 0.149785 0.29488
0.577743 0.150103 0.272154
0.584629 0.00353838 0.411833
0.618391 0.0690861 0.312523
0.594236 0.200489 0.205274
0.768233 0.231667 9.9991E-05
0.631431 0.110557 0.258013
0.595788 0.0432433 0.360969
0.6404 0.0235958 0.336004
0.70145 0.125758 0.172792
0.465866 0.0600956 0.474039
0.639056 9.9991E-05 0.360844
0.707984 0.162106 0.12991
0.601341 0.163845 0.234814
0.784436 0.125908 0.0896562
9.9991E-05 0.790086 0.209814
9.9991E-05 0.799519 0.200381
9.9991E-05 0.801517 0.198383
0.0369267 0.745721 0.217352
0.653725 0.0285061 0.317768
0.609781 0.0432526 0.346966
0.731455 9.9991E-05 0.268445
0.731121 0.252482 0.0163977
0.781336 0.0325985 0.186066
0.617466 0.0321939 0.35034
0.484994 9.9991E-05 0.514906
0.591399 0.0763612 0.33224
0.484927 0.073923 0.44115
0.885332 0.0549484 0.0597193
0.569091 9.9991E-05 0.430809
0.618085 9.9991E-05 0.381815
0.524735 0.0195253 0.45574
0.832707 9.9991E-05 0.167193
0.558284 9.9991E-05 0.441616
0.568366 0.0431139 0.38852
0.819972 0.179928 9.9991E-05
0.882566 0.100036 0.0173983
0.819518 0.175465 0.00501705
0.586826 0.0277796 0.385395
0.490337 0.0305141 0.479149
0.57966 0.0264416 0.393898
0.767191 0.183363 0.0494463
0.641904 9.9991E-05 0.357996
0.570684 0.0389586 0.390357
0.684051 0.150159 0.16579
0.597227 0.331467 0.0713053
0.593839 0.0134834 0.392678
0.617093 0.0561339 0.326773
0.82244 0.17746 9.9991E-05
0.706961 9.9991E-05 0.292939
0.57278 9.9991E-05 0.42712
0.542619 0.0984017 0.358979
0.732605 0.1168 0.150595
0.720489 0.00499485 0.274516
0.583159 9.9991E-05 0.416741
0.846635 0.116781 0.0365848
0.747705 9.9991E-05 0.252195
0.871823 9.9991E-05 0.128077
0.611493 0.0746982 0.313809
0.967059 0.0328412 9.9991E-05
0.976292 0.0236081 9.9991E-05
0.865313 9.9991E-05 0.134587
0.781043 9.9991E-05 0.218857
0.50739 0.0972129 0.395397
0.777445 9.9991E-05 0.222455
0.84419 0.0857956 0.0700147
0.806332 0.0684454 0.125222
0.639315 0.000677167 0.360008
0.799327 0.00861649 0.192056
0.763067 0.0153366 0.221596
0.868339 9.9991E-05 0.131561
0.946461 0.0534394 9.9991E-05
0.64531 9.9991E-05 0.35459
0.0270054 0.830529 0.142466
9.9991E-05 0.87438 0.12552
9.9991E-05 0.830764 0.169136
9.9991E-05 0.892865 0.107035
9.9991E-05 0.868015 0.131885
9.9991E-05 0.885556 0.114344
9.9991E-05 0.894867 0.105033
0.52573 0.0850218 0.389248
0.559304 0.0387319 0.401964
0.950269 0.0496314 9.9991E-05
0.544142 0.0505808 0.405278
0.742391 9.9991E-05 0.257509
0.628658 9.9991E-05 0.371242
0.654109 0.00512803 0.340763
0.628372 9.9991E-05 0.371528
0.886449 0.113451 9.9991E-05
0.532606 0.134227 0.333167
0.596539 9.9991E-05 0.403361
0.620649 0.050583 0.328768
0.827589 9.9991E-05 0.172311
0.695454 9.9991E-05 0.304446
0.70304 0.00149189 0.295468
0.796014 9.9991E-05 0.203886
0.700468 0.0564642 0.243067
0.553035 0.12576 0.321204
0.765402 0.140142 0.0944563
0.601816 0.118343 0.279841
0.531193 0.0331209 0.435686
0.603265 0.0508227 0.345913
0.702556 0.111948 0.185496
0.62365 9.9991E-05 0.37625
0.703348 0.036469 0.260183
0.586707 0.084185 0.329108
0.596769 9.9991E-05 0.403131
0.626164 0.00627275 0.367564
0.751952 9.9991E-05 0.247948
0.61353 9.9991E-05 0.38637
0.482023 0.0726089 0.445368
0.607585 9.9991E-05 0.392315
0.576895 0.0317026 0.391402
0.577034 9.9991E-05 0.422866
0.593368 0.193412 0.21322
0.55206 0.00574152 0.442199
0.614516 0.0018542 0.38363
0.725952 0.119329 0.154719
0.748763 0.164638 0.0865989
0.671386 9.9991E-05 0.328514
0.913493 0.0385073 0.0479997
0.768342 0.120947 0.110711
0.766705 0.0542198 0.179075
0.806467 0.12295 0.0705831
0.804396 0.0831451 0.112459
0.574795 0.0290751 0.39613
0.548133 0.0866598 0.365207
0.626802 0.0181472 0.35505
0.807254 0.134755 0.0579913
0.548404 0.130849 0.320747
0.622947 0.0307231 0.34633
0.725633 0.274267 9.9991E-05
0.52422 0.0429757 0.432804
0.653833 0.110833 0.235335
0.506306 0.102165 0.391528
0.660683 0.169542 0.169774
0.787151 0.156947 0.0559015
0.750388 0.0565704 0.193042
0.5507 0.107169 0.342131
0.653265 0.143108 0.203627
0.691904 0.233212 0.0748846
0.581079 0.0400788 0.378843
0.853255 9.9991E-05 0.146645
0.733475 9.9991E-05 0.266425
0.509709 0.070764 0.419527
0.226835 0.417061 0.356104
0.0821834 0.774893 0.142924
0.182319 0.686663 0.131018
0.119454 0.505685 0.374861
0.647184 9.9991E-05 0.352716
0.599711 0.0711938 0.329095
0.0775972 9.9991E-05 0.922303
0.294281 0.0729224 0.632797
0.30406 0.0838503 0.61209
0.763071 0.0406011 0.196328
0.599189 0.00711432 0.393697
0.809899 0.0790777 0.111023
0.700398 0.00317507 0.296427
0.671529 0.0523117 0.276159
0.58491 0.0351349 0.379955
0.860627 0.0805829 0.0587901
0.544646 9.9991E-05 0.455254
0.52818 0.0313641 0.440456
9.9991E-05 0.0377187 0.962181
9.9991E-05 0.0545694 0.945331
0.144873 0.0655956 0.789531
0.140079 9.9991E-05 0.859821
9.9991E-05 0.0762637 0.923636
9.9991E-05 0.0566346 0.943265
9.9991E-05 0.0880879 0.911812
0.0104518 0.00494319 0.984605
9.9991E-05 0.0328056 0.967094
9.9991E-05 0.0575327 0.942367
9.9991E-05 0.0815498 0.91835
0.0150088 0.0874007 0.89759
9.9991E-05 0.124071 0.875829
9.9991E-05 0.0796139 0.920286
0.391537 0.0366059 0.571857
0.10595 0.104557 0.789494
0.0163996 0.130988 0.852613
9.9991E-05 0.11792 0.88198
9.9991E-05 0.0590898 0.94081
9.9991E-05 0.0881487 0.911751
9.9991E-05 0.0723264 0.927574
0.192645 0.0607162 0.746639
9.9991E-05 0.129541 0.870359
0.478623 0.492942 0.0284356
0.529109 0.130412 0.340479
0.479861 0.205248 0.31489
0.456474 0.364231 0.179295
0.47719 0.113028 0.409782
0.425531 0.321165 0.253303
0.413178 0.233511 0.353311
0.416724 0.199557 0.383718
0.406569 0.131622 0.46181
0.383774 0.201885 0.414341
0.459239 0.169769 0.370992
0.0817076 0.810237 0.108055
9.9991E-05 0.906102 0.0937979
9.9991E-05 0.960692 0.0392084
9.9991E-05 0.945058 0.0548421
0.00121968 0.882527 0.116253
9.9991E-05 0.885562 0.114338
9.9991E-05 0.852935 0.146966
9.9991E-05 0.900296 0.0996043
9.9991E-05 0.881108 0.118792
9.9991E-05 0.861341 0.138559
0.302208 0.697692 9.9991E-05
0.294993 0.704907 9.9991E-05
0.328699 0.671201 9.9991E-05
0.397194 0.602706 9.9991E-05
0.715385 0.0103222 0.274292
0.727854 9.9991E-05 0.272046
0.609104 9.9991E-05 0.390796
0.808068 0.00753527 0.184397
0.880945 0.118955 9.9991E-05
0.606384 0.0186392 0.374977
0.665089 9.9991E-05 0.334811
0.726431 9.9991E-05 0.273469
0.798021 9.9991E-05 0.201879
0.555449 9.9991E-05 0.444451
0.811406 9.9991E-05 0.188494
0.957761 0.0421386 9.9991E-05
0.634073 0.0827299 0.283197
0.874011 9.9991E-05 0.125889
0.715043 9.9991E-05 0.284857
0.89229 0.10761 9.9991E-05
0.657809 0.342091 9.9991E-05
0.719655 0.280245 9.9991E-05
0.745545 0.254355 9.9991E-05
0.682427 0.317473 9.9991E-05
0.736828 0.263072 9.9991E-05
0.70773 0.291454 0.000816123
9.9991E-05 0.845741 0.154159
0.0248986 0.8677 0.107402
9.9991E-05 0.744652 0.255248
0.00449396 0.795332 0.200174
9.9991E-05 0.807835 0.192065
0.431336 0.568564 9.9991E-05
0.393671 0.606229 9.9991E-05
0.415483 0.584417 9.9991E-05
9.9991E-05 0.810207 0.189693
0.484487 0.515413 9.9991E-05
0.214331 0.19508 0.590589
0.388149 0.0605905 0.55126
0.176997 0.100667 0.722336
0.267489 0.275083 0.457427
0.414783 0.125352 0.459865
0.0935436 0.564907 0.341549
0.769973 0.0117022 0.218325
0.75499 0.0711234 0.173887
0.727307 0.173838 0.0988545
0.734439 9.9991E-05 0.265461
0.895305 0.104595 9.9991E-05
0.571913 0.0996611 0.328426
0.705458 0.0136602 0.280882
0.734894 0.131476 0.13363
0.602761 0.0317832 0.365456
0.908344 0.079036 0.01262
0.750132 0.0287935 0.221074
0.666635 9.9991E-05 0.333265
0.407607 0.139875 0.452518
0.754788 9.9991E-05 0.245112
0.685271 0.0825537 0.232175
0.70919 9.9991E-05 0.29071
0.695513 9.9991E-05 0.304387
0.557201 9.9991E-05 0.442699
0.563261 0.0311538 0.405585
0.608034 0.0462807 0.345685
9.9991E-05 0.758508 0.241392
9.9991E-05 0.863334 0.136566
0.0952508 0.791042 0.113707
0.0709645 0.832353 0.0966827
9.9991E-05 0.86509 0.13481
0.783014 0.155496 0.0614904
0.588621 0.0526338 0.358745
0.376513 0.155244 0.468243
0.56682 9.9991E-05 0.43308
0.629493 0.0902798 0.280227
0.756631 0.0780164 0.165352
0.708259 0.291641 9.9991E-05
0.624726 0.0485506 0.326723
0.735724 0.224598 0.039678
0.64137 0.0933131 0.265317
0.727716 0.272184 9.9991E-05
0.559292 0.0635594 0.377149
0.731967 0.224479 0.0435538
0.681623 0.0684025 0.249974
0.613571 0.1105 0.275929
0.802445 0.112421 0.0851345
0.682842 0.0212649 0.295893
0.597666 0.102543 0.299792
0.843917 0.022297 0.133786
0.605727 0.0443525 0.34992
0.641631 0.0158927 0.342476
0.92598 0.0739203 9.9991E-05
0.839754 0.0743723 0.0858739
0.727096 0.00639405 0.26651
0.887998 0.111902 9.9991E-05
0.779851 0.0257904 0.194358
0.842327 0.157573 9.9991E-05
0.863836 9.9991E-05 0.136064
0.707269 0.0923453 0.200386
0.579501 0.0193372 0.401162
0.866899 0.0393945 0.0937063
0.575471 0.0751709 0.349358
0.619725 0.0439722 0.336303
0.655515 9.9991E-05 0.344385
0.668884 9.9991E-05 0.331016
0.709258 0.0195799 0.271162
0.782402 0.0476357 0.169962
0.653058 0.0868672 0.260074
0.63689 9.9991E-05 0.36301
0.655843 9.9991E-05 0.344057
0.672206 0.072506 0.255288
0.629358 0.00474981 0.365892
0.668118 0.110892 0.22099
0.59849 9.9991E-05 0.40141
0.635666 0.0662564 0.298077
0.525288 0.131372 0.343341
0.304275 0.329429 0.366296
0.418117 0.110456 0.471427
0.385326 0.104475 0.5102
0.509348 0.00676572 0.483886
0.280417 0.153131 0.566451
0.754669 9.9991E-05 0.245231
0.38325 0.179228 0.437521
0.456804 0.407967 0.135229
0.429785 0.137146 0.433069
0.42493 0.0864717 0.488598
0.451979 0.0277204 0.520301
0.435574 0.228348 0.336078
0.416914 0.158842 0.424244
0.344143 0.0776363 0.57822
0.151327 0.659082 0.189591
0.326635 0.129865 0.5435
0.298948 0.133332 0.567719
0.550793 0.0198815 0.429325
0.305445 0.151887 0.542667
0.386969 0.143906 0.469125
0.680008 0.0371087 0.282884
0.581437 0.0396177 0.378946
0.977706 0.0221941 9.9991E-05
0.919767 0.0801329 9.9991E-05
0.599058 9.9991E-05 0.400843
0.315014 0.133275 0.55171
0.301073 0.15051 0.548417
0.293895 0.307467 0.398638
0.30137 0.227788 0.470841
0.675309 0.191565 0.133127
0.599894 0.184745 0.215361
0.560194 9.9991E-05 0.439706
0.559008 0.025662 0.41533
0.605729 0.129784 0.264486
0.611002 0.00301056 0.385987
0.520552 0.00186867 0.477579
0.531704 0.0515836 0.416712
0.906889 0.0320643 0.0610468
0.769492 0.0184399 0.212068
0.623923 9.9991E-05 0.375977
0.697964 0.0568704 0.245166
0.567242 0.0749977 0.35776
0.704702 9.9991E-05 0.295198
0.885741 0.0184982 0.0957603
0.680416 9.9991E-05 0.319484
0.85367 0.0281297 0.118201
0.742318 0.0121518 0.24553
0.615319 9.9991E-05 0.384581
0.644096 0.0524617 0.303442
0.367076 0.144113 0.48881
0.533151 0.0934934 0.373356
0.31748 0.216302 0.466218
0.394783 0.216995 0.388222
0.460245 0.104063 0.435692
0.399483 0.184859 0.415658
0.578425 0.33292 0.0886554
0.372136 0.0501792 0.577685
0.264188 0.5731 0.162712
0.404725 0.0424573 0.552818
0.974333 0.0255669 9.9991E-05
0.90508 0.0948202 9.9991E-05
0.714671 9.9991E-05 0.285229
0.627398 9.9991E-05 0.372502
0.7717 9.9991E-05 0.2282
0.666235 9.9991E-05 0.333665
0.666743 9.9991E-05 0.333157
0.0322747 0.833298 0.134428
0.0931779 0.789143 0.117679
9.9991E-05 0.895086 0.104814
9.9991E-05 0.894482 0.105418
0.703687 0.0187474 0.277566
0.653261 0.0598536 0.286885
0.722467 9.9991E-05 0.277433
0.578327 0.0277927 0.39388
0.624416 0.0619933 0.313591
0.832363 0.0378448 0.129793
0.627289 9.9991E-05 0.372611
0.842134 0.00514672 0.152719
0.311165 0.226644 0.462191
0.724536 9.9991E-05 0.275364
0.833213 9.9991E-05 0.166687
0.689835 9.9991E-05 0.310065
0.756486 9.9991E-05 0.243414
0.670884 9.9991E-05 0.329016
0.581488 0.0246679 0.393844
0.999591 9.9991E-05 0.000308548
0.854595 0.0291949 0.116211
0.847697 9.9991E-05 0.152203
0.9998 9.999E-05 9.999E-05
0.777116 9.9991E-05 0.222784
0.932569 0.0497257 0.0177051
0.921833 0.0780669 9.9991E-05
0.640957 9.9991E-05 0.358943
0.904625 0.0160349 0.0793398
0.768375 9.9991E-05 0.231525
0.468608 0.0442438 0.487148
0.70773 9.9991E-05 0.29217
0.752644 9.9991E-05 0.247256
0.665315 9.9991E-05 0.334585
0.727937 9.9991E-05 0.271963
0.865283 9.9991E-05 0.134617
0.670939 0.0264223 0.302639
0.239233 0.738576 0.0221915
0.138892 0.78937 0.0717377
0.0962545 0.903646 9.9991E-05
0.120193 0.879707 9.9991E-05
0.16635 0.819108 0.0145421
0.873825 0.0645501 0.0616247
0.89461 0.0932672 0.0121229
0.908617 9.9991E-05 0.0912832
0.479625 0.169566 0.350809
0.515204 0.0740182 0.410777
0.759655 0.0671109 0.173234
0.621559 9.9991E-05 0.378341
0.746091 9.9991E-05 0.253809
0.668572 9.9991E-05 0.331328
0.645012 9.9991E-05 0.354888
0.833357 0.026617 0.140026
0.813065 9.9991E-05 0.186835
0.850902 9.9991E-05 0.148998
0.55313 0.0548716 0.391998
0.768301 9.9991E-05 0.231599
0.730001 0.00954815 0.260451
0.265461 0.100523 0.634015
0.202164 0.0924852 0.705351
0.18802 0.139263 0.672717
0.104356 0.166045 0.729599
0.27362 0.0910234 0.635357
0.664526 0.00664537 0.328829
9.9991E-05 0.350752 0.649148
0.168495 0.155377 0.676128
0.426808 0.0951259 0.478066
0.516107 0.109734 0.374159
0.646279 0.127891 0.22583
0.520813 0.0593636 0.419824
0.561596 0.0225445 0.415859
0.0136022 0.232377 0.754021
0.227837 0.146737 0.625425
0.17527 0.0917428 0.732987
0.259082 0.155961 0.584957
0.13721 0.143472 0.719318
0.317915 0.102104 0.579981
0.0467225 0.211124 0.742153
0.285272 0.094884 0.619844
0.615053 0.0452173 0.33973
0.15119 0.237313 0.611497
9.9991E-05 0.243578 0.756322
0.298172 0.168364 0.533465
0.703484 0.243883 0.0526327
0.553853 9.9991E-05 0.446047
0.274544 0.207704 0.517752
0.566934 0.0432218 0.389844
0.568107 0.157598 0.274295
0.274994 0.235153 0.489853
0.289623 0.194862 0.515515
0.423903 0.0615464 0.51455
0.225512 0.154497 0.61999
0.169899 0.110587 0.719514
0.0272787 0.25747 0.715251
0.554193 0.0625335 0.383274
0.61718 0.132262 0.250558
0.672894 0.207228 0.119877
0.539492 0.0541438 0.406364
0.708199 0.129772 0.162029
0.371593 0.180356 0.448052
0.523302 0.178781 0.297917
0.281987 0.508852 0.20916
0.36558 0.490628 0.143792
0.426271 0.214356 0.359373
0.289721 0.458752 0.251527
0.141545 0.574077 0.284378
0.489404 0.15536 0.355235
0.361633 0.263467 0.3749
0.343926 0.356761 0.299312
0.344145 0.410669 0.245186
0.447375 0.122665 0.42996
0.437427 0.353001 0.209572
0.298763 0.639847 0.06139
0.467148 0.129139 0.403713
0.33642 0.206722 0.456857
0.261075 0.274267 0.464658
0.189678 0.168668 0.641654
0.3375 0.136607 0.525893
0.249012 0.140648 0.61034
0.191979 0.35813 0.449891
0.359684 0.1669 0.473417
0.26476 0.169871 0.56537
0.292429 0.230103 0.477468
0.5173 0.244331 0.238369
0.375108 0.138641 0.48625
0.408331 0.0983028 0.493366
0.44555 0.0213462 0.533104
0.21952 0.26722 0.51326
0.345969 0.159484 0.494547
0.258105 0.408708 0.333187
0.288128 0.157016 0.554856
0.204519 0.345943 0.449538
0.138403 0.84895 0.0126467
0.717202 0.282698 9.9991E-05
0.741998 0.257902 9.9991E-05
0.752373 0.247527 9.9991E-05
0.814118 0.185782 9.9991E-05
0.755126 0.244774 9.9991E-05
0.792053 0.207847 9.9991E-05
0.713643 0.286257 9.9991E-05
0.571922 0.427978 9.9991E-05
9.9991E-05 0.889443 0.110457
0.0369389 0.809706 0.153355
0.0015733 0.856437 0.141989
0.0777564 0.872753 0.0494908
9.9991E-05 0.888915 0.110985
0.0204341 0.934527 0.0450391
0.019482 0.761354 0.219164
9.9991E-05 0.862138 0.137762
0.145314 0.717376 0.137309
9.9991E-05 0.906184 0.0937156
9.9991E-05 0.955262 0.0446375
9.9991E-05 0.85043 0.14947
9.9991E-05 0.960672 0.0392284
9.9991E-05 0.901881 0.0980187
9.9991E-05 0.843045 0.156855
9.9991E-05 0.813697 0.186203
9.9991E-05 0.724658 0.275242
9.9991E-05 0.743637 0.256263
9.9991E-05 0.774358 0.225542
0.563016 0.16663 0.270355
0.620456 0.031462 0.348082
0.550607 0.0980935 0.3513
0.746631 0.197135 0.0562347
0.598281 0.0899464 0.311773
0.661337 0.304613 0.0340501
0.497839 0.0435629 0.458598
0.701597 0.0968135 0.201589
0.629025 0.0598272 0.311148
0.688605 0.0125496 0.298845
0.663516 0.0778586 0.258625
0.593731 0.0167486 0.38952
0.55226 0.0634107 0.38433
0.859572 0.140328 9.9991E-05
0.816326 0.183574 9.9991E-05
0.751808 0.181571 0.0666213
0.56954 0.0348033 0.395656
0.565623 0.118683 0.315694
0.595054 0.0848114 0.320135
0.573926 9.9991E-05 0.425974
0.425945 0.129238 0.444817
0.351562 0.0791344 0.569304
0.275708 0.503677 0.220616
0.480013 0.132964 0.387023
0.394274 0.200048 0.405678
0.257693 0.559345 0.182962
0.273577 0.274057 0.452367
0.299438 0.342365 0.358197
0.368755 0.297425 0.33382
0.422654 0.107644 0.469702
0.325361 0.177984 0.496655
0.435965 0.0520082 0.512027
0.387515 0.160379 0.452106
0.201121 0.449822 0.349057
